-1
4
9.053 846.998
29.888 846.998
29.888 852.838
9.053 852.838
-1
4
17.176 848.195
22.745 848.195
22.745 848.422
17.176 848.422
-1
4
17.176 848.582
22.745 848.582
22.745 848.805
17.176 848.805
-1
4
17.176 848.969
22.745 848.969
22.745 849.191
17.176 849.191
-1
4
17.176 849.352
23.21 849.352
23.21 849.578
17.176 849.578
-1
4
17.176 849.738
23.21 849.738
23.21 849.961
17.176 849.961
-1
4
17.176 850.125
23.21 850.125
23.21 850.348
17.176 850.348
-1
4
17.176 850.508
22.745 850.508
22.745 850.734
17.176 850.734
-1
4
17.176 850.895
22.745 850.895
22.745 851.117
17.176 851.117
-1
4
17.176 851.281
22.745 851.281
22.745 851.504
17.176 851.504
-1
4
17.176 851.664
22.745 851.664
22.745 851.891
17.176 851.891
