-1
4
9.053 846.998
29.888 846.998
29.888 852.838
9.053 852.838
-1
4
16.196 848.004
21.766 848.004
21.766 848.227
16.196 848.227
-1
4
16.196 848.391
21.766 848.391
21.766 848.613
16.196 848.613
-1
4
16.196 848.773
21.766 848.773
21.766 849
16.196 849
-1
4
16.196 849.16
21.766 849.16
21.766 849.383
16.196 849.383
-1
4
15.731 849.547
21.766 849.547
21.766 849.77
15.731 849.77
-1
4
15.731 849.93
21.766 849.93
21.766 850.156
15.731 850.156
-1
4
15.731 850.316
21.766 850.316
21.766 850.539
15.731 850.539
-1
4
16.196 850.703
21.766 850.703
21.766 850.926
16.196 850.926
-1
4
16.196 851.086
21.766 851.086
21.766 851.313
16.196 851.313
-1
4
16.196 851.473
21.766 851.473
21.766 851.695
16.196 851.695
