-1
14
2270.25 45310.9
3269.75 45310.9
3269.75 41311.4
2270.25 41311.4
2270.25 43061.4
769.75 43061.4
769.75 40061.4
1019.75 40061.4
1019.75 39061.8
20.25 39061.8
20.25 40061.4
270.25 40061.4
270.25 43560.9
2270.25 43560.9
-1
4
2570.1 41311.4
6269.25 41311.4
6269.25 41385.9
2570.1 41385.9
-1
4
2570.1 41471.4
6269.25 41471.4
6269.25 41545.9
2570.1 41545.9
-1
4
2570.1 41631.4
6269.25 41631.4
6269.25 41705.9
2570.1 41705.9
-1
4
2570.1 41791.4
6269.25 41791.4
6269.25 41865.9
2570.1 41865.9
-1
4
2570.1 41951.4
6269.25 41951.4
6269.25 42025.9
2570.1 42025.9
-1
4
2570.1 42111.4
6269.25 42111.4
6269.25 42185.9
2570.1 42185.9
-1
4
2570.1 42271.4
6269.25 42271.4
6269.25 42345.9
2570.1 42345.9
-1
4
2570.1 42431.4
6269.25 42431.4
6269.25 42505.9
2570.1 42505.9
-1
4
2570.1 42591.4
6269.25 42591.4
6269.25 42665.9
2570.1 42665.9
-1
4
2570.1 42751.4
6269.25 42751.4
6269.25 42825.9
2570.1 42825.9
-1
4
2570.1 42911.4
6269.25 42911.4
6269.25 42985.9
2570.1 42985.9
-1
4
2669.85 43071.4
6269.25 43071.4
6269.25 43145.9
2669.85 43145.9
-1
4
2669.85 43231.4
6269.25 43231.4
6269.25 43305.9
2669.85 43305.9
-1
4
2669.85 43391.4
6269.25 43391.4
6269.25 43465.9
2669.85 43465.9
-1
4
2570.1 43551.4
6269.25 43551.4
6269.25 43625.9
2570.1 43625.9
-1
4
2570.1 43711.4
6269.25 43711.4
6269.25 43785.9
2570.1 43785.9
-1
4
2570.1 43871.4
6269.25 43871.4
6269.25 43945.9
2570.1 43945.9
-1
4
2570.1 44031.4
6269.25 44031.4
6269.25 44105.9
2570.1 44105.9
-1
4
2570.1 44191.4
6269.25 44191.4
6269.25 44265.9
2570.1 44265.9
-1
4
2570.1 44351.4
6269.25 44351.4
6269.25 44425.9
2570.1 44425.9
-1
4
2570.1 44511.4
6269.25 44511.4
6269.25 44585.9
2570.1 44585.9
-1
4
2570.1 44671.4
6269.25 44671.4
6269.25 44745.9
2570.1 44745.9
-1
4
2570.1 44831.4
6269.25 44831.4
6269.25 44905.9
2570.1 44905.9
-1
4
2570.1 44991.4
6269.25 44991.4
6269.25 45065.9
2570.1 45065.9
-1
4
2570.1 45151.4
6269.25 45151.4
6269.25 45225.9
2570.1 45225.9
-1
14
8524.25 47555
9523.75 47555
9523.75 46555.4
9273.75 46555.4
9273.75 43055.9
7273.75 43055.9
7273.75 41305.9
6274.25 41305.9
6274.25 45305.4
7273.75 45305.4
7273.75 43555.4
8774.25 43555.4
8774.25 46555.4
8524.25 46555.4
-1
4
3274.75 41390.9
6973.9 41390.9
6973.9 41465.4
3274.75 41465.4
-1
4
3274.75 41550.9
6973.9 41550.9
6973.9 41625.4
3274.75 41625.4
-1
4
3274.75 41710.9
6973.9 41710.9
6973.9 41785.4
3274.75 41785.4
-1
4
3274.75 41870.9
6973.9 41870.9
6973.9 41945.4
3274.75 41945.4
-1
4
3274.75 42030.9
6973.9 42030.9
6973.9 42105.4
3274.75 42105.4
-1
4
3274.75 42190.9
6973.9 42190.9
6973.9 42265.4
3274.75 42265.4
-1
4
3274.75 42350.9
6973.9 42350.9
6973.9 42425.4
3274.75 42425.4
-1
4
3274.75 42510.9
6973.9 42510.9
6973.9 42585.4
3274.75 42585.4
-1
4
3274.75 42670.9
6973.9 42670.9
6973.9 42745.4
3274.75 42745.4
-1
4
3274.75 42830.9
6973.9 42830.9
6973.9 42905.4
3274.75 42905.4
-1
4
3274.75 42990.9
6973.9 42990.9
6973.9 43065.4
3274.75 43065.4
-1
4
3274.75 43150.9
6874.15 43150.9
6874.15 43225.4
3274.75 43225.4
-1
4
3274.75 43310.9
6874.15 43310.9
6874.15 43385.4
3274.75 43385.4
-1
4
3274.75 43470.9
6874.15 43470.9
6874.15 43545.4
3274.75 43545.4
-1
4
3274.75 43630.9
6973.9 43630.9
6973.9 43705.4
3274.75 43705.4
-1
4
3274.75 43790.9
6973.9 43790.9
6973.9 43865.4
3274.75 43865.4
-1
4
3274.75 43950.9
6973.9 43950.9
6973.9 44025.4
3274.75 44025.4
-1
4
3274.75 44110.9
6973.9 44110.9
6973.9 44185.4
3274.75 44185.4
-1
4
3274.75 44270.9
6973.9 44270.9
6973.9 44345.4
3274.75 44345.4
-1
4
3274.75 44430.9
6973.9 44430.9
6973.9 44505.4
3274.75 44505.4
-1
4
3274.75 44590.9
6973.9 44590.9
6973.9 44665.4
3274.75 44665.4
-1
4
3274.75 44750.9
6973.9 44750.9
6973.9 44825.4
3274.75 44825.4
-1
4
3274.75 44910.9
6973.9 44910.9
6973.9 44985.4
3274.75 44985.4
-1
4
3274.75 45070.9
6973.9 45070.9
6973.9 45145.4
3274.75 45145.4
-1
4
3274.75 45230.9
6973.9 45230.9
6973.9 45305.4
3274.75 45305.4
