-1
4
-454.925 38586.6
9998.92 38586.6
9998.92 48030.2
-454.925 48030.2
-1
14
2270.25 45310.9
3269.75 45310.9
3269.75 41311.4
2270.25 41311.4
2270.25 43061.4
769.75 43061.4
769.75 40061.4
1019.75 40061.4
1019.75 39061.8
20.25 39061.8
20.25 40061.4
270.25 40061.4
270.25 43560.9
2270.25 43560.9
-1
14
8524.25 47555
9523.75 47555
9523.75 46555.4
9273.75 46555.4
9273.75 43055.9
7273.75 43055.9
7273.75 41305.9
6274.25 41305.9
6274.25 45305.4
7273.75 45305.4
7273.75 43555.4
8774.25 43555.4
8774.25 46555.4
8524.25 46555.4
