-1
4
-464.925 16079.5
9988.92 16079.5
9988.92 25523.1
-464.925 25523.1
-1
4
3264.75 18883.8
6963.9 18883.8
6963.9 18958.3
3264.75 18958.3
-1
4
3264.75 19043.8
6963.9 19043.8
6963.9 19118.3
3264.75 19118.3
-1
4
3264.75 19203.8
6963.9 19203.8
6963.9 19278.3
3264.75 19278.3
-1
4
3264.75 19363.8
6963.9 19363.8
6963.9 19438.3
3264.75 19438.3
-1
4
3264.75 19523.8
6963.9 19523.8
6963.9 19598.3
3264.75 19598.3
-1
4
3264.75 19683.8
6963.9 19683.8
6963.9 19758.3
3264.75 19758.3
-1
4
3264.75 19843.8
6963.9 19843.8
6963.9 19918.3
3264.75 19918.3
-1
4
3264.75 20003.8
6963.9 20003.8
6963.9 20078.3
3264.75 20078.3
-1
4
3264.75 20163.8
6963.9 20163.8
6963.9 20238.3
3264.75 20238.3
-1
4
3264.75 20323.8
6963.9 20323.8
6963.9 20398.3
3264.75 20398.3
-1
4
3264.75 20483.8
6963.9 20483.8
6963.9 20558.3
3264.75 20558.3
-1
4
3264.75 20643.8
6864.15 20643.8
6864.15 20718.3
3264.75 20718.3
-1
4
3264.75 20803.8
6864.15 20803.8
6864.15 20878.3
3264.75 20878.3
-1
4
3264.75 20963.8
6864.15 20963.8
6864.15 21038.3
3264.75 21038.3
-1
4
3264.75 21123.8
6963.9 21123.8
6963.9 21198.3
3264.75 21198.3
-1
4
3264.75 21283.8
6963.9 21283.8
6963.9 21358.3
3264.75 21358.3
-1
4
3264.75 21443.8
6963.9 21443.8
6963.9 21518.3
3264.75 21518.3
-1
4
3264.75 21603.8
6963.9 21603.8
6963.9 21678.3
3264.75 21678.3
-1
4
3264.75 21763.8
6963.9 21763.8
6963.9 21838.3
3264.75 21838.3
-1
4
3264.75 21923.8
6963.9 21923.8
6963.9 21998.3
3264.75 21998.3
-1
4
3264.75 22083.8
6963.9 22083.8
6963.9 22158.3
3264.75 22158.3
-1
4
3264.75 22243.8
6963.9 22243.8
6963.9 22318.3
3264.75 22318.3
-1
4
3264.75 22403.8
6963.9 22403.8
6963.9 22478.3
3264.75 22478.3
-1
4
3264.75 22563.8
6963.9 22563.8
6963.9 22638.3
3264.75 22638.3
-1
4
3264.75 22723.8
6963.9 22723.8
6963.9 22798.3
3264.75 22798.3
