-1
14
2260.25 22803.8
3259.75 22803.8
3259.75 18804.3
2260.25 18804.3
2260.25 20554.3
759.75 20554.3
759.75 17554.3
1009.75 17554.3
1009.75 16554.7
10.25 16554.7
10.25 17554.3
260.25 17554.3
260.25 21053.8
2260.25 21053.8
-1
4
2560.1 18804.3
6259.25 18804.3
6259.25 18878.8
2560.1 18878.8
-1
4
2560.1 18964.3
6259.25 18964.3
6259.25 19038.8
2560.1 19038.8
-1
4
2560.1 19124.3
6259.25 19124.3
6259.25 19198.8
2560.1 19198.8
-1
4
2560.1 19284.3
6259.25 19284.3
6259.25 19358.8
2560.1 19358.8
-1
4
2560.1 19444.3
6259.25 19444.3
6259.25 19518.8
2560.1 19518.8
-1
4
2560.1 19604.3
6259.25 19604.3
6259.25 19678.8
2560.1 19678.8
-1
4
2560.1 19764.3
6259.25 19764.3
6259.25 19838.8
2560.1 19838.8
-1
4
2560.1 19924.3
6259.25 19924.3
6259.25 19998.8
2560.1 19998.8
-1
4
2560.1 20084.3
6259.25 20084.3
6259.25 20158.8
2560.1 20158.8
-1
4
2560.1 20244.3
6259.25 20244.3
6259.25 20318.8
2560.1 20318.8
-1
4
2560.1 20404.3
6259.25 20404.3
6259.25 20478.8
2560.1 20478.8
-1
4
2659.85 20564.3
6259.25 20564.3
6259.25 20638.8
2659.85 20638.8
-1
4
2659.85 20724.3
6259.25 20724.3
6259.25 20798.8
2659.85 20798.8
-1
4
2659.85 20884.3
6259.25 20884.3
6259.25 20958.8
2659.85 20958.8
-1
4
2560.1 21044.3
6259.25 21044.3
6259.25 21118.8
2560.1 21118.8
-1
4
2560.1 21204.3
6259.25 21204.3
6259.25 21278.8
2560.1 21278.8
-1
4
2560.1 21364.3
6259.25 21364.3
6259.25 21438.8
2560.1 21438.8
-1
4
2560.1 21524.3
6259.25 21524.3
6259.25 21598.8
2560.1 21598.8
-1
4
2560.1 21684.3
6259.25 21684.3
6259.25 21758.8
2560.1 21758.8
-1
4
2560.1 21844.3
6259.25 21844.3
6259.25 21918.8
2560.1 21918.8
-1
4
2560.1 22004.3
6259.25 22004.3
6259.25 22078.8
2560.1 22078.8
-1
4
2560.1 22164.3
6259.25 22164.3
6259.25 22238.8
2560.1 22238.8
-1
4
2560.1 22324.3
6259.25 22324.3
6259.25 22398.8
2560.1 22398.8
-1
4
2560.1 22484.3
6259.25 22484.3
6259.25 22558.8
2560.1 22558.8
-1
4
2560.1 22644.3
6259.25 22644.3
6259.25 22718.8
2560.1 22718.8
-1
14
8514.25 25047.9
9513.75 25047.9
9513.75 24048.3
9263.75 24048.3
9263.75 20548.8
7263.75 20548.8
7263.75 18798.8
6264.25 18798.8
6264.25 22798.3
7263.75 22798.3
7263.75 21048.3
8764.25 21048.3
8764.25 24048.3
8514.25 24048.3
-1
4
3264.75 18883.8
6963.9 18883.8
6963.9 18958.3
3264.75 18958.3
-1
4
3264.75 19043.8
6963.9 19043.8
6963.9 19118.3
3264.75 19118.3
-1
4
3264.75 19203.8
6963.9 19203.8
6963.9 19278.3
3264.75 19278.3
-1
4
3264.75 19363.8
6963.9 19363.8
6963.9 19438.3
3264.75 19438.3
-1
4
3264.75 19523.8
6963.9 19523.8
6963.9 19598.3
3264.75 19598.3
-1
4
3264.75 19683.8
6963.9 19683.8
6963.9 19758.3
3264.75 19758.3
-1
4
3264.75 19843.8
6963.9 19843.8
6963.9 19918.3
3264.75 19918.3
-1
4
3264.75 20003.8
6963.9 20003.8
6963.9 20078.3
3264.75 20078.3
-1
4
3264.75 20163.8
6963.9 20163.8
6963.9 20238.3
3264.75 20238.3
-1
4
3264.75 20323.8
6963.9 20323.8
6963.9 20398.3
3264.75 20398.3
-1
4
3264.75 20483.8
6963.9 20483.8
6963.9 20558.3
3264.75 20558.3
-1
4
3264.75 20643.8
6864.15 20643.8
6864.15 20718.3
3264.75 20718.3
-1
4
3264.75 20803.8
6864.15 20803.8
6864.15 20878.3
3264.75 20878.3
-1
4
3264.75 20963.8
6864.15 20963.8
6864.15 21038.3
3264.75 21038.3
-1
4
3264.75 21123.8
6963.9 21123.8
6963.9 21198.3
3264.75 21198.3
-1
4
3264.75 21283.8
6963.9 21283.8
6963.9 21358.3
3264.75 21358.3
-1
4
3264.75 21443.8
6963.9 21443.8
6963.9 21518.3
3264.75 21518.3
-1
4
3264.75 21603.8
6963.9 21603.8
6963.9 21678.3
3264.75 21678.3
-1
4
3264.75 21763.8
6963.9 21763.8
6963.9 21838.3
3264.75 21838.3
-1
4
3264.75 21923.8
6963.9 21923.8
6963.9 21998.3
3264.75 21998.3
-1
4
3264.75 22083.8
6963.9 22083.8
6963.9 22158.3
3264.75 22158.3
-1
4
3264.75 22243.8
6963.9 22243.8
6963.9 22318.3
3264.75 22318.3
-1
4
3264.75 22403.8
6963.9 22403.8
6963.9 22478.3
3264.75 22478.3
-1
4
3264.75 22563.8
6963.9 22563.8
6963.9 22638.3
3264.75 22638.3
-1
4
3264.75 22723.8
6963.9 22723.8
6963.9 22798.3
3264.75 22798.3
