-1
4
-454.925 38586.6
9998.92 38586.6
9998.92 48030.2
-454.925 48030.2
-1
4
3274.75 41390.9
6973.9 41390.9
6973.9 41465.4
3274.75 41465.4
-1
4
3274.75 41550.9
6973.9 41550.9
6973.9 41625.4
3274.75 41625.4
-1
4
3274.75 41710.9
6973.9 41710.9
6973.9 41785.4
3274.75 41785.4
-1
4
3274.75 41870.9
6973.9 41870.9
6973.9 41945.4
3274.75 41945.4
-1
4
3274.75 42030.9
6973.9 42030.9
6973.9 42105.4
3274.75 42105.4
-1
4
3274.75 42190.9
6973.9 42190.9
6973.9 42265.4
3274.75 42265.4
-1
4
3274.75 42350.9
6973.9 42350.9
6973.9 42425.4
3274.75 42425.4
-1
4
3274.75 42510.9
6973.9 42510.9
6973.9 42585.4
3274.75 42585.4
-1
4
3274.75 42670.9
6973.9 42670.9
6973.9 42745.4
3274.75 42745.4
-1
4
3274.75 42830.9
6973.9 42830.9
6973.9 42905.4
3274.75 42905.4
-1
4
3274.75 42990.9
6973.9 42990.9
6973.9 43065.4
3274.75 43065.4
-1
4
3274.75 43150.9
6874.15 43150.9
6874.15 43225.4
3274.75 43225.4
-1
4
3274.75 43310.9
6874.15 43310.9
6874.15 43385.4
3274.75 43385.4
-1
4
3274.75 43470.9
6874.15 43470.9
6874.15 43545.4
3274.75 43545.4
-1
4
3274.75 43630.9
6973.9 43630.9
6973.9 43705.4
3274.75 43705.4
-1
4
3274.75 43790.9
6973.9 43790.9
6973.9 43865.4
3274.75 43865.4
-1
4
3274.75 43950.9
6973.9 43950.9
6973.9 44025.4
3274.75 44025.4
-1
4
3274.75 44110.9
6973.9 44110.9
6973.9 44185.4
3274.75 44185.4
-1
4
3274.75 44270.9
6973.9 44270.9
6973.9 44345.4
3274.75 44345.4
-1
4
3274.75 44430.9
6973.9 44430.9
6973.9 44505.4
3274.75 44505.4
-1
4
3274.75 44590.9
6973.9 44590.9
6973.9 44665.4
3274.75 44665.4
-1
4
3274.75 44750.9
6973.9 44750.9
6973.9 44825.4
3274.75 44825.4
-1
4
3274.75 44910.9
6973.9 44910.9
6973.9 44985.4
3274.75 44985.4
-1
4
3274.75 45070.9
6973.9 45070.9
6973.9 45145.4
3274.75 45145.4
-1
4
3274.75 45230.9
6973.9 45230.9
6973.9 45305.4
3274.75 45305.4
