-1
4
-464.925 16079.5
9988.92 16079.5
9988.92 25523.1
-464.925 25523.1
-1
14
2260.25 22803.8
3259.75 22803.8
3259.75 18804.3
2260.25 18804.3
2260.25 20554.3
759.75 20554.3
759.75 17554.3
1009.75 17554.3
1009.75 16554.7
10.25 16554.7
10.25 17554.3
260.25 17554.3
260.25 21053.8
2260.25 21053.8
-1
14
8514.25 25047.9
9513.75 25047.9
9513.75 24048.3
9263.75 24048.3
9263.75 20548.8
7263.75 20548.8
7263.75 18798.8
6264.25 18798.8
6264.25 22798.3
7263.75 22798.3
7263.75 21048.3
8764.25 21048.3
8764.25 24048.3
8514.25 24048.3
