-1
4
-454.925 38586.6
9998.92 38586.6
9998.92 48030.2
-454.925 48030.2
-1
4
2570.1 41311.4
6269.25 41311.4
6269.25 41385.9
2570.1 41385.9
-1
4
2570.1 41471.4
6269.25 41471.4
6269.25 41545.9
2570.1 41545.9
-1
4
2570.1 41631.4
6269.25 41631.4
6269.25 41705.9
2570.1 41705.9
-1
4
2570.1 41791.4
6269.25 41791.4
6269.25 41865.9
2570.1 41865.9
-1
4
2570.1 41951.4
6269.25 41951.4
6269.25 42025.9
2570.1 42025.9
-1
4
2570.1 42111.4
6269.25 42111.4
6269.25 42185.9
2570.1 42185.9
-1
4
2570.1 42271.4
6269.25 42271.4
6269.25 42345.9
2570.1 42345.9
-1
4
2570.1 42431.4
6269.25 42431.4
6269.25 42505.9
2570.1 42505.9
-1
4
2570.1 42591.4
6269.25 42591.4
6269.25 42665.9
2570.1 42665.9
-1
4
2570.1 42751.4
6269.25 42751.4
6269.25 42825.9
2570.1 42825.9
-1
4
2570.1 42911.4
6269.25 42911.4
6269.25 42985.9
2570.1 42985.9
-1
4
2669.85 43071.4
6269.25 43071.4
6269.25 43145.9
2669.85 43145.9
-1
4
2669.85 43231.4
6269.25 43231.4
6269.25 43305.9
2669.85 43305.9
-1
4
2669.85 43391.4
6269.25 43391.4
6269.25 43465.9
2669.85 43465.9
-1
4
2570.1 43551.4
6269.25 43551.4
6269.25 43625.9
2570.1 43625.9
-1
4
2570.1 43711.4
6269.25 43711.4
6269.25 43785.9
2570.1 43785.9
-1
4
2570.1 43871.4
6269.25 43871.4
6269.25 43945.9
2570.1 43945.9
-1
4
2570.1 44031.4
6269.25 44031.4
6269.25 44105.9
2570.1 44105.9
-1
4
2570.1 44191.4
6269.25 44191.4
6269.25 44265.9
2570.1 44265.9
-1
4
2570.1 44351.4
6269.25 44351.4
6269.25 44425.9
2570.1 44425.9
-1
4
2570.1 44511.4
6269.25 44511.4
6269.25 44585.9
2570.1 44585.9
-1
4
2570.1 44671.4
6269.25 44671.4
6269.25 44745.9
2570.1 44745.9
-1
4
2570.1 44831.4
6269.25 44831.4
6269.25 44905.9
2570.1 44905.9
-1
4
2570.1 44991.4
6269.25 44991.4
6269.25 45065.9
2570.1 45065.9
-1
4
2570.1 45151.4
6269.25 45151.4
6269.25 45225.9
2570.1 45225.9
