-1
4
-464.925 16079.5
9988.92 16079.5
9988.92 25523.1
-464.925 25523.1
-1
4
2560.1 18804.3
6259.25 18804.3
6259.25 18878.8
2560.1 18878.8
-1
4
2560.1 18964.3
6259.25 18964.3
6259.25 19038.8
2560.1 19038.8
-1
4
2560.1 19124.3
6259.25 19124.3
6259.25 19198.8
2560.1 19198.8
-1
4
2560.1 19284.3
6259.25 19284.3
6259.25 19358.8
2560.1 19358.8
-1
4
2560.1 19444.3
6259.25 19444.3
6259.25 19518.8
2560.1 19518.8
-1
4
2560.1 19604.3
6259.25 19604.3
6259.25 19678.8
2560.1 19678.8
-1
4
2560.1 19764.3
6259.25 19764.3
6259.25 19838.8
2560.1 19838.8
-1
4
2560.1 19924.3
6259.25 19924.3
6259.25 19998.8
2560.1 19998.8
-1
4
2560.1 20084.3
6259.25 20084.3
6259.25 20158.8
2560.1 20158.8
-1
4
2560.1 20244.3
6259.25 20244.3
6259.25 20318.8
2560.1 20318.8
-1
4
2560.1 20404.3
6259.25 20404.3
6259.25 20478.8
2560.1 20478.8
-1
4
2659.85 20564.3
6259.25 20564.3
6259.25 20638.8
2659.85 20638.8
-1
4
2659.85 20724.3
6259.25 20724.3
6259.25 20798.8
2659.85 20798.8
-1
4
2659.85 20884.3
6259.25 20884.3
6259.25 20958.8
2659.85 20958.8
-1
4
2560.1 21044.3
6259.25 21044.3
6259.25 21118.8
2560.1 21118.8
-1
4
2560.1 21204.3
6259.25 21204.3
6259.25 21278.8
2560.1 21278.8
-1
4
2560.1 21364.3
6259.25 21364.3
6259.25 21438.8
2560.1 21438.8
-1
4
2560.1 21524.3
6259.25 21524.3
6259.25 21598.8
2560.1 21598.8
-1
4
2560.1 21684.3
6259.25 21684.3
6259.25 21758.8
2560.1 21758.8
-1
4
2560.1 21844.3
6259.25 21844.3
6259.25 21918.8
2560.1 21918.8
-1
4
2560.1 22004.3
6259.25 22004.3
6259.25 22078.8
2560.1 22078.8
-1
4
2560.1 22164.3
6259.25 22164.3
6259.25 22238.8
2560.1 22238.8
-1
4
2560.1 22324.3
6259.25 22324.3
6259.25 22398.8
2560.1 22398.8
-1
4
2560.1 22484.3
6259.25 22484.3
6259.25 22558.8
2560.1 22558.8
-1
4
2560.1 22644.3
6259.25 22644.3
6259.25 22718.8
2560.1 22718.8
