-1
12
15.672 13.953
17.09 13.953
17.09 10.004
15.672 10.004
15.672 11.27
12.84 11.27
12.84 10.563
10.004 10.563
10.004 13.395
12.84 13.395
12.84 12.688
15.672 12.688
-1
4
16.097 10.004
21.363 10.004
21.363 10.184
16.097 10.184
-1
4
16.097 10.402
21.363 10.402
21.363 10.578
16.097 10.578
-1
4
16.097 10.797
21.363 10.797
21.363 10.977
16.097 10.977
-1
4
16.097 11.195
21.363 11.195
21.363 11.375
16.097 11.375
-1
4
15.673 11.59
21.363 11.59
21.363 11.77
15.673 11.77
-1
4
15.673 11.988
21.363 11.988
21.363 12.168
15.673 12.168
-1
4
15.673 12.387
21.363 12.387
21.363 12.563
15.673 12.563
-1
4
16.097 12.781
21.363 12.781
21.363 12.961
16.097 12.961
-1
4
16.097 13.18
21.363 13.18
21.363 13.359
16.097 13.359
-1
4
16.097 13.578
21.363 13.578
21.363 13.754
16.097 13.754
-1
12
21.375 13.953
22.793 13.953
22.793 12.688
25.629 12.688
25.629 13.395
28.461 13.395
28.461 10.563
25.629 10.563
25.629 11.27
22.793 11.27
22.793 10.004
21.375 10.004
-1
4
17.109 10.203
22.368 10.203
22.368 10.383
17.109 10.383
-1
4
17.109 10.602
22.368 10.602
22.368 10.777
17.109 10.777
-1
4
17.109 10.996
22.368 10.996
22.368 11.176
17.109 11.176
-1
4
17.109 11.395
22.792 11.395
22.792 11.574
17.109 11.574
-1
4
17.109 11.789
22.792 11.789
22.792 11.969
17.109 11.969
-1
4
17.109 12.188
22.792 12.188
22.792 12.363
17.109 12.363
-1
4
17.109 12.582
22.368 12.582
22.368 12.762
17.109 12.762
-1
4
17.109 12.98
22.368 12.98
22.368 13.16
17.109 13.16
-1
4
17.109 13.379
22.368 13.379
22.368 13.555
17.109 13.555
-1
4
17.109 13.773
22.368 13.773
22.368 13.953
17.109 13.953
