-1
4
19.081 19.081
39.384 19.081
39.384 24.876
19.081 24.876
-1
4
27.109 20.203
32.368 20.203
32.368 20.383
27.109 20.383
-1
4
27.109 20.602
32.368 20.602
32.368 20.777
27.109 20.777
-1
4
27.109 20.996
32.368 20.996
32.368 21.176
27.109 21.176
-1
4
27.109 21.395
32.792 21.395
32.792 21.574
27.109 21.574
-1
4
27.109 21.789
32.792 21.789
32.792 21.969
27.109 21.969
-1
4
27.109 22.188
32.792 22.188
32.792 22.363
27.109 22.363
-1
4
27.109 22.582
32.368 22.582
32.368 22.762
27.109 22.762
-1
4
27.109 22.98
32.368 22.98
32.368 23.16
27.109 23.16
-1
4
27.109 23.379
32.368 23.379
32.368 23.555
27.109 23.555
-1
4
27.109 23.773
32.368 23.773
32.368 23.953
27.109 23.953
