-1
4
9.081 9.081
29.384 9.081
29.384 14.876
9.081 14.876
-1
4
16.097 10.004
21.363 10.004
21.363 10.184
16.097 10.184
-1
4
16.097 10.402
21.363 10.402
21.363 10.578
16.097 10.578
-1
4
16.097 10.797
21.363 10.797
21.363 10.977
16.097 10.977
-1
4
16.097 11.195
21.363 11.195
21.363 11.375
16.097 11.375
-1
4
15.673 11.59
21.363 11.59
21.363 11.77
15.673 11.77
-1
4
15.673 11.988
21.363 11.988
21.363 12.168
15.673 12.168
-1
4
15.673 12.387
21.363 12.387
21.363 12.563
15.673 12.563
-1
4
16.097 12.781
21.363 12.781
21.363 12.961
16.097 12.961
-1
4
16.097 13.18
21.363 13.18
21.363 13.359
16.097 13.359
-1
4
16.097 13.578
21.363 13.578
21.363 13.754
16.097 13.754
