-1
12
25.672 23.953
27.09 23.953
27.09 20.004
25.672 20.004
25.672 21.27
22.84 21.27
22.84 20.563
20.004 20.563
20.004 23.395
22.84 23.395
22.84 22.688
25.672 22.688
-1
4
26.097 20.004
31.363 20.004
31.363 20.184
26.097 20.184
-1
4
26.097 20.402
31.363 20.402
31.363 20.578
26.097 20.578
-1
4
26.097 20.797
31.363 20.797
31.363 20.977
26.097 20.977
-1
4
26.097 21.195
31.363 21.195
31.363 21.375
26.097 21.375
-1
4
25.673 21.59
31.363 21.59
31.363 21.77
25.673 21.77
-1
4
25.673 21.988
31.363 21.988
31.363 22.168
25.673 22.168
-1
4
25.673 22.387
31.363 22.387
31.363 22.563
25.673 22.563
-1
4
26.097 22.781
31.363 22.781
31.363 22.961
26.097 22.961
-1
4
26.097 23.18
31.363 23.18
31.363 23.359
26.097 23.359
-1
4
26.097 23.578
31.363 23.578
31.363 23.754
26.097 23.754
-1
12
31.375 23.953
32.793 23.953
32.793 22.688
35.629 22.688
35.629 23.395
38.461 23.395
38.461 20.563
35.629 20.563
35.629 21.27
32.793 21.27
32.793 20.004
31.375 20.004
-1
4
27.109 20.203
32.368 20.203
32.368 20.383
27.109 20.383
-1
4
27.109 20.602
32.368 20.602
32.368 20.777
27.109 20.777
-1
4
27.109 20.996
32.368 20.996
32.368 21.176
27.109 21.176
-1
4
27.109 21.395
32.792 21.395
32.792 21.574
27.109 21.574
-1
4
27.109 21.789
32.792 21.789
32.792 21.969
27.109 21.969
-1
4
27.109 22.188
32.792 22.188
32.792 22.363
27.109 22.363
-1
4
27.109 22.582
32.368 22.582
32.368 22.762
27.109 22.762
-1
4
27.109 22.98
32.368 22.98
32.368 23.16
27.109 23.16
-1
4
27.109 23.379
32.368 23.379
32.368 23.555
27.109 23.555
-1
4
27.109 23.773
32.368 23.773
32.368 23.953
27.109 23.953
