-1
4
19.081 19.081
39.384 19.081
39.384 24.876
19.081 24.876
-1
4
26.097 20.004
31.363 20.004
31.363 20.184
26.097 20.184
-1
4
26.097 20.402
31.363 20.402
31.363 20.578
26.097 20.578
-1
4
26.097 20.797
31.363 20.797
31.363 20.977
26.097 20.977
-1
4
26.097 21.195
31.363 21.195
31.363 21.375
26.097 21.375
-1
4
25.673 21.59
31.363 21.59
31.363 21.77
25.673 21.77
-1
4
25.673 21.988
31.363 21.988
31.363 22.168
25.673 22.168
-1
4
25.673 22.387
31.363 22.387
31.363 22.563
25.673 22.563
-1
4
26.097 22.781
31.363 22.781
31.363 22.961
26.097 22.961
-1
4
26.097 23.18
31.363 23.18
31.363 23.359
26.097 23.359
-1
4
26.097 23.578
31.363 23.578
31.363 23.754
26.097 23.754
