-1
12
31.883 24.605
33.383 24.605
33.383 23.027
36.281 23.027
36.281 23.754
39.188 23.754
39.188 20.852
36.281 20.852
36.281 21.578
33.383 21.578
33.383 20
31.883 20
-1
4
27.324 20.273
32.933 20.273
32.933 20.523
27.324 20.523
-1
4
27.324 20.727
32.933 20.727
32.933 20.977
27.324 20.977
-1
4
27.324 21.184
32.933 21.184
32.933 21.43
27.324 21.43
-1
4
27.324 21.633
33.344 21.633
33.344 21.883
27.324 21.883
-1
4
27.324 22.09
33.344 22.09
33.344 22.336
27.324 22.336
-1
4
27.324 22.543
33.344 22.543
33.344 22.793
27.324 22.793
-1
4
27.324 22.996
32.933 22.996
32.933 23.246
27.324 23.246
-1
4
27.324 23.449
32.933 23.449
32.933 23.699
27.324 23.699
-1
4
27.324 23.902
32.933 23.902
32.933 24.152
27.324 24.152
-1
4
27.324 24.355
32.933 24.355
32.933 24.605
27.324 24.605
-1
12
25.805 24.605
27.305 24.605
27.305 20
25.805 20
25.805 21.578
22.906 21.578
22.906 20.852
20 20.852
20 23.754
22.906 23.754
22.906 23.027
25.805 23.027
-1
4
26.255 20.047
31.863 20.047
31.863 20.297
26.255 20.297
-1
4
26.255 20.5
31.863 20.5
31.863 20.75
26.255 20.75
-1
4
26.255 20.953
31.863 20.953
31.863 21.203
26.255 21.203
-1
4
26.255 21.406
31.863 21.406
31.863 21.656
26.255 21.656
-1
4
25.844 21.863
31.863 21.863
31.863 22.109
25.844 22.109
-1
4
25.844 22.316
31.863 22.316
31.863 22.566
25.844 22.566
-1
4
25.844 22.77
31.863 22.77
31.863 23.016
25.844 23.016
-1
4
26.255 23.223
31.863 23.223
31.863 23.473
26.255 23.473
-1
4
26.255 23.676
31.863 23.676
31.863 23.926
26.255 23.926
-1
4
26.255 24.129
31.863 24.129
31.863 24.379
26.255 24.379
