-1
4
19.041 19.041
40.147 19.041
40.147 25.564
19.041 25.564
-1
4
27.324 20.273
32.933 20.273
32.933 20.523
27.324 20.523
-1
4
27.324 20.727
32.933 20.727
32.933 20.977
27.324 20.977
-1
4
27.324 21.184
32.933 21.184
32.933 21.43
27.324 21.43
-1
4
27.324 21.633
33.344 21.633
33.344 21.883
27.324 21.883
-1
4
27.324 22.09
33.344 22.09
33.344 22.336
27.324 22.336
-1
4
27.324 22.543
33.344 22.543
33.344 22.793
27.324 22.793
-1
4
27.324 22.996
32.933 22.996
32.933 23.246
27.324 23.246
-1
4
27.324 23.449
32.933 23.449
32.933 23.699
27.324 23.699
-1
4
27.324 23.902
32.933 23.902
32.933 24.152
27.324 24.152
-1
4
27.324 24.355
32.933 24.355
32.933 24.605
27.324 24.605
