-1
4
19.041 19.041
40.147 19.041
40.147 25.564
19.041 25.564
-1
4
26.255 20.047
31.863 20.047
31.863 20.297
26.255 20.297
-1
4
26.255 20.5
31.863 20.5
31.863 20.75
26.255 20.75
-1
4
26.255 20.953
31.863 20.953
31.863 21.203
26.255 21.203
-1
4
26.255 21.406
31.863 21.406
31.863 21.656
26.255 21.656
-1
4
25.844 21.863
31.863 21.863
31.863 22.109
25.844 22.109
-1
4
25.844 22.316
31.863 22.316
31.863 22.566
25.844 22.566
-1
4
25.844 22.77
31.863 22.77
31.863 23.016
25.844 23.016
-1
4
26.255 23.223
31.863 23.223
31.863 23.473
26.255 23.473
-1
4
26.255 23.676
31.863 23.676
31.863 23.926
26.255 23.926
-1
4
26.255 24.129
31.863 24.129
31.863 24.379
26.255 24.379
