-1
12
15.809 14.211
17.281 14.211
17.281 10.004
15.809 10.004
15.809 11.379
12.906 11.379
12.906 10.656
10.004 10.656
10.004 13.559
12.906 13.559
12.906 12.832
15.809 12.832
-1
4
16.251 10.203
21.828 10.203
21.828 10.441
16.251 10.441
-1
4
16.251 10.598
21.828 10.598
21.828 10.836
16.251 10.836
-1
4
16.251 10.996
21.828 10.996
21.828 11.234
16.251 11.234
-1
4
15.826 11.391
21.828 11.391
21.828 11.633
15.826 11.633
-1
4
15.826 11.789
21.828 11.789
21.828 12.027
15.826 12.027
-1
4
15.826 12.188
21.828 12.188
21.828 12.422
15.826 12.422
-1
4
15.826 12.582
21.828 12.582
21.828 12.82
15.826 12.82
-1
4
16.251 12.98
21.828 12.98
21.828 13.219
16.251 13.219
-1
4
16.251 13.379
21.828 13.379
21.828 13.613
16.251 13.613
-1
4
16.251 13.773
21.828 13.773
21.828 14.012
16.251 14.012
-1
12
21.84 14.211
23.316 14.211
23.316 12.832
26.215 12.832
26.215 13.559
29.121 13.559
29.121 10.656
26.215 10.656
26.215 11.379
23.316 11.379
23.316 10.004
21.84 10.004
-1
4
17.293 10.402
22.873 10.402
22.873 10.637
17.293 10.637
-1
4
17.293 10.797
22.873 10.797
22.873 11.035
17.293 11.035
-1
4
17.293 11.191
22.873 11.191
22.873 11.434
17.293 11.434
-1
4
17.293 11.59
23.296 11.59
23.296 11.828
17.293 11.828
-1
4
17.293 11.988
23.296 11.988
23.296 12.227
17.293 12.227
-1
4
17.293 12.383
23.296 12.383
23.296 12.621
17.293 12.621
-1
4
17.293 12.781
22.873 12.781
22.873 13.02
17.293 13.02
-1
4
17.293 13.18
22.873 13.18
22.873 13.418
17.293 13.418
-1
4
17.293 13.574
22.873 13.574
22.873 13.813
17.293 13.813
-1
4
17.293 13.973
22.873 13.973
22.873 14.211
17.293 14.211
