-1
4
9.048 9.048
30.077 9.048
30.077 15.167
9.048 15.167
-1
4
17.293 10.402
22.873 10.402
22.873 10.637
17.293 10.637
-1
4
17.293 10.797
22.873 10.797
22.873 11.035
17.293 11.035
-1
4
17.293 11.191
22.873 11.191
22.873 11.434
17.293 11.434
-1
4
17.293 11.59
23.296 11.59
23.296 11.828
17.293 11.828
-1
4
17.293 11.988
23.296 11.988
23.296 12.227
17.293 12.227
-1
4
17.293 12.383
23.296 12.383
23.296 12.621
17.293 12.621
-1
4
17.293 12.781
22.873 12.781
22.873 13.02
17.293 13.02
-1
4
17.293 13.18
22.873 13.18
22.873 13.418
17.293 13.418
-1
4
17.293 13.574
22.873 13.574
22.873 13.813
17.293 13.813
-1
4
17.293 13.973
22.873 13.973
22.873 14.211
17.293 14.211
