-1
4
9.048 9.048
30.077 9.048
30.077 15.167
9.048 15.167
-1
4
16.251 10.203
21.828 10.203
21.828 10.441
16.251 10.441
-1
4
16.251 10.598
21.828 10.598
21.828 10.836
16.251 10.836
-1
4
16.251 10.996
21.828 10.996
21.828 11.234
16.251 11.234
-1
4
15.826 11.391
21.828 11.391
21.828 11.633
15.826 11.633
-1
4
15.826 11.789
21.828 11.789
21.828 12.027
15.826 12.027
-1
4
15.826 12.188
21.828 12.188
21.828 12.422
15.826 12.422
-1
4
15.826 12.582
21.828 12.582
21.828 12.82
15.826 12.82
-1
4
16.251 12.98
21.828 12.98
21.828 13.219
16.251 13.219
-1
4
16.251 13.379
21.828 13.379
21.828 13.613
16.251 13.613
-1
4
16.251 13.773
21.828 13.773
21.828 14.012
16.251 14.012
