-1
4
9.048 9.048
30.073 9.048
30.073 15.347
9.048 15.347
-1
4
17.293 10.34
22.868 10.34
22.868 10.563
17.293 10.563
-1
4
17.293 10.766
22.868 10.766
22.868 10.988
17.293 10.988
-1
4
17.293 11.191
22.868 11.191
22.868 11.414
17.293 11.414
-1
4
17.293 11.613
23.295 11.613
23.295 11.84
17.293 11.84
-1
4
17.293 12.043
23.295 12.043
23.295 12.266
17.293 12.266
-1
4
17.293 12.465
23.295 12.465
23.295 12.688
17.293 12.688
-1
4
17.293 12.891
22.868 12.891
22.868 13.113
17.293 13.113
-1
4
17.293 13.316
22.868 13.316
22.868 13.539
17.293 13.539
-1
4
17.293 13.742
22.868 13.742
22.868 13.965
17.293 13.965
-1
4
17.293 14.168
22.868 14.168
22.868 14.391
17.293 14.391
