-1
4
9.048 9.048
30.073 9.048
30.073 14.983
9.048 14.983
-1
4
16.251 10.035
21.828 10.035
21.828 10.258
16.251 10.258
-1
4
16.251 10.43
21.828 10.43
21.828 10.652
16.251 10.652
-1
4
16.251 10.828
21.828 10.828
21.828 11.051
16.251 11.051
-1
4
16.251 11.223
21.828 11.223
21.828 11.445
16.251 11.445
-1
4
15.826 11.621
21.828 11.621
21.828 11.844
15.826 11.844
-1
4
15.826 12.02
21.828 12.02
21.828 12.242
15.826 12.242
-1
4
15.826 12.414
21.828 12.414
21.828 12.637
15.826 12.637
-1
4
16.251 12.813
21.828 12.813
21.828 13.035
16.251 13.035
-1
4
16.251 13.207
21.828 13.207
21.828 13.43
16.251 13.43
-1
4
16.251 13.605
21.828 13.605
21.828 13.828
16.251 13.828
