-1
4
9.048 9.048
30.073 9.048
30.073 14.983
9.048 14.983
-1
4
17.293 10.23
22.868 10.23
22.868 10.453
17.293 10.453
-1
4
17.293 10.629
22.868 10.629
22.868 10.852
17.293 10.852
-1
4
17.293 11.027
22.868 11.027
22.868 11.25
17.293 11.25
-1
4
17.293 11.422
23.295 11.422
23.295 11.645
17.293 11.645
-1
4
17.293 11.82
23.295 11.82
23.295 12.043
17.293 12.043
-1
4
17.293 12.215
23.295 12.215
23.295 12.441
17.293 12.441
-1
4
17.293 12.613
22.868 12.613
22.868 12.836
17.293 12.836
-1
4
17.293 13.012
22.868 13.012
22.868 13.23
17.293 13.23
-1
4
17.293 13.406
22.868 13.406
22.868 13.629
17.293 13.629
-1
4
17.293 13.805
22.868 13.805
22.868 14.027
17.293 14.027
