-1
4
9.055 846.801
29.941 846.801
29.941 852.836
9.055 852.836
-1
4
17.176 848.105
22.842 848.105
22.842 848.313
17.176 848.313
-1
4
17.176 848.504
22.842 848.504
22.842 848.711
17.176 848.711
-1
4
17.176 848.898
22.842 848.898
22.842 849.109
17.176 849.109
-1
4
17.176 849.297
23.261 849.297
23.261 849.504
17.176 849.504
-1
4
17.176 849.695
23.261 849.695
23.261 849.902
17.176 849.902
-1
4
17.176 850.09
23.261 850.09
23.261 850.297
17.176 850.297
-1
4
17.176 850.488
22.842 850.488
22.842 850.695
17.176 850.695
-1
4
17.176 850.883
22.842 850.883
22.842 851.094
17.176 851.094
-1
4
17.176 851.281
22.842 851.281
22.842 851.488
17.176 851.488
-1
4
17.176 851.68
22.842 851.68
22.842 851.887
17.176 851.887
