-1
12
15.719 851.887
17.168 851.887
17.168 847.75
15.719 847.75
15.719 849.102
12.859 849.102
12.859 848.391
10.004 848.391
10.004 851.246
12.859 851.246
12.859 850.531
15.719 850.531
-1
4
16.154 847.906
21.82 847.906
21.82 848.117
16.154 848.117
-1
4
16.154 848.305
21.82 848.305
21.82 848.512
16.154 848.512
-1
4
16.154 848.703
21.82 848.703
21.82 848.91
16.154 848.91
-1
4
16.154 849.098
21.82 849.098
21.82 849.305
16.154 849.305
-1
4
15.735 849.496
21.82 849.496
21.82 849.703
15.735 849.703
-1
4
15.735 849.891
21.82 849.891
21.82 850.102
15.735 850.102
-1
4
15.735 850.289
21.82 850.289
21.82 850.496
15.735 850.496
-1
4
16.154 850.688
21.82 850.688
21.82 850.895
16.154 850.895
-1
4
16.154 851.082
21.82 851.082
21.82 851.289
16.154 851.289
-1
4
16.154 851.48
21.82 851.48
21.82 851.688
16.154 851.688
-1
12
21.828 851.887
23.277 851.887
23.277 850.531
26.137 850.531
26.137 851.246
28.992 851.246
28.992 848.391
26.137 848.391
26.137 849.102
23.277 849.102
23.277 847.75
21.828 847.75
-1
4
17.176 848.105
22.842 848.105
22.842 848.313
17.176 848.313
-1
4
17.176 848.504
22.842 848.504
22.842 848.711
17.176 848.711
-1
4
17.176 848.898
22.842 848.898
22.842 849.109
17.176 849.109
-1
4
17.176 849.297
23.261 849.297
23.261 849.504
17.176 849.504
-1
4
17.176 849.695
23.261 849.695
23.261 849.902
17.176 849.902
-1
4
17.176 850.09
23.261 850.09
23.261 850.297
17.176 850.297
-1
4
17.176 850.488
22.842 850.488
22.842 850.695
17.176 850.695
-1
4
17.176 850.883
22.842 850.883
22.842 851.094
17.176 851.094
-1
4
17.176 851.281
22.842 851.281
22.842 851.488
17.176 851.488
-1
4
17.176 851.68
22.842 851.68
22.842 851.887
17.176 851.887
