-1
4
9.055 846.801
29.941 846.801
29.941 852.836
9.055 852.836
-1
4
16.154 847.906
21.82 847.906
21.82 848.117
16.154 848.117
-1
4
16.154 848.305
21.82 848.305
21.82 848.512
16.154 848.512
-1
4
16.154 848.703
21.82 848.703
21.82 848.91
16.154 848.91
-1
4
16.154 849.098
21.82 849.098
21.82 849.305
16.154 849.305
-1
4
15.735 849.496
21.82 849.496
21.82 849.703
15.735 849.703
-1
4
15.735 849.891
21.82 849.891
21.82 850.102
15.735 850.102
-1
4
15.735 850.289
21.82 850.289
21.82 850.496
15.735 850.496
-1
4
16.154 850.688
21.82 850.688
21.82 850.895
16.154 850.895
-1
4
16.154 851.082
21.82 851.082
21.82 851.289
16.154 851.289
-1
4
16.154 851.48
21.82 851.48
21.82 851.688
16.154 851.688
