-1
12
15.809 14.391
17.281 14.391
17.281 10.004
15.809 10.004
15.809 11.473
12.906 11.473
12.906 10.746
10.004 10.746
10.004 13.648
12.906 13.648
12.906 12.922
15.809 12.922
-1
4
16.251 10.129
21.828 10.129
21.828 10.352
16.251 10.352
-1
4
16.251 10.555
21.828 10.555
21.828 10.777
16.251 10.777
-1
4
16.251 10.977
21.828 10.977
21.828 11.203
16.251 11.203
-1
4
16.251 11.402
21.828 11.402
21.828 11.625
16.251 11.625
-1
4
15.826 11.828
21.828 11.828
21.828 12.051
15.826 12.051
-1
4
15.826 12.254
21.828 12.254
21.828 12.477
15.826 12.477
-1
4
15.826 12.68
21.828 12.68
21.828 12.902
15.826 12.902
-1
4
16.251 13.105
21.828 13.105
21.828 13.328
16.251 13.328
-1
4
16.251 13.531
21.828 13.531
21.828 13.754
16.251 13.754
-1
4
16.251 13.953
21.828 13.953
21.828 14.176
16.251 14.176
-1
12
21.84 14.391
23.309 14.391
23.309 12.922
26.215 12.922
26.215 13.648
29.117 13.648
29.117 10.746
26.215 10.746
26.215 11.473
23.309 11.473
23.309 10.004
21.84 10.004
-1
4
17.293 10.34
22.868 10.34
22.868 10.563
17.293 10.563
-1
4
17.293 10.766
22.868 10.766
22.868 10.988
17.293 10.988
-1
4
17.293 11.191
22.868 11.191
22.868 11.414
17.293 11.414
-1
4
17.293 11.613
23.295 11.613
23.295 11.84
17.293 11.84
-1
4
17.293 12.043
23.295 12.043
23.295 12.266
17.293 12.266
-1
4
17.293 12.465
23.295 12.465
23.295 12.688
17.293 12.688
-1
4
17.293 12.891
22.868 12.891
22.868 13.113
17.293 13.113
-1
4
17.293 13.316
22.868 13.316
22.868 13.539
17.293 13.539
-1
4
17.293 13.742
22.868 13.742
22.868 13.965
17.293 13.965
-1
4
17.293 14.168
22.868 14.168
22.868 14.391
17.293 14.391
