-1
4
9.048 9.048
30.073 9.048
30.073 15.347
9.048 15.347
-1
4
16.251 10.129
21.828 10.129
21.828 10.352
16.251 10.352
-1
4
16.251 10.555
21.828 10.555
21.828 10.777
16.251 10.777
-1
4
16.251 10.977
21.828 10.977
21.828 11.203
16.251 11.203
-1
4
16.251 11.402
21.828 11.402
21.828 11.625
16.251 11.625
-1
4
15.826 11.828
21.828 11.828
21.828 12.051
15.826 12.051
-1
4
15.826 12.254
21.828 12.254
21.828 12.477
15.826 12.477
-1
4
15.826 12.68
21.828 12.68
21.828 12.902
15.826 12.902
-1
4
16.251 13.105
21.828 13.105
21.828 13.328
16.251 13.328
-1
4
16.251 13.531
21.828 13.531
21.828 13.754
16.251 13.754
-1
4
16.251 13.953
21.828 13.953
21.828 14.176
16.251 14.176
