-1
12
71.32 810.695
73.871 810.695
73.871 806.445
75.004 806.445
75.004 803.895
70.754 803.895
70.754 802.758
68.203 802.758
68.203 807.012
67.066 807.012
67.066 809.563
71.32 809.563
-1
12
71.32 818.066
73.871 818.066
73.871 813.813
75.004 813.813
75.004 811.262
70.754 811.262
70.754 810.129
68.203 810.129
68.203 814.383
67.066 814.383
67.066 816.934
71.32 816.934
-1
12
63.949 810.695
66.5 810.695
66.5 806.445
67.637 806.445
67.637 803.895
63.383 803.895
63.383 802.758
60.832 802.758
60.832 807.012
59.699 807.012
59.699 809.563
63.949 809.563
-1
12
56.578 810.695
59.133 810.695
59.133 806.445
60.266 806.445
60.266 803.895
56.012 803.895
56.012 802.758
53.461 802.758
53.461 807.012
52.328 807.012
52.328 809.563
56.578 809.563
-1
12
56.578 818.066
59.133 818.066
59.133 813.813
60.266 813.813
60.266 811.262
56.012 811.262
56.012 810.129
53.461 810.129
53.461 814.383
52.328 814.383
52.328 816.934
56.578 816.934
-1
12
49.211 810.695
51.762 810.695
51.762 806.445
52.895 806.445
52.895 803.895
48.645 803.895
48.645 802.758
46.09 802.758
46.09 807.012
44.957 807.012
44.957 809.563
49.211 809.563
-1
12
41.84 810.695
44.391 810.695
44.391 806.445
45.523 806.445
45.523 803.895
41.273 803.895
41.273 802.758
38.723 802.758
38.723 807.012
37.586 807.012
37.586 809.563
41.84 809.563
-1
12
41.84 818.066
44.391 818.066
44.391 813.813
45.523 813.813
45.523 811.262
41.273 811.262
41.273 810.129
38.723 810.129
38.723 814.383
37.586 814.383
37.586 816.934
41.84 816.934
-1
12
34.469 810.695
37.02 810.695
37.02 806.445
38.156 806.445
38.156 803.895
33.902 803.895
33.902 802.758
31.352 802.758
31.352 807.012
30.219 807.012
30.219 809.563
34.469 809.563
-1
12
34.469 818.066
37.02 818.066
37.02 813.813
38.156 813.813
38.156 811.262
33.902 811.262
33.902 810.129
31.352 810.129
31.352 814.383
30.219 814.383
30.219 816.934
34.469 816.934
-1
12
27.098 810.695
29.652 810.695
29.652 806.445
30.785 806.445
30.785 803.895
26.531 803.895
26.531 802.758
23.98 802.758
23.98 807.012
22.848 807.012
22.848 809.563
27.098 809.563
-1
12
19.73 810.695
22.281 810.695
22.281 806.445
23.414 806.445
23.414 803.895
19.164 803.895
19.164 802.758
16.609 802.758
16.609 807.012
15.477 807.012
15.477 809.563
19.73 809.563
-1
12
19.73 818.066
22.281 818.066
22.281 813.813
23.414 813.813
23.414 811.262
19.164 811.262
19.164 810.129
16.609 810.129
16.609 814.383
15.477 814.383
15.477 816.934
19.73 816.934
-1
8
56.578 831.105
60.266 831.105
60.266 818.633
56.012 818.633
56.012 817.5
53.461 817.5
53.461 829.973
56.578 829.973
-1
8
19.73 831.105
23.414 831.105
23.414 818.633
19.164 818.633
19.164 817.5
16.609 817.5
16.609 829.973
19.73 829.973
-1
10
47.227 851.516
66.5 851.516
66.5 823.168
60.832 823.168
60.832 831.672
56.012 831.672
56.012 830.539
52.895 830.539
52.895 823.168
47.227 823.168
-1
10
10.375 851.516
29.652 851.516
29.652 823.168
23.98 823.168
23.98 831.672
19.164 831.672
19.164 830.539
16.043 830.539
16.043 823.168
10.375 823.168
