-1
4
7.144 799.527
78.235 799.527
78.235 854.747
7.144 854.747
-1
12
71.32 810.695
73.871 810.695
73.871 806.445
75.004 806.445
75.004 803.895
70.754 803.895
70.754 802.758
68.203 802.758
68.203 807.012
67.066 807.012
67.066 809.563
71.32 809.563
-1
12
56.578 810.695
59.133 810.695
59.133 806.445
60.266 806.445
60.266 803.895
56.012 803.895
56.012 802.758
53.461 802.758
53.461 807.012
52.328 807.012
52.328 809.563
56.578 809.563
-1
12
41.84 810.695
44.391 810.695
44.391 806.445
45.523 806.445
45.523 803.895
41.273 803.895
41.273 802.758
38.723 802.758
38.723 807.012
37.586 807.012
37.586 809.563
41.84 809.563
-1
12
34.469 818.066
37.02 818.066
37.02 813.813
38.156 813.813
38.156 811.262
33.902 811.262
33.902 810.129
31.352 810.129
31.352 814.383
30.219 814.383
30.219 816.934
34.469 816.934
-1
12
27.098 810.695
29.652 810.695
29.652 806.445
30.785 806.445
30.785 803.895
26.531 803.895
26.531 802.758
23.98 802.758
23.98 807.012
22.848 807.012
22.848 809.563
27.098 809.563
-1
12
19.73 818.066
22.281 818.066
22.281 813.813
23.414 813.813
23.414 811.262
19.164 811.262
19.164 810.129
16.609 810.129
16.609 814.383
15.477 814.383
15.477 816.934
19.73 816.934
-1
8
56.578 831.105
60.266 831.105
60.266 818.633
56.012 818.633
56.012 817.5
53.461 817.5
53.461 829.973
56.578 829.973
-1
10
10.375 851.516
29.652 851.516
29.652 823.168
23.98 823.168
23.98 831.672
19.164 831.672
19.164 830.539
16.043 830.539
16.043 823.168
10.375 823.168
