-1
4
7.144 799.527
78.235 799.527
78.235 854.747
7.144 854.747
-1
12
71.32 818.066
73.871 818.066
73.871 813.813
75.004 813.813
75.004 811.262
70.754 811.262
70.754 810.129
68.203 810.129
68.203 814.383
67.066 814.383
67.066 816.934
71.32 816.934
-1
12
63.949 810.695
66.5 810.695
66.5 806.445
67.637 806.445
67.637 803.895
63.383 803.895
63.383 802.758
60.832 802.758
60.832 807.012
59.699 807.012
59.699 809.563
63.949 809.563
-1
12
56.578 818.066
59.133 818.066
59.133 813.813
60.266 813.813
60.266 811.262
56.012 811.262
56.012 810.129
53.461 810.129
53.461 814.383
52.328 814.383
52.328 816.934
56.578 816.934
-1
12
49.211 810.695
51.762 810.695
51.762 806.445
52.895 806.445
52.895 803.895
48.645 803.895
48.645 802.758
46.09 802.758
46.09 807.012
44.957 807.012
44.957 809.563
49.211 809.563
-1
12
41.84 818.066
44.391 818.066
44.391 813.813
45.523 813.813
45.523 811.262
41.273 811.262
41.273 810.129
38.723 810.129
38.723 814.383
37.586 814.383
37.586 816.934
41.84 816.934
-1
12
34.469 810.695
37.02 810.695
37.02 806.445
38.156 806.445
38.156 803.895
33.902 803.895
33.902 802.758
31.352 802.758
31.352 807.012
30.219 807.012
30.219 809.563
34.469 809.563
-1
12
19.73 810.695
22.281 810.695
22.281 806.445
23.414 806.445
23.414 803.895
19.164 803.895
19.164 802.758
16.609 802.758
16.609 807.012
15.477 807.012
15.477 809.563
19.73 809.563
-1
8
19.73 831.105
23.414 831.105
23.414 818.633
19.164 818.633
19.164 817.5
16.609 817.5
16.609 829.973
19.73 829.973
-1
10
47.227 851.516
66.5 851.516
66.5 823.168
60.832 823.168
60.832 831.672
56.012 831.672
56.012 830.539
52.895 830.539
52.895 823.168
47.227 823.168
