-1
4
0.585 653.327
150.45 653.327
150.45 861.306
0.585 861.306
-1
4
51.113 664.27
51.684 664.27
51.684 687.301
51.113 687.301
-1
4
46.887 749.664
49.438 749.664
49.438 751.364
46.887 751.364
-1
4
45.754 753.914
47.454 753.914
47.454 756.465
45.754 756.465
-1
4
58.203 664.27
58.77 664.27
58.77 690.703
58.203 690.703
-1
4
65.313 740.402
72.156 740.402
72.156 740.969
65.313 740.969
-1
4
87.918 662.781
91.461 662.781
91.461 666.324
87.918 666.324
-1
4
120.586 749.664
123.137 749.664
123.137 751.364
120.586 751.364
-1
4
125.691 750.797
127.391 750.797
127.391 753.348
125.691 753.348
-1
4
119.191 683.332
119.758 683.332
119.758 738.137
119.191 738.137
-1
4
31.227 669.867
34.77 669.867
34.77 673.41
31.227 673.41
-1
4
16.273 746.547
17.973 746.547
17.973 749.094
16.273 749.094
-1
4
35.723 682.199
36.293 682.199
36.293 741.914
35.723 741.914
-1
4
37.249 750.797
38.949 750.797
38.949 753.348
37.249 753.348
-1
4
39.52 742.293
42.066 742.293
42.066 743.993
39.52 743.993
-1
4
51.648 738.854
52.215 738.854
52.215 747.055
51.648 747.055
-1
4
86.547 671.695
87.113 671.695
87.113 683.558
86.547 683.558
-1
4
100.723 683.332
109.988 683.332
109.988 683.898
100.723 683.898
-1
4
113.949 741.348
121.496 741.348
121.496 741.914
113.949 741.914
-1
4
26.594 739.797
27.16 739.797
27.16 748.473
26.594 748.473
-1
4
53.125 753.914
54.825 753.914
54.825 756.465
53.125 756.465
-1
4
74.101 743.426
75.801 743.426
75.801 745.977
74.101 745.977
-1
4
80.832 676.953
84.375 676.953
84.375 680.5
80.832 680.5
-1
4
79.484 748.527
82.035 748.527
82.035 750.23
79.484 750.23
-1
4
83.738 726.704
89.406 726.704
89.406 737.191
83.738 737.191
-1
4
97.344 748.246
100.859 748.246
100.859 748.813
97.344 748.813
-1
4
96.21 750.797
97.91 750.797
97.91 753.348
96.21 753.348
-1
4
102.09 676.953
105.637 676.953
105.637 680.5
102.09 680.5
-1
4
110.949 743.426
112.652 743.426
112.652 745.977
110.949 745.977
-1
4
108.965 748.527
111.516 748.527
111.516 750.23
108.965 750.23
-1
4
109.18 676.953
112.723 676.953
112.723 680.5
109.18 680.5
-1
4
118.32 743.426
120.02 743.426
120.02 745.977
118.32 745.977
-1
4
116.336 748.527
118.887 748.527
118.887 750.23
116.336 750.23
-1
4
116.266 676.953
119.809 676.953
119.809 680.5
116.266 680.5
-1
4
17.406 758.168
23.078 758.168
23.078 763.836
17.406 763.836
-1
4
31.227 834.137
34.77 834.137
34.77 837.68
31.227 837.68
-1
4
27.895 763.269
30.445 763.269
30.445 764.969
27.895 764.969
-1
8
36.941 843.277
37.512 843.277
37.512 833
37.426 833
37.426 772.719
36.859 772.719
36.859 833.57
36.941 833.57
-1
4
51.113 829.602
51.684 829.602
51.684 850.363
51.113 850.363
-1
4
50.004 763.269
52.555 763.269
52.555 764.969
50.004 764.969
-1
4
42.438 774.004
43.004 774.004
43.004 829.828
42.438 829.828
-1
4
66.73 758.168
68.43 758.168
68.43 760.719
66.73 760.719
-1
4
63.043 763.269
63.613 763.269
63.613 775.648
63.043 775.648
-1
4
96.21 758.168
97.91 758.168
97.91 760.719
96.21 760.719
-1
4
89.973 761.285
91.672 761.285
91.672 763.836
89.973 763.836
-1
4
100.293 764.742
100.859 764.742
100.859 774.836
100.293 774.836
-1
4
99.352 827.672
99.918 827.672
99.918 850.023
99.352 850.023
-1
4
120.93 764.742
121.496 764.742
121.496 773.285
120.93 773.285
-1
4
123.707 763.269
126.258 763.269
126.258 764.969
123.707 764.969
-1
4
22.511 765.535
24.211 765.535
24.211 768.09
22.511 768.09
-1
4
39.801 833.342
40.367 833.342
40.367 835.554
39.801 835.554
-1
4
44.621 765.535
46.32 765.535
46.32 768.09
44.621 768.09
-1
4
38.383 768.656
40.087 768.656
40.087 771.207
38.383 771.207
-1
4
75.234 768.656
76.934 768.656
76.934 771.207
75.234 771.207
-1
4
96.21 765.535
97.91 765.535
97.91 768.09
96.21 768.09
-1
4
93.637 825.406
94.203 825.406
94.203 842.937
93.637 842.937
-1
4
102.09 841.223
105.637 841.223
105.637 844.766
102.09 844.766
-1
4
104.715 768.656
106.415 768.656
106.415 771.207
104.715 771.207
-1
4
108.965 770.64
111.516 770.64
111.516 772.34
108.965 772.34
-1
4
127.957 764.402
130.508 764.402
130.508 766.102
127.957 766.102
-1
4
54.258 772.906
61.059 772.906
61.059 784.246
54.258 784.246
-1
4
46.625 826.199
58.77 826.199
58.77 826.766
46.625 826.766
-1
4
91.105 772.906
97.91 772.906
97.91 784.246
91.105 784.246
-1
4
127.957 772.906
134.762 772.906
134.762 784.246
127.957 784.246
-1
4
116.266 848.309
119.809 848.309
119.809 851.852
116.266 851.852
