-1
4
0.585 653.327
150.45 653.327
150.45 861.306
0.585 861.306
-1
4
46.887 758.168
52.555 758.168
52.555 763.836
46.887 763.836
-1
4
45.398 848.309
48.941 848.309
48.941 851.852
45.398 851.852
-1
4
54.258 758.168
59.926 758.168
59.926 763.836
54.258 763.836
-1
4
43.836 774.949
44.402 774.949
44.402 829.035
43.836 829.035
-1
4
50.176 766.16
50.742 766.16
50.742 774.836
50.176 774.836
-1
4
61.629 758.168
67.297 758.168
67.297 763.836
61.629 763.836
-1
4
59.574 841.223
63.117 841.223
63.117 844.766
59.574 844.766
-1
4
68.996 758.168
74.668 758.168
74.668 763.836
68.996 763.836
-1
4
59.574 848.309
63.117 848.309
63.117 851.852
59.574 851.852
-1
4
76.367 758.168
82.039 758.168
82.039 763.836
76.367 763.836
-1
4
85.18 832.207
85.746 832.207
85.746 850.023
85.18 850.023
-1
4
83.738 758.168
89.406 758.168
89.406 763.836
83.738 763.836
-1
4
87.918 841.223
91.465 841.223
91.465 844.766
87.918 844.766
-1
4
91.109 758.168
96.777 758.168
96.777 763.836
91.109 763.836
-1
4
100.293 764.742
100.859 764.742
100.859 774.836
100.293 774.836
-1
4
102.094 848.309
105.637 848.309
105.637 851.852
102.094 851.852
-1
4
105.848 758.168
111.52 758.168
111.52 763.836
105.848 763.836
-1
4
110.559 772.719
111.125 772.719
111.125 829.035
110.559 829.035
-1
4
100.723 828.469
101.289 828.469
101.289 842.937
100.723 842.937
-1
4
113.219 758.168
118.887 758.168
118.887 763.836
113.219 763.836
-1
4
109.18 841.223
112.723 841.223
112.723 844.766
109.18 844.766
-1
4
120.59 758.168
126.258 758.168
126.258 763.836
120.59 763.836
-1
4
109.18 848.309
112.723 848.309
112.723 851.852
109.18 851.852
-1
4
127.961 758.168
133.629 758.168
133.629 763.836
127.961 763.836
-1
4
116.266 834.137
119.809 834.137
119.809 837.68
116.266 837.68
-1
4
17.406 765.535
23.078 765.535
23.078 771.207
17.406 771.207
-1
4
25.117 767.863
25.684 767.863
25.684 776.121
25.117 776.121
-1
4
29.855 832.207
30.422 832.207
30.422 843.277
29.855 843.277
-1
4
32.672 775.895
33.238 775.895
33.238 832.094
32.672 832.094
-1
4
32.148 765.535
37.816 765.535
37.816 771.207
32.148 771.207
-1
4
39.52 765.535
45.188 765.535
45.188 771.207
39.52 771.207
-1
4
56.832 827.672
57.398 827.672
57.398 842.937
56.832 842.937
-1
4
68.996 765.535
74.668 765.535
74.668 771.207
68.996 771.207
-1
4
93.637 671.695
94.203 671.695
94.203 686.961
93.637 686.961
-1
4
102.094 669.867
105.637 669.867
105.637 673.41
102.094 673.41
-1
4
105.848 750.797
111.52 750.797
111.52 756.465
105.848 756.465
-1
4
113.219 750.797
118.887 750.797
118.887 756.465
113.219 756.465
-1
8
113.613 741.914
114.18 741.914
114.18 681.066
114.094 681.066
114.094 671.695
113.527 671.695
113.527 681.633
113.613 681.633
-1
4
116.266 669.867
119.809 669.867
119.809 673.41
116.266 673.41
-1
4
127.961 743.426
133.629 743.426
133.629 749.094
127.961 749.094
-1
4
24.141 676.953
27.684 676.953
27.684 680.5
24.141 680.5
-1
8
23.645 737.191
29.312 737.191
29.312 708.844
10.039 708.844
10.039 728.688
20.527 728.688
20.527 729.82
23.645 729.82
-1
4
17.406 750.797
23.078 750.797
23.078 756.465
17.406 756.465
-1
4
26.594 739.797
27.16 739.797
27.16 748.472
26.594 748.472
-1
4
38.312 676.953
41.855 676.953
41.855 680.5
38.312 680.5
-1
4
32.148 743.426
37.816 743.426
37.816 749.094
32.148 749.094
-1
4
39.52 743.426
45.188 743.426
45.188 749.094
39.52 749.094
-1
4
54.258 750.797
59.926 750.797
59.926 756.465
54.258 756.465
-1
8
60.496 737.191
66.164 737.191
66.164 708.844
46.887 708.844
46.887 728.688
57.375 728.688
57.375 729.82
60.496 729.82
-1
4
68.996 743.426
74.668 743.426
74.668 749.094
68.996 749.094
-1
4
76.367 743.426
82.039 743.426
82.039 749.094
76.367 749.094
-1
8
97.344 737.191
103.012 737.191
103.012 708.844
83.738 708.844
83.738 728.688
94.227 728.688
94.227 729.82
97.344 729.82
-1
4
91.109 750.797
96.777 750.797
96.777 756.465
91.109 756.465
-1
4
100.293 739.797
100.859 739.797
100.859 748.472
100.293 748.472
-1
4
102.094 676.953
105.637 676.953
105.637 680.5
102.094 680.5
-1
4
105.848 743.426
111.52 743.426
111.52 749.094
105.848 749.094
-1
4
113.219 743.426
118.887 743.426
118.887 749.094
113.219 749.094
-1
4
127.961 750.797
133.629 750.797
133.629 756.465
127.961 756.465
-1
4
116.402 681.406
116.969 681.406
116.969 740.023
116.402 740.023
-1
4
123.352 676.953
126.895 676.953
126.895 680.5
123.352 680.5
-1
8
134.195 737.191
139.863 737.191
139.863 708.844
120.59 708.844
120.59 728.688
131.078 728.688
131.078 729.82
134.195 729.82
-1
4
17.406 758.168
23.078 758.168
23.078 763.836
17.406 763.836
-1
4
24.777 758.168
30.445 758.168
30.445 763.836
24.777 763.836
-1
4
38.312 848.309
41.855 848.309
41.855 851.852
38.312 851.852
-1
4
32.148 758.168
37.816 758.168
37.816 763.836
32.148 763.836
-1
8
36.941 843.277
37.512 843.277
37.512 833
37.426 833
37.426 772.719
36.859 772.719
36.859 833.57
36.941 833.57
-1
4
39.52 758.168
45.188 758.168
45.188 763.836
39.52 763.836
-1
4
45.398 841.223
48.941 841.223
48.941 844.766
45.398 844.766
-1
4
41.043 772.719
41.609 772.719
41.609 830.961
41.043 830.961
-1
4
17.406 743.426
23.078 743.426
23.078 749.094
17.406 749.094
-1
4
29.855 671.695
30.422 671.695
30.422 682.426
29.855 682.426
-1
4
35.723 682.199
36.293 682.199
36.293 741.914
35.723 741.914
-1
4
32.148 750.797
37.816 750.797
37.816 756.465
32.148 756.465
-1
4
39.91 685.602
40.477 685.602
40.477 741.914
39.91 741.914
-1
4
39.52 750.797
45.188 750.797
45.188 756.465
39.52 756.465
-1
4
49.746 671.695
50.312 671.695
50.312 685.828
49.746 685.828
-1
4
52.484 669.867
56.031 669.867
56.031 673.41
52.484 673.41
-1
4
54.258 743.426
59.926 743.426
59.926 749.094
54.258 749.094
-1
4
51.648 738.854
52.215 738.854
52.215 747.055
51.648 747.055
-1
4
61.629 750.797
67.297 750.797
67.297 756.465
61.629 756.465
-1
4
83.738 750.797
89.406 750.797
89.406 756.465
83.738 756.465
-1
4
91.109 743.426
96.777 743.426
96.777 749.094
91.109 749.094
-1
4
24.777 750.797
30.445 750.797
30.445 756.465
24.777 756.465
-1
4
46.887 750.797
52.555 750.797
52.555 756.465
46.887 756.465
-1
4
58.203 664.27
58.77 664.27
58.77 690.703
58.203 690.703
-1
4
68.996 750.797
74.668 750.797
74.668 756.465
68.996 756.465
-1
4
76.367 750.797
82.039 750.797
82.039 756.465
76.367 756.465
-1
4
78.879 682.539
79.445 682.539
79.445 741.293
78.879 741.293
-1
4
85.18 664.61
85.746 664.61
85.746 682.426
85.18 682.426
-1
4
108.027 684.465
108.598 684.465
108.598 740.969
108.027 740.969
-1
4
98.477 750.797
104.148 750.797
104.148 756.465
98.477 756.465
-1
4
99.352 664.61
99.918 664.61
99.918 684.693
99.352 684.693
-1
4
120.59 750.797
126.258 750.797
126.258 756.465
120.59 756.465
-1
4
76.367 765.535
82.039 765.535
82.039 771.207
76.367 771.207
-1
4
91.109 765.535
96.777 765.535
96.777 771.207
91.109 771.207
-1
4
95.008 841.223
98.551 841.223
98.551 844.766
95.008 844.766
-1
4
106.371 775.555
106.938 775.555
106.938 825.293
106.371 825.293
-1
4
105.848 765.535
111.52 765.535
111.52 771.207
105.848 771.207
-1
4
113.219 765.535
118.887 765.535
118.887 771.207
113.219 771.207
-1
4
109.18 834.137
112.723 834.137
112.723 837.68
109.18 837.68
-1
4
127.961 765.535
133.629 765.535
133.629 771.207
127.961 771.207
-1
4
116.266 841.223
119.809 841.223
119.809 844.766
116.266 844.766
-1
4
118.934 775.895
119.5 775.895
119.5 832.094
118.934 832.094
-1
4
125.352 767.578
125.918 767.578
125.918 775.781
125.352 775.781
-1
4
31.227 848.309
34.77 848.309
34.77 851.852
31.227 851.852
-1
4
52.484 848.309
56.031 848.309
56.031 851.852
52.484 851.852
-1
4
116.266 848.309
119.809 848.309
119.809 851.852
116.266 851.852
-1
4
121.984 831.074
122.551 831.074
122.551 850.363
121.984 850.363
-1
4
24.141 834.137
27.684 834.137
27.684 837.68
24.141 837.68
-1
8
11.172 805.789
30.445 805.789
30.445 785.945
19.961 785.945
19.961 784.812
16.84 784.812
16.84 777.441
11.172 777.441
-1
8
48.02 805.789
67.297 805.789
67.297 785.945
56.809 785.945
56.809 784.812
53.691 784.812
53.691 777.441
48.02 777.441
-1
8
84.871 805.789
104.148 805.789
104.148 785.945
93.66 785.945
93.66 784.812
90.543 784.812
90.543 777.441
84.871 777.441
-1
8
121.723 805.789
140.996 805.789
140.996 785.945
130.512 785.945
130.512 784.812
127.391 784.812
127.391 777.441
121.723 777.441
