-1
4
0.585 653.327
150.45 653.327
150.45 861.306
0.585 861.306
-1
4
16.273 730.387
23.078 730.387
23.078 741.727
16.273 741.727
-1
4
27.895 755.898
30.445 755.898
30.445 757.602
27.895 757.602
-1
4
28.066 740.742
28.633 740.742
28.633 751.364
28.066 751.364
-1
4
48.699 740.402
49.27 740.402
49.27 750.117
48.699 750.117
-1
4
41.305 687.074
41.871 687.074
41.871 740.629
41.305 740.629
-1
4
45.492 690.137
46.059 690.137
46.059 738.137
45.492 738.137
-1
4
53.125 730.387
59.926 730.387
59.926 741.727
53.125 741.727
-1
4
74.101 750.797
75.801 750.797
75.801 753.348
74.101 753.348
-1
4
81.468 750.797
83.172 750.797
83.172 753.348
81.468 753.348
-1
4
85.18 664.61
85.746 664.61
85.746 682.426
85.18 682.426
-1
4
103.84 687.867
104.41 687.867
104.41 738.137
103.84 738.137
-1
4
89.973 730.387
96.777 730.387
96.777 741.727
89.973 741.727
-1
4
102.09 662.781
105.637 662.781
105.637 666.324
102.09 666.324
-1
4
98.477 750.797
104.148 750.797
104.148 756.465
98.477 756.465
-1
4
99.352 664.61
99.918 664.61
99.918 684.693
99.352 684.693
-1
8
115.004 740.969
115.574 740.969
115.574 681.066
115.461 681.066
115.461 664.61
114.895 664.61
114.895 681.633
115.004 681.633
-1
4
122.402 740.742
122.969 740.742
122.969 750.344
122.402 750.344
-1
4
25.117 738.512
32.105 738.512
32.105 739.082
25.117 739.082
-1
4
38.313 669.867
41.855 669.867
41.855 673.41
38.313 673.41
-1
4
35.266 755.898
37.816 755.898
37.816 757.602
35.266 757.602
-1
4
49.746 671.695
50.313 671.695
50.313 686.168
49.746 686.168
-1
6
38.516 742.859
40.538 742.859
40.538 742.293
39.082 742.293
39.082 684.807
38.516 684.807
-1
4
53.125 746.547
54.825 746.547
54.825 749.094
53.125 749.094
-1
4
61.625 750.797
67.297 750.797
67.297 756.465
61.625 756.465
-1
4
63.918 671.695
64.484 671.695
64.484 683.558
63.918 683.558
-1
4
81.309 683.672
81.875 683.672
81.875 739.215
81.309 739.215
-1
4
87.422 739.328
87.988 739.328
87.988 751.364
87.422 751.364
-1
4
98.816 738.512
99.387 738.512
99.387 747.395
98.816 747.395
-1
4
93.637 671.695
94.203 671.695
94.203 686.961
93.637 686.961
-1
4
105.848 750.797
111.516 750.797
111.516 756.465
105.848 756.465
-1
4
118.32 750.797
120.02 750.797
120.02 753.348
118.32 753.348
-1
4
127.957 743.426
133.629 743.426
133.629 749.094
127.957 749.094
-1
4
125.348 738.854
125.918 738.854
125.918 747.113
125.348 747.113
-1
4
117.797 682.539
118.363 682.539
118.363 738.74
117.797 738.74
-1
4
120.613 671.695
121.18 671.695
121.18 682.426
120.613 682.426
-1
4
31.227 676.953
34.77 676.953
34.77 680.5
31.227 680.5
-1
4
22.511 750.797
24.211 750.797
24.211 753.348
22.511 753.348
-1
4
38.313 676.953
41.855 676.953
41.855 680.5
38.313 680.5
-1
4
31.012 746.547
32.715 746.547
32.715 749.094
31.012 749.094
-1
4
43.042 687.867
54.201 687.867
54.201 688.434
43.042 688.434
-1
4
66.66 676.953
70.203 676.953
70.203 680.5
66.66 680.5
-1
4
76.367 742.293
78.918 742.293
78.918 743.993
76.367 743.993
-1
4
75.234 746.547
76.934 746.547
76.934 749.094
75.234 749.094
-1
4
87.918 676.953
91.461 676.953
91.461 680.5
87.918 680.5
-1
4
106.633 685.942
107.199 685.942
107.199 739.683
106.633 739.683
-1
4
89.973 753.914
91.672 753.914
91.672 756.465
89.973 756.465
-1
4
105.848 742.293
108.398 742.293
108.398 743.993
105.848 743.993
-1
4
104.715 746.547
106.415 746.547
106.415 749.094
104.715 749.094
-1
4
110.82 682.539
111.387 682.539
111.387 743.993
110.82 743.993
-1
4
110.668 679.081
111.234 679.081
111.234 681.293
110.668 681.293
-1
4
117.754 679.081
118.32 679.081
118.32 681.293
117.754 681.293
-1
4
123.352 676.953
126.895 676.953
126.895 680.5
123.352 680.5
-1
8
134.195 737.191
139.863 737.191
139.863 708.844
120.586 708.844
120.586 728.688
131.074 728.688
131.074 729.82
134.195 729.82
-1
4
16.273 761.285
17.973 761.285
17.973 763.836
16.273 763.836
-1
4
32.715 833.342
33.281 833.342
33.281 835.554
32.715 835.554
-1
4
28.066 764.289
28.633 764.289
28.633 774.23
28.066 774.23
-1
4
31.012 761.285
32.715 761.285
32.715 763.836
31.012 763.836
-1
4
29.879 772.719
37.086 772.719
37.086 773.285
29.879 773.285
-1
4
39.52 757.035
42.066 757.035
42.066 758.735
39.52 758.735
-1
4
44.621 758.168
46.32 758.168
46.32 760.719
44.621 760.719
-1
4
47.227 764.742
47.793 764.742
47.793 773.285
47.227 773.285
-1
4
51.988 758.168
53.691 758.168
53.691 760.719
51.988 760.719
-1
4
50.176 765.82
53.691 765.82
53.691 766.387
50.176 766.387
-1
4
43.836 774.949
44.402 774.949
44.402 829.035
43.836 829.035
-1
4
65.289 831.867
72.156 831.867
72.156 832.434
65.289 832.434
-1
4
59.57 848.309
63.113 848.309
63.113 851.852
59.57 851.852
-1
4
79.484 763.269
82.035 763.269
82.035 764.969
79.484 764.969
-1
4
85.18 832.207
85.746 832.207
85.746 850.023
85.18 850.023
-1
4
95.004 834.137
98.547 834.137
98.547 837.68
95.004 837.68
-1
4
107.766 774.949
108.332 774.949
108.332 826.426
107.766 826.426
-1
4
98.477 758.168
104.148 758.168
104.148 763.836
98.477 763.836
-1
4
118.32 758.168
120.02 758.168
120.02 760.719
118.32 760.719
-1
4
113.523 832.207
114.09 832.207
114.09 843.277
113.523 843.277
-1
4
109.18 848.309
112.723 848.309
112.723 851.852
109.18 851.852
-1
4
122.402 763.269
122.969 763.269
122.969 774.23
122.402 774.23
-1
4
116.141 774.004
116.707 774.004
116.707 833.228
116.141 833.228
-1
4
127.957 758.168
133.629 758.168
133.629 763.836
127.957 763.836
-1
4
16.273 768.656
17.973 768.656
17.973 771.207
16.273 771.207
-1
4
29.855 832.207
30.422 832.207
30.422 843.277
29.855 843.277
-1
4
32.672 775.895
33.238 775.895
33.238 832.094
32.672 832.094
-1
4
39.52 764.402
42.066 764.402
42.066 766.102
39.52 766.102
-1
4
39.648 770.64
40.215 770.64
40.215 832.094
39.648 832.094
-1
4
56.832 827.672
57.398 827.672
57.398 842.937
56.832 842.937
-1
4
66.66 834.137
70.203 834.137
70.203 837.68
66.66 837.68
-1
4
68.996 764.402
71.547 764.402
71.547 766.102
68.996 766.102
-1
4
72.113 770.64
74.668 770.64
74.668 772.34
72.113 772.34
-1
4
76.449 770.64
77.016 770.64
77.016 833.228
76.449 833.228
-1
4
103.581 772.719
110.785 772.719
110.785 773.285
103.581 773.285
-1
4
101.063 828.469
110.785 828.469
110.785 829.035
101.063 829.035
-1
4
118.32 765.535
120.02 765.535
120.02 768.09
118.32 768.09
-1
4
112.082 768.656
113.786 768.656
113.786 771.207
112.082 771.207
-1
4
116.336 770.64
118.887 770.64
118.887 772.34
116.336 772.34
-1
4
110.668 831.074
111.234 831.074
111.234 835.554
110.668 835.554
-1
4
125.348 767.238
125.918 767.238
125.918 776.121
125.348 776.121
-1
4
118.93 775.895
119.496 775.895
119.496 832.094
118.93 832.094
-1
4
17.406 772.906
24.211 772.906
24.211 784.246
17.406 784.246
-1
4
52.484 848.309
56.031 848.309
56.031 851.852
52.484 851.852
-1
4
104.977 776.84
105.543 776.84
105.543 824.158
104.977 824.158
-1
4
127.957 771.773
130.508 771.773
130.508 774.04
127.957 774.04
-1
4
121.98 831.074
122.547 831.074
122.547 850.363
121.98 850.363
-1
4
59.57 834.137
63.113 834.137
63.113 837.68
59.57 837.68
-1
8
48.02 805.789
67.297 805.789
67.297 785.945
56.809 785.945
56.809 784.813
53.691 784.813
53.691 777.441
48.02 777.441
-1
4
87.918 834.137
91.461 834.137
91.461 837.68
87.918 837.68
