-1
4
0.585 653.327
150.45 653.327
150.45 861.306
0.585 861.306
-1
4
16.273 730.387
23.078 730.387
23.078 741.727
16.273 741.727
-1
4
24.777 750.797
30.445 750.797
30.445 756.465
24.777 756.465
-1
4
35.574 664.27
36.141 664.27
36.141 681.293
35.574 681.293
-1
4
51.113 664.27
51.684 664.27
51.684 687.301
51.113 687.301
-1
4
46.887 750.797
52.555 750.797
52.555 756.465
46.887 756.465
-1
4
58.203 664.27
58.77 664.27
58.77 690.703
58.203 690.703
-1
4
53.125 730.387
59.926 730.387
59.926 741.727
53.125 741.727
-1
4
68.996 750.797
74.668 750.797
74.668 756.465
68.996 756.465
-1
4
71.59 682.539
72.156 682.539
72.156 740.629
71.59 740.629
-1
4
76.367 750.797
82.035 750.797
82.035 756.465
76.367 756.465
-1
4
78.879 682.539
79.445 682.539
79.445 741.293
78.879 741.293
-1
4
85.18 664.61
85.746 664.61
85.746 682.426
85.18 682.426
-1
4
103.84 687.867
104.41 687.867
104.41 738.137
103.84 738.137
-1
4
92.266 664.61
92.832 664.61
92.832 688.094
92.266 688.094
-1
4
98.477 750.797
104.148 750.797
104.148 756.465
98.477 756.465
-1
4
120.586 750.797
126.258 750.797
126.258 756.465
120.586 756.465
-1
4
121.98 664.27
122.547 664.27
122.547 683.898
121.98 683.898
-1
4
17.406 743.426
23.078 743.426
23.078 749.094
17.406 749.094
-1
4
29.855 671.695
30.422 671.695
30.422 682.426
29.855 682.426
-1
4
32.148 750.797
37.816 750.797
37.816 756.465
32.148 756.465
-1
4
39.91 685.602
40.477 685.602
40.477 741.914
39.91 741.914
-1
4
54.258 743.426
59.926 743.426
59.926 749.094
54.258 749.094
-1
4
61.625 750.797
67.297 750.797
67.297 756.465
61.625 756.465
-1
4
83.738 750.797
89.406 750.797
89.406 756.465
83.738 756.465
-1
4
81.309 683.672
81.875 683.672
81.875 739.215
81.309 739.215
-1
4
95.004 669.867
98.547 669.867
98.547 673.41
95.004 673.41
-1
4
91.105 743.426
96.777 743.426
96.777 749.094
91.105 749.094
-1
4
105.848 750.797
111.516 750.797
111.516 756.465
105.848 756.465
-1
4
113.219 750.797
118.887 750.797
118.887 756.465
113.219 756.465
-1
8
113.609 741.914
114.176 741.914
114.176 681.066
114.09 681.066
114.09 671.695
113.523 671.695
113.523 681.633
113.609 681.633
-1
4
125.348 738.854
125.918 738.854
125.918 747.113
125.348 747.113
-1
4
117.797 682.539
118.363 682.539
118.363 738.74
117.797 738.74
-1
4
17.406 750.797
23.078 750.797
23.078 756.465
17.406 756.465
-1
8
32.934 739.683
33.5 739.683
33.5 681.066
33.281 681.066
33.281 679.081
32.715 679.081
32.715 681.633
32.934 681.633
-1
4
26.594 739.797
27.16 739.797
27.16 748.473
26.594 748.473
-1
4
38.313 676.953
41.855 676.953
41.855 680.5
38.313 680.5
-1
4
37.117 683.332
37.684 683.332
37.684 743.993
37.117 743.993
-1
4
42.699 687.867
43.27 687.867
43.27 740.023
42.699 740.023
-1
4
54.258 750.797
59.926 750.797
59.926 756.465
54.258 756.465
-1
4
66.66 676.953
70.203 676.953
70.203 680.5
66.66 680.5
-1
4
74.02 681.406
74.586 681.406
74.586 743.993
74.02 743.993
-1
4
76.367 743.426
82.035 743.426
82.035 749.094
76.367 749.094
-1
4
106.633 685.942
107.199 685.942
107.199 739.683
106.633 739.683
-1
4
100.293 739.797
100.859 739.797
100.859 748.473
100.293 748.473
-1
4
110.82 682.539
111.387 682.539
111.387 743.993
110.82 743.993
-1
4
113.219 743.426
118.887 743.426
118.887 749.094
113.219 749.094
-1
4
116.266 676.953
119.809 676.953
119.809 680.5
116.266 680.5
-1
4
127.957 750.797
133.629 750.797
133.629 756.465
127.957 756.465
-1
8
134.195 737.191
139.863 737.191
139.863 708.844
120.586 708.844
120.586 728.688
131.074 728.688
131.074 729.82
134.195 729.82
-1
4
17.406 758.168
23.078 758.168
23.078 763.836
17.406 763.836
-1
4
31.227 834.137
34.77 834.137
34.77 837.68
31.227 837.68
-1
4
24.777 758.168
30.445 758.168
30.445 763.836
24.777 763.836
-1
4
32.148 758.168
37.816 758.168
37.816 763.836
32.148 763.836
-1
8
36.941 843.277
37.512 843.277
37.512 833
37.426 833
37.426 772.719
36.859 772.719
36.859 833.57
36.941 833.57
-1
4
39.52 758.168
45.188 758.168
45.188 763.836
39.52 763.836
-1
4
49.746 831.074
50.313 831.074
50.313 843.277
49.746 843.277
-1
4
46.887 758.168
52.555 758.168
52.555 763.836
46.887 763.836
-1
4
42.438 774.004
43.004 774.004
43.004 829.828
42.438 829.828
-1
4
50.176 766.16
50.742 766.16
50.742 774.836
50.176 774.836
-1
4
61.625 758.168
67.297 758.168
67.297 763.836
61.625 763.836
-1
4
59.57 841.223
63.113 841.223
63.113 844.766
59.57 844.766
-1
4
69.16 775.082
69.727 775.082
69.727 830.961
69.16 830.961
-1
4
68.996 758.168
74.668 758.168
74.668 763.836
68.996 763.836
-1
4
71.59 773.342
72.156 773.342
72.156 832.094
71.59 832.094
-1
4
65.289 832.207
65.855 832.207
65.855 850.023
65.289 850.023
-1
4
76.367 758.168
82.035 758.168
82.035 763.836
76.367 763.836
-1
4
87.918 848.309
91.461 848.309
91.461 851.852
87.918 851.852
-1
4
78.879 774.004
79.445 774.004
79.445 832.094
78.879 832.094
-1
4
83.738 758.168
89.406 758.168
89.406 763.836
83.738 763.836
-1
4
87.918 841.223
91.461 841.223
91.461 844.766
87.918 844.766
-1
4
81.309 775.895
81.875 775.895
81.875 830.961
81.309 830.961
-1
4
91.105 758.168
96.777 758.168
96.777 763.836
91.105 763.836
-1
4
98.477 758.168
104.148 758.168
104.148 763.836
98.477 763.836
-1
4
113.219 758.168
118.887 758.168
118.887 763.836
113.219 763.836
-1
4
109.18 841.223
112.723 841.223
112.723 844.766
109.18 844.766
-1
4
120.586 758.168
126.258 758.168
126.258 763.836
120.586 763.836
-1
4
127.957 758.168
133.629 758.168
133.629 763.836
127.957 763.836
-1
8
117.754 835.554
118.32 835.554
118.32 833
118.102 833
118.102 774.949
117.535 774.949
117.535 833.57
117.754 833.57
-1
4
17.406 765.535
23.078 765.535
23.078 771.207
17.406 771.207
-1
4
25.117 767.863
25.684 767.863
25.684 776.121
25.117 776.121
-1
4
32.672 775.895
33.238 775.895
33.238 832.094
32.672 832.094
-1
4
32.148 765.535
37.816 765.535
37.816 771.207
32.148 771.207
-1
4
39.648 770.64
40.215 770.64
40.215 832.094
39.648 832.094
-1
4
45.23 775.555
45.797 775.555
45.797 827.898
45.23 827.898
-1
4
56.832 827.672
57.398 827.672
57.398 842.937
56.832 842.937
-1
4
68.996 765.535
74.668 765.535
74.668 771.207
68.996 771.207
-1
4
91.105 765.535
96.777 765.535
96.777 771.207
91.105 771.207
-1
4
98.816 767.238
99.387 767.238
99.387 776.121
98.816 776.121
-1
4
106.371 775.555
106.938 775.555
106.938 825.293
106.371 825.293
-1
4
93.637 825.406
94.203 825.406
94.203 842.937
93.637 842.937
-1
4
105.848 765.535
111.516 765.535
111.516 771.207
105.848 771.207
-1
4
110.559 772.719
111.125 772.719
111.125 829.035
110.559 829.035
-1
4
102.09 834.137
105.637 834.137
105.637 837.68
102.09 837.68
-1
4
109.18 834.137
112.723 834.137
112.723 837.68
109.18 837.68
-1
4
113.348 770.64
113.918 770.64
113.918 831.301
113.348 831.301
-1
4
127.957 765.535
133.629 765.535
133.629 771.207
127.957 771.207
-1
4
125.348 767.238
125.918 767.238
125.918 776.121
125.348 776.121
-1
4
52.484 848.309
56.031 848.309
56.031 851.852
52.484 851.852
-1
4
120.324 776.5
120.895 776.5
120.895 831.301
120.324 831.301
-1
8
11.172 805.789
30.445 805.789
30.445 785.945
19.957 785.945
19.957 784.813
16.84 784.813
16.84 777.441
11.172 777.441
-1
8
48.02 805.789
67.297 805.789
67.297 785.945
56.809 785.945
56.809 784.813
53.691 784.813
53.691 777.441
48.02 777.441
-1
8
84.871 805.789
104.148 805.789
104.148 785.945
93.66 785.945
93.66 784.813
90.539 784.813
90.539 777.441
84.871 777.441
