-1
4
0.585 653.327
150.45 653.327
150.45 861.306
0.585 861.306
-1
4
24.777 750.797
30.445 750.797
30.445 756.465
24.777 756.465
-1
4
48.699 740.402
49.27 740.402
49.27 750.117
48.699 750.117
-1
4
52.484 662.781
56.031 662.781
56.031 666.324
52.484 666.324
-1
4
58.203 664.27
58.77 664.27
58.77 690.703
58.203 690.703
-1
4
68.996 750.797
74.668 750.797
74.668 756.465
68.996 756.465
-1
4
65.289 664.61
65.855 664.61
65.855 682.426
65.289 682.426
-1
4
76.367 750.797
82.035 750.797
82.035 756.465
76.367 756.465
-1
4
78.879 682.539
79.445 682.539
79.445 741.293
78.879 741.293
-1
4
89.973 730.387
96.777 730.387
96.777 741.727
89.973 741.727
-1
4
92.266 664.61
92.832 664.61
92.832 688.094
92.266 688.094
-1
4
102.09 662.781
105.637 662.781
105.637 666.324
102.09 666.324
-1
4
108.027 684.465
108.598 684.465
108.598 740.969
108.027 740.969
-1
4
98.477 750.797
104.148 750.797
104.148 756.465
98.477 756.465
-1
4
122.402 740.742
122.969 740.742
122.969 750.344
122.402 750.344
-1
4
116.266 662.781
119.809 662.781
119.809 666.324
116.266 666.324
-1
4
119.191 683.332
119.758 683.332
119.758 738.137
119.191 738.137
-1
4
17.406 743.426
23.078 743.426
23.078 749.094
17.406 749.094
-1
4
35.723 682.199
36.293 682.199
36.293 741.914
35.723 741.914
-1
4
32.148 750.797
37.816 750.797
37.816 756.465
32.148 756.465
-1
4
45.398 676.953
48.941 676.953
48.941 680.5
45.398 680.5
-1
6
38.516 742.859
40.538 742.859
40.538 742.293
39.082 742.293
39.082 684.807
38.516 684.807
-1
4
54.258 743.426
59.926 743.426
59.926 749.094
54.258 749.094
-1
4
51.648 738.854
52.215 738.854
52.215 747.055
51.648 747.055
-1
4
69.16 683.332
69.727 683.332
69.727 738.74
69.16 738.74
-1
4
63.043 738.854
63.613 738.854
63.613 750.344
63.043 750.344
-1
4
83.738 750.797
89.406 750.797
89.406 756.465
83.738 756.465
-1
4
95.004 669.867
98.547 669.867
98.547 673.41
95.004 673.41
-1
4
98.816 738.512
99.387 738.512
99.387 747.395
98.816 747.395
-1
4
91.105 743.426
96.777 743.426
96.777 749.094
91.105 749.094
-1
4
105.238 687.074
105.805 687.074
105.805 738.74
105.238 738.74
-1
4
105.848 750.797
111.516 750.797
111.516 756.465
105.848 756.465
-1
4
100.723 671.695
101.289 671.695
101.289 683.558
100.723 683.558
-1
4
113.219 750.797
118.887 750.797
118.887 756.465
113.219 756.465
-1
8
113.609 741.914
114.176 741.914
114.176 681.066
114.09 681.066
114.09 671.695
113.523 671.695
113.523 681.633
113.609 681.633
-1
4
127.957 743.426
133.629 743.426
133.629 749.094
127.957 749.094
-1
4
125.348 738.854
125.918 738.854
125.918 747.113
125.348 747.113
-1
4
120.613 671.695
121.18 671.695
121.18 682.426
120.613 682.426
-1
4
17.406 750.797
23.078 750.797
23.078 756.465
17.406 756.465
-1
8
32.934 739.683
33.5 739.683
33.5 681.066
33.281 681.066
33.281 679.081
32.715 679.081
32.715 681.633
32.934 681.633
-1
4
26.594 739.797
27.16 739.797
27.16 748.473
26.594 748.473
-1
4
54.258 750.797
59.926 750.797
59.926 756.465
54.258 756.465
-1
8
60.492 737.191
66.164 737.191
66.164 708.844
46.887 708.844
46.887 728.688
57.375 728.688
57.375 729.82
60.492 729.82
-1
4
74.02 681.406
74.586 681.406
74.586 743.993
74.02 743.993
-1
4
80.832 676.953
84.375 676.953
84.375 680.5
80.832 680.5
-1
4
76.367 743.426
82.035 743.426
82.035 749.094
76.367 749.094
-1
4
91.105 750.797
96.777 750.797
96.777 756.465
91.105 756.465
-1
4
110.82 682.539
111.387 682.539
111.387 743.993
110.82 743.993
-1
4
113.219 743.426
118.887 743.426
118.887 749.094
113.219 749.094
-1
4
127.957 750.797
133.629 750.797
133.629 756.465
127.957 756.465
-1
4
116.402 681.406
116.969 681.406
116.969 740.023
116.402 740.023
-1
4
39.52 750.797
45.188 750.797
45.188 756.465
39.52 756.465
-1
4
17.406 758.168
23.078 758.168
23.078 763.836
17.406 763.836
-1
4
26.594 764.742
27.16 764.742
27.16 774.836
26.594 774.836
-1
4
32.148 758.168
37.816 758.168
37.816 763.836
32.148 763.836
-1
4
39.52 758.168
45.188 758.168
45.188 763.836
39.52 763.836
-1
4
49.746 831.074
50.313 831.074
50.313 843.277
49.746 843.277
-1
4
46.887 758.168
52.555 758.168
52.555 763.836
46.887 763.836
-1
4
45.398 848.309
48.941 848.309
48.941 851.852
45.398 851.852
-1
4
54.258 758.168
59.926 758.168
59.926 763.836
54.258 763.836
-1
4
43.836 774.949
44.402 774.949
44.402 829.035
43.836 829.035
-1
4
50.176 766.16
50.742 766.16
50.742 774.836
50.176 774.836
-1
4
61.625 758.168
67.297 758.168
67.297 763.836
61.625 763.836
-1
4
59.57 841.223
63.113 841.223
63.113 844.766
59.57 844.766
-1
4
68.996 758.168
74.668 758.168
74.668 763.836
68.996 763.836
-1
4
71.59 773.342
72.156 773.342
72.156 832.094
71.59 832.094
-1
4
65.289 832.207
65.855 832.207
65.855 850.023
65.289 850.023
-1
4
76.367 758.168
82.035 758.168
82.035 763.836
76.367 763.836
-1
4
87.918 848.309
91.461 848.309
91.461 851.852
87.918 851.852
-1
4
78.879 774.004
79.445 774.004
79.445 832.094
78.879 832.094
-1
4
81.309 775.895
81.875 775.895
81.875 830.961
81.309 830.961
-1
4
87.422 764.289
87.988 764.289
87.988 775.781
87.422 775.781
-1
4
86.547 831.074
87.113 831.074
87.113 842.937
86.547 842.937
-1
4
91.105 758.168
96.777 758.168
96.777 763.836
91.105 763.836
-1
4
107.766 774.949
108.332 774.949
108.332 826.426
107.766 826.426
-1
4
98.477 758.168
104.148 758.168
104.148 763.836
98.477 763.836
-1
4
102.09 848.309
105.637 848.309
105.637 851.852
102.09 851.852
-1
4
105.848 758.168
111.516 758.168
111.516 763.836
105.848 763.836
-1
4
113.219 758.168
118.887 758.168
118.887 763.836
113.219 763.836
-1
4
109.18 841.223
112.723 841.223
112.723 844.766
109.18 844.766
-1
4
120.586 758.168
126.258 758.168
126.258 763.836
120.586 763.836
-1
4
109.18 848.309
112.723 848.309
112.723 851.852
109.18 851.852
-1
4
114.895 833.342
115.461 833.342
115.461 850.023
114.895 850.023
-1
4
127.957 758.168
133.629 758.168
133.629 763.836
127.957 763.836
-1
8
117.754 835.554
118.32 835.554
118.32 833
118.102 833
118.102 774.949
117.535 774.949
117.535 833.57
117.754 833.57
-1
4
123.875 766.16
124.441 766.16
124.441 774.836
123.875 774.836
-1
4
17.406 765.535
23.078 765.535
23.078 771.207
17.406 771.207
-1
4
32.672 775.895
33.238 775.895
33.238 832.094
32.672 832.094
-1
4
38.313 834.137
41.855 834.137
41.855 837.68
38.313 837.68
-1
4
39.648 770.64
40.215 770.64
40.215 832.094
39.648 832.094
-1
4
54.258 765.535
59.926 765.535
59.926 771.207
54.258 771.207
-1
4
56.832 827.672
57.398 827.672
57.398 842.937
56.832 842.937
-1
4
68.996 765.535
74.668 765.535
74.668 771.207
68.996 771.207
-1
4
76.449 770.64
77.016 770.64
77.016 833.228
76.449 833.228
-1
4
91.105 765.535
96.777 765.535
96.777 771.207
91.105 771.207
-1
4
98.816 767.238
99.387 767.238
99.387 776.121
98.816 776.121
-1
4
93.637 825.406
94.203 825.406
94.203 842.937
93.637 842.937
-1
4
105.848 765.535
111.516 765.535
111.516 771.207
105.848 771.207
-1
4
110.559 772.719
111.125 772.719
111.125 829.035
110.559 829.035
-1
4
100.723 828.469
101.289 828.469
101.289 842.937
100.723 842.937
-1
4
113.348 770.64
113.918 770.64
113.918 831.301
113.348 831.301
-1
4
127.957 765.535
133.629 765.535
133.629 771.207
127.957 771.207
-1
4
17.406 772.906
24.211 772.906
24.211 784.246
17.406 784.246
-1
4
127.957 772.906
134.762 772.906
134.762 784.246
127.957 784.246
-1
4
120.324 776.5
120.895 776.5
120.895 831.301
120.324 831.301
-1
8
48.02 805.789
67.297 805.789
67.297 785.945
56.809 785.945
56.809 784.813
53.691 784.813
53.691 777.441
48.02 777.441
-1
8
84.871 805.789
104.148 805.789
104.148 785.945
93.66 785.945
93.66 784.813
90.539 784.813
90.539 777.441
84.871 777.441
