-1
4
0.585 653.327
150.45 653.327
150.45 861.306
0.585 861.306
-1
4
28.828 683.332
30.707 683.332
30.707 683.898
28.828 683.898
-1
4
38.313 662.781
41.855 662.781
41.855 666.324
38.313 666.324
-1
4
35.574 664.27
36.141 664.27
36.141 681.293
35.574 681.293
-1
4
45.398 662.781
48.941 662.781
48.941 666.324
45.398 666.324
-1
4
45.832 690.137
58.43 690.137
58.43 690.703
45.832 690.703
-1
4
53.125 729.254
56.809 729.254
56.809 731.521
53.125 731.521
-1
4
57.375 740.593
59.926 740.593
59.926 742.859
57.375 742.859
-1
4
61.696 664.27
65.855 664.27
65.855 664.836
61.696 664.836
-1
4
72.113 755.898
74.668 755.898
74.668 757.602
72.113 757.602
-1
4
85.156 741.406
85.723 741.406
85.723 747.763
85.156 747.763
-1
4
76.367 749.664
78.918 749.664
78.918 751.364
76.367 751.364
-1
4
92.266 687.867
104.068 687.867
104.068 688.434
92.266 688.434
-1
4
96.097 737.57
104.068 737.57
104.068 738.137
96.097 738.137
-1
4
108.027 684.465
108.598 684.465
108.598 740.969
108.027 740.969
-1
4
101.766 740.742
102.332 740.742
102.332 751.364
101.766 751.364
-1
4
119.453 753.914
121.153 753.914
121.153 756.465
119.453 756.465
-1
4
126.824 730.387
133.629 730.387
133.629 741.727
126.824 741.727
-1
4
22.511 746.828
25.684 746.828
25.684 747.395
22.511 747.395
-1
4
32.148 749.664
34.699 749.664
34.699 751.364
32.148 751.364
-1
4
29.539 741.688
30.105 741.688
30.105 749.89
29.539 749.89
-1
4
45.398 669.867
48.941 669.867
48.941 673.41
45.398 673.41
-1
4
45.398 676.953
48.941 676.953
48.941 680.5
45.398 680.5
-1
4
40.25 685.602
49.973 685.602
49.973 686.168
40.25 686.168
-1
4
38.383 746.547
40.087 746.547
40.087 749.094
38.383 749.094
-1
4
47.227 741.688
47.793 741.688
47.793 747.763
47.227 747.763
-1
4
52.484 669.867
56.031 669.867
56.031 673.41
52.484 673.41
-1
4
51.648 746.828
53.805 746.828
53.805 747.395
51.648 747.395
-1
4
59.57 669.867
63.113 669.867
63.113 673.41
59.57 673.41
-1
4
69.16 683.332
69.727 683.332
69.727 738.74
69.16 738.74
-1
4
66.73 750.797
68.43 750.797
68.43 753.348
66.73 753.348
-1
4
64.746 755.898
67.297 755.898
67.297 757.602
64.746 757.602
-1
4
63.043 738.854
63.613 738.854
63.613 750.344
63.043 750.344
-1
4
87.918 669.867
91.461 669.867
91.461 673.41
87.918 673.41
-1
4
91.105 742.293
93.66 742.293
93.66 743.993
91.105 743.993
-1
4
96.21 743.426
97.91 743.426
97.91 745.977
96.21 745.977
-1
4
105.238 687.074
105.805 687.074
105.805 738.74
105.238 738.74
-1
4
102.09 669.867
105.637 669.867
105.637 673.41
102.09 673.41
-1
4
105.848 749.664
108.398 749.664
108.398 751.364
105.848 751.364
-1
4
104.715 753.914
106.415 753.914
106.415 756.465
104.715 756.465
-1
4
109.18 669.867
112.723 669.867
112.723 673.41
109.18 673.41
-1
4
112.082 753.914
113.786 753.914
113.786 756.465
112.082 756.465
-1
4
120.93 741.688
121.496 741.688
121.496 747.906
120.93 747.906
-1
4
116.266 669.867
119.809 669.867
119.809 673.41
116.266 673.41
-1
4
133.062 743.426
134.762 743.426
134.762 745.977
133.062 745.977
-1
4
126.824 746.547
128.524 746.547
128.524 749.094
126.824 749.094
-1
4
131.074 748.527
133.629 748.527
133.629 750.23
131.074 750.23
-1
4
24.141 676.953
27.684 676.953
27.684 680.5
24.141 680.5
-1
8
23.645 737.191
29.313 737.191
29.313 708.844
10.039 708.844
10.039 728.688
20.523 728.688
20.523 729.82
23.645 729.82
-1
8
32.934 739.683
33.5 739.683
33.5 681.066
33.281 681.066
33.281 679.081
32.715 679.081
32.715 681.633
32.934 681.633
-1
4
17.406 749.664
19.957 749.664
19.957 751.364
17.406 751.364
-1
4
16.273 753.914
17.973 753.914
17.973 756.465
16.273 756.465
-1
4
20.523 755.898
23.078 755.898
23.078 757.602
20.523 757.602
-1
4
23.645 748.586
24.211 748.586
24.211 751.817
23.645 751.817
-1
4
37.117 683.332
37.684 683.332
37.684 743.993
37.117 743.993
-1
4
32.148 742.293
34.699 742.293
34.699 743.993
32.148 743.993
-1
4
39.801 679.081
40.367 679.081
40.367 683.558
39.801 683.558
-1
4
53.973 679.081
54.543 679.081
54.543 688.434
53.973 688.434
-1
4
43.042 739.457
50.742 739.457
50.742 740.023
43.042 740.023
-1
4
50.176 749.664
55.278 749.664
55.278 750.23
50.176 750.23
-1
4
59.359 750.797
61.059 750.797
61.059 753.348
59.359 753.348
-1
4
57.375 755.898
59.926 755.898
59.926 757.602
57.375 757.602
-1
4
68.148 681.066
74.586 681.066
74.586 681.633
68.148 681.633
-1
4
67.863 746.547
69.563 746.547
69.563 749.094
67.863 749.094
-1
4
76.449 681.066
82.887 681.066
82.887 681.633
76.449 681.633
-1
4
81.468 743.426
83.172 743.426
83.172 745.977
81.468 745.977
-1
4
89.406 679.081
89.973 679.081
89.973 710.828
89.406 710.828
-1
4
96.492 679.081
97.059 679.081
97.059 686.168
96.492 686.168
-1
4
91.105 749.664
93.66 749.664
93.66 751.364
91.105 751.364
-1
4
94.227 755.898
96.777 755.898
96.777 757.602
94.227 757.602
-1
4
97.344 748.586
97.91 748.586
97.91 751.817
97.344 751.817
-1
4
112.082 746.547
113.786 746.547
113.786 749.094
112.082 749.094
-1
6
112.215 742.859
114.239 742.859
114.239 742.293
112.781 742.293
112.781 681.406
112.215 681.406
-1
4
116.402 681.406
116.969 681.406
116.969 740.023
116.402 740.023
-1
4
126.824 753.914
128.524 753.914
128.524 756.465
126.824 756.465
-1
4
131.074 755.898
133.629 755.898
133.629 757.602
131.074 757.602
-1
4
123.875 739.797
124.441 739.797
124.441 749.89
123.875 749.89
-1
4
39.52 750.797
45.188 750.797
45.188 756.465
39.52 756.465
-1
4
20.523 763.269
23.078 763.269
23.078 764.969
20.523 764.969
-1
4
24.777 757.035
27.328 757.035
27.328 758.735
24.777 758.735
-1
4
28.406 773.664
36.027 773.664
36.027 774.23
28.406 774.23
-1
4
35.914 849.797
39.73 849.797
39.73 850.363
35.914 850.363
-1
4
38.313 841.223
41.855 841.223
41.855 844.766
38.313 844.766
-1
4
32.148 757.035
34.699 757.035
34.699 758.735
32.148 758.735
-1
4
31.012 762.816
31.582 762.816
31.582 766.953
31.012 766.953
-1
4
41.043 830.734
50.313 830.734
50.313 831.301
41.043 831.301
-1
4
45.398 841.223
48.941 841.223
48.941 844.766
45.398 844.766
-1
4
38.383 761.285
40.087 761.285
40.087 763.836
38.383 763.836
-1
4
42.637 763.269
45.188 763.269
45.188 764.969
42.637 764.969
-1
4
41.383 772.719
47.453 772.719
47.453 773.285
41.383 773.285
-1
4
45.398 848.309
48.941 848.309
48.941 851.852
45.398 851.852
-1
4
48.699 763.269
49.27 763.269
49.27 774.23
48.699 774.23
-1
4
53.125 761.285
54.825 761.285
54.825 763.836
53.125 763.836
-1
4
53.973 828.469
54.543 828.469
54.543 835.554
53.973 835.554
-1
4
59.57 841.223
63.113 841.223
63.113 844.766
59.57 844.766
-1
4
60.492 761.285
62.192 761.285
62.192 763.836
60.492 763.836
-1
4
69.16 775.082
69.727 775.082
69.727 830.961
69.16 830.961
-1
4
72.113 763.269
74.668 763.269
74.668 764.969
72.113 764.969
-1
4
65.313 766.867
65.879 766.867
65.879 773.228
65.313 773.228
-1
4
61.696 849.797
65.855 849.797
65.855 850.363
61.696 850.363
-1
4
67.863 762.816
68.43 762.816
68.43 766.754
67.863 766.754
-1
4
76.367 757.035
78.918 757.035
78.918 758.735
76.367 758.735
-1
4
85.18 849.797
89.335 849.797
89.335 850.363
85.18 850.363
-1
4
83.738 757.035
86.289 757.035
86.289 758.735
83.738 758.735
-1
4
88.839 758.168
90.539 758.168
90.539 760.719
88.839 760.719
-1
4
82.602 761.285
84.305 761.285
84.305 763.836
82.602 763.836
-1
4
81.309 775.895
81.875 775.895
81.875 830.961
81.309 830.961
-1
4
87.422 764.289
87.988 764.289
87.988 775.781
87.422 775.781
-1
4
86.547 831.074
87.113 831.074
87.113 842.937
86.547 842.937
-1
4
96.492 826.539
97.059 826.539
97.059 835.554
96.492 835.554
-1
4
98.477 757.035
101.027 757.035
101.027 758.735
98.477 758.735
-1
4
97.344 761.285
99.044 761.285
99.044 763.836
97.344 763.836
-1
4
109.164 774.004
109.73 774.004
109.73 827.558
109.164 827.558
-1
4
101.766 764.289
102.332 764.289
102.332 773.89
101.766 773.89
-1
4
105.848 758.168
111.516 758.168
111.516 763.836
105.848 763.836
-1
4
109.18 841.223
112.723 841.223
112.723 844.766
109.18 844.766
-1
4
125.691 758.168
127.391 758.168
127.391 760.719
125.691 760.719
-1
4
119.453 761.285
121.153 761.285
121.153 763.836
119.453 763.836
-1
4
111.306 849.797
115.461 849.797
115.461 850.363
111.306 850.363
-1
4
131.074 763.269
133.629 763.269
133.629 764.969
131.074 764.969
-1
4
126.824 762.816
127.391 762.816
127.391 766.387
126.824 766.387
-1
8
117.754 835.554
118.32 835.554
118.32 833
118.102 833
118.102 774.949
117.535 774.949
117.535 833.57
117.754 833.57
-1
4
29.855 831.867
33.238 831.867
33.238 832.434
29.855 832.434
-1
4
31.227 841.223
34.77 841.223
34.77 844.766
31.227 844.766
-1
4
23.531 767.523
25.684 767.523
25.684 768.09
23.531 768.09
-1
4
25.457 775.555
33.238 775.555
33.238 776.121
25.457 776.121
-1
4
37.249 765.535
38.949 765.535
38.949 768.09
37.249 768.09
-1
6
38.254 833.228
38.82 833.228
38.82 771.773
36.796 771.773
36.796 772.34
38.254 772.34
-1
4
45.398 834.137
48.941 834.137
48.941 837.68
45.398 837.68
-1
4
51.648 767.238
52.215 767.238
52.215 776.121
51.648 776.121
-1
4
45.23 775.555
45.797 775.555
45.797 827.898
45.23 827.898
-1
4
52.484 841.223
56.031 841.223
56.031 844.766
52.484 844.766
-1
4
59.359 765.535
61.059 765.535
61.059 768.09
59.359 768.09
-1
4
57.375 770.64
59.926 770.64
59.926 772.34
57.375 772.34
-1
4
68.148 833
74.586 833
74.586 833.57
68.148 833.57
-1
4
76.449 833
82.887 833
82.887 833.57
76.449 833.57
-1
4
76.367 764.402
78.918 764.402
78.918 766.102
76.367 766.102
-1
4
81.468 765.535
83.172 765.535
83.172 768.09
81.468 768.09
-1
4
98.816 767.238
99.387 767.238
99.387 776.121
98.816 776.121
-1
4
95.004 841.223
98.547 841.223
98.547 844.766
95.004 844.766
-1
4
91.105 764.402
93.66 764.402
93.66 766.102
91.105 766.102
-1
4
89.973 768.656
91.672 768.656
91.672 771.207
89.973 771.207
-1
4
94.227 770.64
96.777 770.64
96.777 772.34
94.227 772.34
-1
4
102.09 834.137
105.637 834.137
105.637 837.68
102.09 837.68
-1
4
110.949 765.535
112.652 765.535
112.652 768.09
110.949 768.09
-1
4
103.582 829.602
112.18 829.602
112.18 830.168
103.582 830.168
-1
4
100.723 842.711
103.509 842.711
103.509 843.277
100.723 843.277
-1
4
113.348 770.64
113.918 770.64
113.918 831.301
113.348 831.301
-1
4
116.266 841.223
119.809 841.223
119.809 844.766
116.266 844.766
-1
4
131.074 770.64
133.629 770.64
133.629 772.34
131.074 772.34
-1
4
31.227 848.309
34.77 848.309
34.77 851.852
31.227 851.852
-1
4
57.375 783.112
61.059 783.112
61.059 785.379
57.375 785.379
-1
4
54.612 849.797
58.43 849.797
58.43 850.363
54.612 850.363
-1
4
92.266 823.93
105.543 823.93
105.543 824.5
92.266 824.5
-1
4
95.004 848.309
98.547 848.309
98.547 851.852
95.004 851.852
-1
4
120.324 776.5
120.895 776.5
120.895 831.301
120.324 831.301
-1
4
118.392 849.797
122.207 849.797
122.207 850.363
118.392 850.363
-1
4
24.777 777.441
30.445 777.441
30.445 787.929
24.777 787.929
-1
4
98.477 777.441
104.148 777.441
104.148 787.929
98.477 787.929
-1
4
123.352 834.137
126.895 834.137
126.895 837.68
123.352 837.68
-1
4
135.328 777.441
140.996 777.441
140.996 787.929
135.328 787.929
