-1
4
31.227 662.781
34.77 662.781
34.77 666.324
31.227 666.324
-1
4
28.488 664.27
29.055 664.27
29.055 683.898
28.488 683.898
-1
4
16.273 730.387
23.078 730.387
23.078 741.727
16.273 741.727
-1
4
28.828 683.332
30.707 683.332
30.707 683.898
28.828 683.898
-1
4
28.828 664.27
32.644 664.27
32.644 664.836
28.828 664.836
-1
4
16.273 729.254
19.957 729.254
19.957 731.521
16.273 731.521
-1
4
22.398 737.57
30.707 737.57
30.707 738.137
22.398 738.137
-1
4
20.523 740.593
23.078 740.593
23.078 742.859
20.523 742.859
-1
4
30.141 683.672
30.707 683.672
30.707 737.797
30.141 737.797
-1
4
38.313 662.781
41.855 662.781
41.855 666.324
38.313 666.324
-1
4
34.328 681.066
36.141 681.066
36.141 681.633
34.328 681.633
-1
4
28.066 740.402
34.895 740.402
34.895 740.969
28.066 740.969
-1
4
24.777 750.797
30.445 750.797
30.445 756.465
24.777 756.465
-1
4
35.574 664.27
36.141 664.27
36.141 681.293
35.574 681.293
-1
4
34.328 681.406
34.895 681.406
34.895 740.629
34.328 740.629
-1
4
24.777 749.664
27.328 749.664
27.328 751.364
24.777 751.364
-1
4
29.878 750.797
31.582 750.797
31.582 753.348
29.878 753.348
-1
4
23.645 753.914
25.344 753.914
25.344 756.465
23.645 756.465
-1
4
27.895 755.898
30.445 755.898
30.445 757.602
27.895 757.602
-1
4
28.066 740.742
28.633 740.742
28.633 751.364
28.066 751.364
-1
4
35.914 664.27
39.73 664.27
39.73 664.836
35.914 664.836
-1
4
45.398 662.781
48.941 662.781
48.941 666.324
45.398 666.324
-1
4
51.113 664.27
51.684 664.27
51.684 687.301
51.113 687.301
-1
4
46.887 750.797
52.555 750.797
52.555 756.465
46.887 756.465
-1
4
41.305 686.734
51.341 686.734
51.341 687.301
41.305 687.301
-1
4
47.524 664.27
51.341 664.27
51.341 664.836
47.524 664.836
-1
4
41.305 740.402
48.927 740.402
48.927 740.969
41.305 740.969
-1
4
48.699 740.402
49.27 740.402
49.27 750.117
48.699 750.117
-1
4
46.887 749.664
49.438 749.664
49.438 751.364
46.887 751.364
-1
4
51.988 750.797
53.691 750.797
53.691 753.348
51.988 753.348
-1
4
45.754 753.914
47.454 753.914
47.454 756.465
45.754 756.465
-1
4
50.004 755.898
52.555 755.898
52.555 757.602
50.004 757.602
-1
4
41.305 687.074
41.871 687.074
41.871 740.629
41.305 740.629
-1
4
52.484 662.781
56.031 662.781
56.031 666.324
52.484 666.324
-1
4
58.203 664.27
58.77 664.27
58.77 690.703
58.203 690.703
-1
4
45.492 690.137
46.059 690.137
46.059 738.137
45.492 738.137
-1
4
53.125 730.387
59.926 730.387
59.926 741.727
53.125 741.727
-1
4
54.612 664.27
58.43 664.27
58.43 664.836
54.612 664.836
-1
4
45.832 690.137
58.43 690.137
58.43 690.703
45.832 690.703
-1
4
53.125 729.254
56.809 729.254
56.809 731.521
53.125 731.521
-1
4
57.375 740.593
59.926 740.593
59.926 742.859
57.375 742.859
-1
4
45.832 737.57
53.805 737.57
53.805 738.137
45.832 738.137
-1
4
59.57 662.781
63.113 662.781
63.113 666.324
59.57 666.324
-1
4
65.289 682.199
72.156 682.199
72.156 682.766
65.289 682.766
-1
4
65.313 740.402
72.156 740.402
72.156 740.969
65.313 740.969
-1
4
68.996 750.797
74.668 750.797
74.668 756.465
68.996 756.465
-1
4
61.696 664.27
65.855 664.27
65.855 664.836
61.696 664.836
-1
4
71.59 682.539
72.156 682.539
72.156 740.629
71.59 740.629
-1
4
65.313 749.664
70.016 749.664
70.016 750.23
65.313 750.23
-1
4
68.996 749.664
71.547 749.664
71.547 751.364
68.996 751.364
-1
4
74.101 750.797
75.801 750.797
75.801 753.348
74.101 753.348
-1
4
67.863 753.914
69.563 753.914
69.563 756.465
67.863 756.465
-1
4
72.113 755.898
74.668 755.898
74.668 757.602
72.113 757.602
-1
4
65.289 664.61
65.855 664.61
65.855 682.426
65.289 682.426
-1
4
65.313 740.742
65.879 740.742
65.879 749.89
65.313 749.89
-1
4
87.918 662.781
91.461 662.781
91.461 666.324
87.918 666.324
-1
4
78.879 682.199
85.746 682.199
85.746 682.766
78.879 682.766
-1
4
78.879 741.066
85.723 741.066
85.723 741.633
78.879 741.633
-1
4
82.602 747.535
85.723 747.535
85.723 748.105
82.602 748.105
-1
4
76.367 750.797
82.035 750.797
82.035 756.465
76.367 756.465
-1
4
85.18 664.27
89.335 664.27
89.335 664.836
85.18 664.836
-1
4
78.879 682.539
79.445 682.539
79.445 741.293
78.879 741.293
-1
4
85.156 741.406
85.723 741.406
85.723 747.763
85.156 747.763
-1
4
76.367 749.664
78.918 749.664
78.918 751.364
76.367 751.364
-1
4
81.468 750.797
83.172 750.797
83.172 753.348
81.468 753.348
-1
4
75.234 753.914
76.934 753.914
76.934 756.465
75.234 756.465
-1
4
79.484 755.898
82.035 755.898
82.035 757.602
79.484 757.602
-1
4
85.18 664.61
85.746 664.61
85.746 682.426
85.18 682.426
-1
4
82.602 747.877
83.172 747.877
83.172 751.817
82.602 751.817
-1
4
95.004 662.781
98.547 662.781
98.547 666.324
95.004 666.324
-1
4
103.84 687.867
104.41 687.867
104.41 738.137
103.84 738.137
-1
4
89.973 730.387
96.777 730.387
96.777 741.727
89.973 741.727
-1
4
92.266 664.27
96.421 664.27
96.421 664.836
92.266 664.836
-1
4
92.266 687.867
104.068 687.867
104.068 688.434
92.266 688.434
-1
4
89.973 729.254
93.66 729.254
93.66 731.521
89.973 731.521
-1
4
94.227 740.593
96.777 740.593
96.777 742.859
94.227 742.859
-1
4
96.097 737.57
104.068 737.57
104.068 738.137
96.097 738.137
-1
4
92.266 664.61
92.832 664.61
92.832 688.094
92.266 688.094
-1
4
102.09 662.781
105.637 662.781
105.637 666.324
102.09 666.324
-1
4
108.027 684.465
108.598 684.465
108.598 740.969
108.027 740.969
-1
4
98.477 750.797
104.148 750.797
104.148 756.465
98.477 756.465
-1
4
99.352 664.27
103.509 664.27
103.509 664.836
99.352 664.836
-1
4
99.352 684.465
108.255 684.465
108.255 685.035
99.352 685.035
-1
4
101.766 740.402
108.255 740.402
108.255 740.969
101.766 740.969
-1
4
98.477 749.664
101.027 749.664
101.027 751.364
98.477 751.364
-1
4
103.581 750.797
105.281 750.797
105.281 753.348
103.581 753.348
-1
4
97.344 753.914
99.044 753.914
99.044 756.465
97.344 756.465
-1
4
101.594 755.898
104.148 755.898
104.148 757.602
101.594 757.602
-1
4
99.352 664.61
99.918 664.61
99.918 684.693
99.352 684.693
-1
4
101.766 740.742
102.332 740.742
102.332 751.364
101.766 751.364
-1
4
109.18 662.781
112.723 662.781
112.723 666.324
109.18 666.324
-1
4
120.586 750.797
126.258 750.797
126.258 756.465
120.586 756.465
-1
4
111.306 664.27
115.461 664.27
115.461 664.836
111.306 664.836
-1
4
115.346 740.402
122.969 740.402
122.969 740.969
115.346 740.969
-1
4
120.586 749.664
123.137 749.664
123.137 751.364
120.586 751.364
-1
4
125.691 750.797
127.391 750.797
127.391 753.348
125.691 753.348
-1
4
119.453 753.914
121.153 753.914
121.153 756.465
119.453 756.465
-1
4
123.707 755.898
126.258 755.898
126.258 757.602
123.707 757.602
-1
8
115.004 740.969
115.574 740.969
115.574 681.066
115.461 681.066
115.461 664.61
114.895 664.61
114.895 681.633
115.004 681.633
-1
4
122.402 740.742
122.969 740.742
122.969 750.344
122.402 750.344
-1
4
116.266 662.781
119.809 662.781
119.809 666.324
116.266 666.324
-1
4
121.98 664.27
122.547 664.27
122.547 683.898
121.98 683.898
-1
4
119.191 683.332
119.758 683.332
119.758 738.137
119.191 738.137
-1
4
126.824 730.387
133.629 730.387
133.629 741.727
126.824 741.727
-1
4
118.392 664.27
122.207 664.27
122.207 664.836
118.392 664.836
-1
4
119.531 683.332
122.207 683.332
122.207 683.898
119.531 683.898
-1
4
126.824 729.254
130.508 729.254
130.508 731.521
126.824 731.521
-1
4
131.074 740.593
133.629 740.593
133.629 742.859
131.074 742.859
-1
4
119.531 737.57
127.504 737.57
127.504 738.137
119.531 738.137
-1
4
31.227 669.867
34.77 669.867
34.77 673.41
31.227 673.41
-1
4
29.855 682.199
32.105 682.199
32.105 682.766
29.855 682.766
-1
4
25.117 738.512
32.105 738.512
32.105 739.082
25.117 739.082
-1
4
17.406 743.426
23.078 743.426
23.078 749.094
17.406 749.094
-1
4
29.855 671.355
32.644 671.355
32.644 671.922
29.855 671.922
-1
4
31.539 682.539
32.105 682.539
32.105 738.74
31.539 738.74
-1
4
17.406 742.293
19.957 742.293
19.957 743.993
17.406 743.993
-1
4
22.511 743.426
24.211 743.426
24.211 745.977
22.511 745.977
-1
4
16.273 746.547
17.973 746.547
17.973 749.094
16.273 749.094
-1
4
22.511 746.828
25.684 746.828
25.684 747.395
22.511 747.395
-1
4
20.523 748.527
23.078 748.527
23.078 750.23
20.523 750.23
-1
4
29.855 671.695
30.422 671.695
30.422 682.426
29.855 682.426
-1
4
25.117 738.854
25.684 738.854
25.684 747.055
25.117 747.055
-1
4
38.313 669.867
41.855 669.867
41.855 673.41
38.313 673.41
-1
4
36.941 671.355
37.512 671.355
37.512 682.766
36.941 682.766
-1
4
35.723 682.199
36.293 682.199
36.293 741.914
35.723 741.914
-1
4
32.148 750.797
37.816 750.797
37.816 756.465
32.148 756.465
-1
4
37.284 671.355
39.73 671.355
39.73 671.922
37.284 671.922
-1
4
29.539 741.348
35.951 741.348
35.951 741.914
29.539 741.914
-1
4
36.065 682.199
37.169 682.199
37.169 682.766
36.065 682.766
-1
4
29.539 749.664
33.168 749.664
33.168 750.23
29.539 750.23
-1
4
32.148 749.664
34.699 749.664
34.699 751.364
32.148 751.364
-1
4
37.249 750.797
38.949 750.797
38.949 753.348
37.249 753.348
-1
4
31.012 753.914
32.715 753.914
32.715 756.465
31.012 756.465
-1
4
35.266 755.898
37.816 755.898
37.816 757.602
35.266 757.602
-1
4
29.539 741.688
30.105 741.688
30.105 749.89
29.539 749.89
-1
4
45.398 669.867
48.941 669.867
48.941 673.41
45.398 673.41
-1
4
45.398 676.953
48.941 676.953
48.941 680.5
45.398 680.5
-1
4
38.516 684.465
47.453 684.465
47.453 685.035
38.516 685.035
-1
4
39.91 685.602
40.477 685.602
40.477 741.914
39.91 741.914
-1
4
39.52 743.426
45.188 743.426
45.188 749.094
39.52 749.094
-1
4
47.524 671.355
50.313 671.355
50.313 671.922
47.524 671.922
-1
4
49.746 671.695
50.313 671.695
50.313 686.168
49.746 686.168
-1
4
46.887 679.081
47.453 679.081
47.453 684.693
46.887 684.693
-1
4
40.25 741.348
47.793 741.348
47.793 741.914
40.25 741.914
-1
4
40.25 685.602
49.973 685.602
49.973 686.168
40.25 686.168
-1
4
39.52 742.293
42.066 742.293
42.066 743.993
39.52 743.993
-1
4
44.621 743.426
46.32 743.426
46.32 745.977
44.621 745.977
-1
4
38.383 746.547
40.087 746.547
40.087 749.094
38.383 749.094
-1
4
44.621 747.535
47.793 747.535
47.793 748.105
44.621 748.105
-1
4
42.637 748.527
45.188 748.527
45.188 750.23
42.637 750.23
-1
6
38.516 742.859
40.538 742.859
40.538 742.293
39.082 742.293
39.082 684.807
38.516 684.807
-1
4
47.227 741.688
47.793 741.688
47.793 747.763
47.227 747.763
-1
4
52.484 669.867
56.031 669.867
56.031 673.41
52.484 673.41
-1
4
44.098 689
57.398 689
57.398 689.57
44.098 689.57
-1
4
44.098 738.512
52.215 738.512
52.215 739.082
44.098 739.082
-1
4
54.258 743.426
59.926 743.426
59.926 749.094
54.258 749.094
-1
4
54.612 671.355
57.398 671.355
57.398 671.922
54.612 671.922
-1
4
44.098 689.342
44.664 689.342
44.664 738.74
44.098 738.74
-1
4
54.258 742.293
56.809 742.293
56.809 743.993
54.258 743.993
-1
4
59.359 743.426
61.059 743.426
61.059 745.977
59.359 745.977
-1
4
53.125 746.547
54.825 746.547
54.825 749.094
53.125 749.094
-1
4
57.375 748.527
59.926 748.527
59.926 750.23
57.375 750.23
-1
4
51.648 738.854
52.215 738.854
52.215 747.055
51.648 747.055
-1
4
51.648 746.828
53.805 746.828
53.805 747.395
51.648 747.395
-1
4
56.832 671.695
57.398 671.695
57.398 689.228
56.832 689.228
-1
4
59.57 669.867
63.113 669.867
63.113 673.41
59.57 673.41
-1
4
63.043 738.512
69.727 738.512
69.727 739.082
63.043 739.082
-1
4
61.625 750.797
67.297 750.797
67.297 756.465
61.625 756.465
-1
4
61.696 671.355
64.484 671.355
64.484 671.922
61.696 671.922
-1
4
63.918 683.332
69.387 683.332
69.387 683.898
63.918 683.898
-1
4
69.16 683.332
69.727 683.332
69.727 738.74
69.16 738.74
-1
4
61.625 749.664
64.18 749.664
64.18 751.364
61.625 751.364
-1
4
66.73 750.797
68.43 750.797
68.43 753.348
66.73 753.348
-1
4
60.492 753.914
62.192 753.914
62.192 756.465
60.492 756.465
-1
4
64.746 755.898
67.297 755.898
67.297 757.602
64.746 757.602
-1
4
63.918 671.695
64.484 671.695
64.484 683.558
63.918 683.558
-1
4
63.043 738.854
63.613 738.854
63.613 750.344
63.043 750.344
-1
4
87.918 669.867
91.461 669.867
91.461 673.41
87.918 673.41
-1
4
81.309 683.332
87.113 683.332
87.113 683.898
81.309 683.898
-1
4
81.309 738.988
87.988 738.988
87.988 739.555
81.309 739.555
-1
4
83.738 750.797
89.406 750.797
89.406 756.465
83.738 756.465
-1
4
86.547 671.355
89.335 671.355
89.335 671.922
86.547 671.922
-1
4
81.309 683.672
81.875 683.672
81.875 739.215
81.309 739.215
-1
4
83.738 749.664
86.289 749.664
86.289 751.364
83.738 751.364
-1
4
88.839 750.797
90.539 750.797
90.539 753.348
88.839 753.348
-1
4
82.602 753.914
84.305 753.914
84.305 756.465
82.602 756.465
-1
4
86.855 755.898
89.406 755.898
89.406 757.602
86.855 757.602
-1
4
87.422 739.328
87.988 739.328
87.988 751.364
87.422 751.364
-1
4
86.547 671.695
87.113 671.695
87.113 683.558
86.547 683.558
-1
4
95.004 669.867
98.547 669.867
98.547 673.41
95.004 673.41
-1
4
93.637 686.734
105.805 686.734
105.805 687.301
93.637 687.301
-1
4
98.816 738.512
99.387 738.512
99.387 747.395
98.816 747.395
-1
4
91.105 743.426
96.777 743.426
96.777 749.094
91.105 749.094
-1
4
93.637 671.355
96.421 671.355
96.421 671.922
93.637 671.922
-1
4
99.159 738.512
105.805 738.512
105.805 739.082
99.159 739.082
-1
4
91.105 742.293
93.66 742.293
93.66 743.993
91.105 743.993
-1
4
96.21 743.426
97.91 743.426
97.91 745.977
96.21 745.977
-1
4
89.973 746.547
91.672 746.547
91.672 749.094
89.973 749.094
-1
4
94.227 748.527
96.777 748.527
96.777 750.23
94.227 750.23
-1
4
96.21 746.828
99.044 746.828
99.044 747.395
96.21 747.395
-1
4
93.637 671.695
94.203 671.695
94.203 686.961
93.637 686.961
-1
4
105.238 687.074
105.805 687.074
105.805 738.74
105.238 738.74
-1
4
102.09 669.867
105.637 669.867
105.637 673.41
102.09 673.41
-1
4
100.723 683.332
109.988 683.332
109.988 683.898
100.723 683.898
-1
4
103.238 741.348
103.809 741.348
103.809 750.23
103.238 750.23
-1
4
105.848 750.797
111.516 750.797
111.516 756.465
105.848 756.465
-1
4
100.723 671.355
103.509 671.355
103.509 671.922
100.723 671.922
-1
4
103.581 741.348
109.988 741.348
109.988 741.914
103.581 741.914
-1
4
105.848 749.664
108.398 749.664
108.398 751.364
105.848 751.364
-1
4
110.949 750.797
112.652 750.797
112.652 753.348
110.949 753.348
-1
4
104.715 753.914
106.415 753.914
106.415 756.465
104.715 756.465
-1
4
108.965 755.898
111.516 755.898
111.516 757.602
108.965 757.602
-1
4
100.723 671.695
101.289 671.695
101.289 683.558
100.723 683.558
-1
4
109.422 683.672
109.988 683.672
109.988 741.574
109.422 741.574
-1
4
103.581 749.664
106.868 749.664
106.868 750.23
103.581 750.23
-1
4
109.18 669.867
112.723 669.867
112.723 673.41
109.18 673.41
-1
4
113.219 750.797
118.887 750.797
118.887 756.465
113.219 756.465
-1
4
111.306 671.355
114.09 671.355
114.09 671.922
111.306 671.922
-1
4
113.949 741.348
121.496 741.348
121.496 741.914
113.949 741.914
-1
4
119.793 747.68
121.496 747.68
121.496 748.246
119.793 748.246
-1
4
119.453 747.68
120.02 747.68
120.02 751.817
119.453 751.817
-1
4
113.219 749.664
115.77 749.664
115.77 751.364
113.219 751.364
-1
4
118.32 750.797
120.02 750.797
120.02 753.348
118.32 753.348
-1
4
112.082 753.914
113.786 753.914
113.786 756.465
112.082 756.465
-1
4
116.336 755.898
118.887 755.898
118.887 757.602
116.336 757.602
-1
8
113.609 741.914
114.176 741.914
114.176 681.066
114.09 681.066
114.09 671.695
113.523 671.695
113.523 681.633
113.609 681.633
-1
4
120.93 741.688
121.496 741.688
121.496 747.906
120.93 747.906
-1
4
116.266 669.867
119.809 669.867
119.809 673.41
116.266 673.41
-1
4
117.797 682.199
121.18 682.199
121.18 682.766
117.797 682.766
-1
4
117.797 738.512
125.918 738.512
125.918 739.082
117.797 739.082
-1
4
127.957 743.426
133.629 743.426
133.629 749.094
127.957 749.094
-1
4
118.392 671.355
121.18 671.355
121.18 671.922
118.392 671.922
-1
4
125.348 738.854
125.918 738.854
125.918 747.113
125.348 747.113
-1
4
117.797 682.539
118.363 682.539
118.363 738.74
117.797 738.74
-1
4
127.957 742.293
130.508 742.293
130.508 743.993
127.957 743.993
-1
4
133.062 743.426
134.762 743.426
134.762 745.977
133.062 745.977
-1
4
126.824 746.547
128.524 746.547
128.524 749.094
126.824 749.094
-1
4
131.074 748.527
133.629 748.527
133.629 750.23
131.074 750.23
-1
4
120.613 671.695
121.18 671.695
121.18 682.426
120.613 682.426
-1
4
125.69 746.547
127.504 746.547
127.504 747.113
125.69 747.113
-1
4
24.141 676.953
27.684 676.953
27.684 680.5
24.141 680.5
-1
8
23.645 737.191
29.313 737.191
29.313 708.844
10.039 708.844
10.039 728.688
20.523 728.688
20.523 729.82
23.645 729.82
-1
4
10.039 726.704
15.707 726.704
15.707 737.191
10.039 737.191
-1
4
25.629 679.081
26.195 679.081
26.195 711.679
25.629 711.679
-1
4
31.227 676.953
34.77 676.953
34.77 680.5
31.227 680.5
-1
4
26.594 739.457
33.5 739.457
33.5 740.023
26.594 740.023
-1
4
23.645 748.246
27.16 748.246
27.16 748.813
23.645 748.813
-1
4
17.406 750.797
23.078 750.797
23.078 756.465
17.406 756.465
-1
8
32.934 739.683
33.5 739.683
33.5 681.066
33.281 681.066
33.281 679.081
32.715 679.081
32.715 681.633
32.934 681.633
-1
4
26.594 739.797
27.16 739.797
27.16 748.473
26.594 748.473
-1
4
17.406 749.664
19.957 749.664
19.957 751.364
17.406 751.364
-1
4
22.511 750.797
24.211 750.797
24.211 753.348
22.511 753.348
-1
4
16.273 753.914
17.973 753.914
17.973 756.465
16.273 756.465
-1
4
20.523 755.898
23.078 755.898
23.078 757.602
20.523 757.602
-1
4
23.645 748.586
24.211 748.586
24.211 751.817
23.645 751.817
-1
4
38.313 676.953
41.855 676.953
41.855 680.5
38.313 680.5
-1
4
32.148 743.426
37.816 743.426
37.816 749.094
32.148 749.094
-1
4
37.457 683.332
40.367 683.332
40.367 683.898
37.457 683.898
-1
4
37.117 683.332
37.684 683.332
37.684 743.993
37.117 743.993
-1
4
32.148 742.293
34.699 742.293
34.699 743.993
32.148 743.993
-1
4
37.249 743.426
38.949 743.426
38.949 745.977
37.249 745.977
-1
4
31.012 746.547
32.715 746.547
32.715 749.094
31.012 749.094
-1
4
35.266 748.527
37.816 748.527
37.816 750.23
35.266 750.23
-1
4
39.801 679.081
40.367 679.081
40.367 683.558
39.801 683.558
-1
4
52.484 676.953
56.031 676.953
56.031 680.5
52.484 680.5
-1
4
42.699 687.867
43.27 687.867
43.27 740.023
42.699 740.023
-1
4
54.258 750.797
59.926 750.797
59.926 756.465
54.258 756.465
-1
4
53.973 679.081
54.543 679.081
54.543 688.434
53.973 688.434
-1
4
43.042 739.457
50.742 739.457
50.742 740.023
43.042 740.023
-1
4
50.176 749.664
55.278 749.664
55.278 750.23
50.176 750.23
-1
4
54.258 749.664
56.809 749.664
56.809 751.364
54.258 751.364
-1
4
59.359 750.797
61.059 750.797
61.059 753.348
59.359 753.348
-1
4
53.125 753.914
54.825 753.914
54.825 756.465
53.125 756.465
-1
4
57.375 755.898
59.926 755.898
59.926 757.602
57.375 757.602
-1
4
43.042 687.867
54.201 687.867
54.201 688.434
43.042 688.434
-1
4
50.176 739.797
50.742 739.797
50.742 749.89
50.176 749.89
-1
4
59.57 676.953
63.113 676.953
63.113 680.5
59.57 680.5
-1
8
60.492 737.191
66.164 737.191
66.164 708.844
46.887 708.844
46.887 728.688
57.375 728.688
57.375 729.82
60.492 729.82
-1
4
46.887 726.704
52.555 726.704
52.555 737.191
46.887 737.191
-1
4
61.059 679.081
61.625 679.081
61.625 711.679
61.059 711.679
-1
4
66.66 676.953
70.203 676.953
70.203 680.5
66.66 680.5
-1
4
68.148 681.066
74.586 681.066
74.586 681.633
68.148 681.633
-1
4
68.996 743.426
74.668 743.426
74.668 749.094
68.996 749.094
-1
4
68.148 679.081
68.715 679.081
68.715 681.293
68.148 681.293
-1
4
68.996 742.293
71.547 742.293
71.547 743.993
68.996 743.993
-1
4
74.101 743.426
75.801 743.426
75.801 745.977
74.101 745.977
-1
4
67.863 746.547
69.563 746.547
69.563 749.094
67.863 749.094
-1
4
72.113 748.527
74.668 748.527
74.668 750.23
72.113 750.23
-1
4
74.02 681.406
74.586 681.406
74.586 743.993
74.02 743.993
-1
4
80.832 676.953
84.375 676.953
84.375 680.5
80.832 680.5
-1
4
76.449 681.066
82.887 681.066
82.887 681.633
76.449 681.633
-1
4
76.367 743.426
82.035 743.426
82.035 749.094
76.367 749.094
-1
4
82.32 679.081
82.887 679.081
82.887 681.293
82.32 681.293
-1
4
76.367 742.293
78.918 742.293
78.918 743.993
76.367 743.993
-1
4
81.468 743.426
83.172 743.426
83.172 745.977
81.468 745.977
-1
4
75.234 746.547
76.934 746.547
76.934 749.094
75.234 749.094
-1
4
79.484 748.527
82.035 748.527
82.035 750.23
79.484 750.23
-1
4
76.449 681.406
77.016 681.406
77.016 742.973
76.449 742.973
-1
4
87.918 676.953
91.461 676.953
91.461 680.5
87.918 680.5
-1
8
97.344 737.191
103.012 737.191
103.012 708.844
83.738 708.844
83.738 728.688
94.227 728.688
94.227 729.82
97.344 729.82
-1
4
83.738 726.704
89.406 726.704
89.406 737.191
83.738 737.191
-1
4
89.406 679.081
89.973 679.081
89.973 710.828
89.406 710.828
-1
4
95.004 676.953
98.547 676.953
98.547 680.5
95.004 680.5
-1
4
100.293 739.457
107.199 739.457
107.199 740.023
100.293 740.023
-1
4
97.344 748.246
100.859 748.246
100.859 748.813
97.344 748.813
-1
4
91.105 750.797
96.777 750.797
96.777 756.465
91.105 756.465
-1
4
96.492 679.081
97.059 679.081
97.059 686.168
96.492 686.168
-1
4
96.832 685.602
107.199 685.602
107.199 686.168
96.832 686.168
-1
4
106.633 685.942
107.199 685.942
107.199 739.683
106.633 739.683
-1
4
100.293 739.797
100.859 739.797
100.859 748.473
100.293 748.473
-1
4
91.105 749.664
93.66 749.664
93.66 751.364
91.105 751.364
-1
4
96.21 750.797
97.91 750.797
97.91 753.348
96.21 753.348
-1
4
89.973 753.914
91.672 753.914
91.672 756.465
89.973 756.465
-1
4
94.227 755.898
96.777 755.898
96.777 757.602
94.227 757.602
-1
4
97.344 748.586
97.91 748.586
97.91 751.817
97.344 751.817
-1
4
102.09 676.953
105.637 676.953
105.637 680.5
102.09 680.5
-1
4
103.582 682.199
111.387 682.199
111.387 682.766
103.582 682.766
-1
4
105.848 743.426
111.516 743.426
111.516 749.094
105.848 749.094
-1
4
103.582 679.081
104.148 679.081
104.148 682.426
103.582 682.426
-1
4
105.848 742.293
108.398 742.293
108.398 743.993
105.848 743.993
-1
4
110.949 743.426
112.652 743.426
112.652 745.977
110.949 745.977
-1
4
104.715 746.547
106.415 746.547
106.415 749.094
104.715 749.094
-1
4
108.965 748.527
111.516 748.527
111.516 750.23
108.965 750.23
-1
4
110.82 682.539
111.387 682.539
111.387 743.993
110.82 743.993
-1
4
109.18 676.953
112.723 676.953
112.723 680.5
109.18 680.5
-1
4
110.668 681.066
112.781 681.066
112.781 681.633
110.668 681.633
-1
4
113.219 743.426
118.887 743.426
118.887 749.094
113.219 749.094
-1
4
110.668 679.081
111.234 679.081
111.234 681.293
110.668 681.293
-1
4
113.219 742.293
115.77 742.293
115.77 743.993
113.219 743.993
-1
4
118.32 743.426
120.02 743.426
120.02 745.977
118.32 745.977
-1
4
112.082 746.547
113.786 746.547
113.786 749.094
112.082 749.094
-1
4
116.336 748.527
118.887 748.527
118.887 750.23
116.336 750.23
-1
6
112.215 742.859
114.239 742.859
114.239 742.293
112.781 742.293
112.781 681.406
112.215 681.406
-1
4
116.266 676.953
119.809 676.953
119.809 680.5
116.266 680.5
-1
4
116.402 681.066
118.32 681.066
118.32 681.633
116.402 681.633
-1
4
127.957 750.797
133.629 750.797
133.629 756.465
127.957 756.465
-1
4
116.402 681.406
116.969 681.406
116.969 740.023
116.402 740.023
-1
4
117.754 679.081
118.32 679.081
118.32 681.293
117.754 681.293
-1
4
116.742 739.457
124.441 739.457
124.441 740.023
116.742 740.023
-1
4
123.875 749.664
128.977 749.664
128.977 750.23
123.875 750.23
-1
4
127.957 749.664
130.508 749.664
130.508 751.364
127.957 751.364
-1
4
133.062 750.797
134.762 750.797
134.762 753.348
133.062 753.348
-1
4
126.824 753.914
128.524 753.914
128.524 756.465
126.824 756.465
-1
4
131.074 755.898
133.629 755.898
133.629 757.602
131.074 757.602
-1
4
123.875 739.797
124.441 739.797
124.441 749.89
123.875 749.89
-1
4
123.352 676.953
126.895 676.953
126.895 680.5
123.352 680.5
-1
8
134.195 737.191
139.863 737.191
139.863 708.844
120.586 708.844
120.586 728.688
131.074 728.688
131.074 729.82
134.195 729.82
-1
4
120.586 726.704
126.258 726.704
126.258 737.191
120.586 737.191
-1
4
124.84 679.081
125.406 679.081
125.406 710.828
124.84 710.828
-1
4
39.52 750.797
45.188 750.797
45.188 756.465
39.52 756.465
-1
4
39.52 749.664
42.066 749.664
42.066 751.364
39.52 751.364
-1
4
44.621 750.797
46.32 750.797
46.32 753.348
44.621 753.348
-1
4
38.383 753.914
40.087 753.914
40.087 756.465
38.383 756.465
-1
4
42.637 755.898
45.188 755.898
45.188 757.602
42.637 757.602
-1
4
17.406 758.168
23.078 758.168
23.078 763.836
17.406 763.836
-1
4
26.594 774.609
34.633 774.609
34.633 775.176
26.594 775.176
-1
4
32.715 833
34.633 833
34.633 833.57
32.715 833.57
-1
4
31.227 834.137
34.77 834.137
34.77 837.68
31.227 837.68
-1
4
17.406 757.035
19.957 757.035
19.957 758.735
17.406 758.735
-1
4
22.511 758.168
24.211 758.168
24.211 760.719
22.511 760.719
-1
4
16.273 761.285
17.973 761.285
17.973 763.836
16.273 763.836
-1
4
20.523 763.269
23.078 763.269
23.078 764.969
20.523 764.969
-1
4
22.056 764.402
27.16 764.402
27.16 764.969
22.056 764.969
-1
4
26.594 764.742
27.16 764.742
27.16 774.836
26.594 774.836
-1
4
34.066 774.949
34.633 774.949
34.633 833.228
34.066 833.228
-1
4
32.715 833.342
33.281 833.342
33.281 835.554
32.715 835.554
-1
4
24.777 758.168
30.445 758.168
30.445 763.836
24.777 763.836
-1
4
38.313 848.309
41.855 848.309
41.855 851.852
38.313 851.852
-1
4
24.777 757.035
27.328 757.035
27.328 758.735
24.777 758.735
-1
4
29.878 758.168
31.582 758.168
31.582 760.719
29.878 760.719
-1
4
23.645 761.285
25.344 761.285
25.344 763.836
23.645 763.836
-1
4
27.895 763.269
30.445 763.269
30.445 764.969
27.895 764.969
-1
4
28.406 773.664
36.027 773.664
36.027 774.23
28.406 774.23
-1
4
28.066 764.289
28.633 764.289
28.633 774.23
28.066 774.23
-1
8
35.574 850.363
36.141 850.363
36.141 833
36.027 833
36.027 774.004
35.461 774.004
35.461 833.57
35.574 833.57
-1
4
35.914 849.797
39.73 849.797
39.73 850.363
35.914 850.363
-1
4
32.148 758.168
37.816 758.168
37.816 763.836
32.148 763.836
-1
4
38.313 841.223
41.855 841.223
41.855 844.766
38.313 844.766
-1
8
36.941 843.277
37.512 843.277
37.512 833
37.426 833
37.426 772.719
36.859 772.719
36.859 833.57
36.941 833.57
-1
4
32.148 757.035
34.699 757.035
34.699 758.735
32.148 758.735
-1
4
37.249 758.168
38.949 758.168
38.949 760.719
37.249 760.719
-1
4
31.012 761.285
32.715 761.285
32.715 763.836
31.012 763.836
-1
4
35.266 763.269
37.816 763.269
37.816 764.969
35.266 764.969
-1
4
29.539 766.387
31.24 766.387
31.24 766.953
29.539 766.953
-1
4
31.012 762.816
31.582 762.816
31.582 766.953
31.012 766.953
-1
4
29.539 766.727
30.105 766.727
30.105 773.285
29.539 773.285
-1
4
29.879 772.719
37.086 772.719
37.086 773.285
29.879 773.285
-1
4
37.284 842.711
39.73 842.711
39.73 843.277
37.284 843.277
-1
4
39.52 758.168
45.188 758.168
45.188 763.836
39.52 763.836
-1
4
41.043 830.734
50.313 830.734
50.313 831.301
41.043 831.301
-1
4
45.398 841.223
48.941 841.223
48.941 844.766
45.398 844.766
-1
4
39.52 757.035
42.066 757.035
42.066 758.735
39.52 758.735
-1
4
44.621 758.168
46.32 758.168
46.32 760.719
44.621 760.719
-1
4
38.383 761.285
40.087 761.285
40.087 763.836
38.383 763.836
-1
4
42.637 763.269
45.188 763.269
45.188 764.969
42.637 764.969
-1
4
47.227 764.742
47.793 764.742
47.793 773.285
47.227 773.285
-1
4
44.168 764.402
47.793 764.402
47.793 764.969
44.168 764.969
-1
4
41.043 772.719
41.609 772.719
41.609 830.961
41.043 830.961
-1
4
49.746 831.074
50.313 831.074
50.313 843.277
49.746 843.277
-1
4
41.383 772.719
47.453 772.719
47.453 773.285
41.383 773.285
-1
4
47.524 842.711
49.973 842.711
49.973 843.277
47.524 843.277
-1
4
46.887 758.168
52.555 758.168
52.555 763.836
46.887 763.836
-1
4
51.113 829.602
51.684 829.602
51.684 850.363
51.113 850.363
-1
4
45.398 848.309
48.941 848.309
48.941 851.852
45.398 851.852
-1
4
46.887 757.035
49.438 757.035
49.438 758.735
46.887 758.735
-1
4
51.988 758.168
53.691 758.168
53.691 760.719
51.988 760.719
-1
4
45.754 761.285
47.454 761.285
47.454 763.836
45.754 763.836
-1
4
48.699 763.269
49.27 763.269
49.27 774.23
48.699 774.23
-1
4
50.004 763.269
52.555 763.269
52.555 764.969
50.004 764.969
-1
4
42.438 773.664
48.927 773.664
48.927 774.23
42.438 774.23
-1
4
42.438 829.602
51.341 829.602
51.341 830.168
42.438 830.168
-1
4
47.524 849.797
51.341 849.797
51.341 850.363
47.524 850.363
-1
4
42.438 774.004
43.004 774.004
43.004 829.828
42.438 829.828
-1
4
54.258 758.168
59.926 758.168
59.926 763.836
54.258 763.836
-1
4
50.176 765.82
53.691 765.82
53.691 766.387
50.176 766.387
-1
4
43.836 774.609
50.742 774.609
50.742 775.176
43.836 775.176
-1
4
52.484 834.137
56.031 834.137
56.031 837.68
52.484 837.68
-1
4
54.258 757.035
56.809 757.035
56.809 758.735
54.258 758.735
-1
4
59.359 758.168
61.059 758.168
61.059 760.719
59.359 760.719
-1
4
53.125 761.285
54.825 761.285
54.825 763.836
53.125 763.836
-1
4
57.375 763.269
59.926 763.269
59.926 764.969
57.375 764.969
-1
4
43.836 774.949
44.402 774.949
44.402 829.035
43.836 829.035
-1
4
50.176 766.16
50.742 766.16
50.742 774.836
50.176 774.836
-1
4
53.973 828.469
54.543 828.469
54.543 835.554
53.973 835.554
-1
4
53.125 762.816
53.691 762.816
53.691 766.047
53.125 766.047
-1
4
44.176 828.469
54.201 828.469
54.201 829.035
44.176 829.035
-1
4
61.625 758.168
67.297 758.168
67.297 763.836
61.625 763.836
-1
4
63.918 830.734
69.727 830.734
69.727 831.301
63.918 831.301
-1
4
59.57 841.223
63.113 841.223
63.113 844.766
59.57 844.766
-1
4
61.625 757.035
64.18 757.035
64.18 758.735
61.625 758.735
-1
4
66.73 758.168
68.43 758.168
68.43 760.719
66.73 760.719
-1
4
60.492 761.285
62.192 761.285
62.192 763.836
60.492 763.836
-1
4
63.043 763.269
63.613 763.269
63.613 775.648
63.043 775.648
-1
4
64.746 763.269
67.297 763.269
67.297 764.969
64.746 764.969
-1
4
69.16 775.082
69.727 775.082
69.727 830.961
69.16 830.961
-1
4
61.696 842.711
64.484 842.711
64.484 843.277
61.696 843.277
-1
4
63.385 775.082
69.387 775.082
69.387 775.648
63.385 775.648
-1
4
63.918 831.074
64.484 831.074
64.484 842.937
63.918 842.937
-1
4
68.996 758.168
74.668 758.168
74.668 763.836
68.996 763.836
-1
4
65.313 766.527
68.43 766.527
68.43 767.094
65.313 767.094
-1
4
65.313 773
72.156 773
72.156 773.57
65.313 773.57
-1
4
65.289 831.867
72.156 831.867
72.156 832.434
65.289 832.434
-1
4
59.57 848.309
63.113 848.309
63.113 851.852
59.57 851.852
-1
4
68.996 757.035
71.547 757.035
71.547 758.735
68.996 758.735
-1
4
74.101 758.168
75.801 758.168
75.801 760.719
74.101 760.719
-1
4
67.863 761.285
69.563 761.285
69.563 763.836
67.863 763.836
-1
4
72.113 763.269
74.668 763.269
74.668 764.969
72.113 764.969
-1
4
65.313 766.867
65.879 766.867
65.879 773.228
65.313 773.228
-1
4
71.59 773.342
72.156 773.342
72.156 832.094
71.59 832.094
-1
4
61.696 849.797
65.855 849.797
65.855 850.363
61.696 850.363
-1
4
67.863 762.816
68.43 762.816
68.43 766.754
67.863 766.754
-1
4
65.289 832.207
65.855 832.207
65.855 850.023
65.289 850.023
-1
4
76.367 758.168
82.035 758.168
82.035 763.836
76.367 763.836
-1
4
78.879 831.867
85.746 831.867
85.746 832.434
78.879 832.434
-1
4
87.918 848.309
91.461 848.309
91.461 851.852
87.918 851.852
-1
4
76.367 757.035
78.918 757.035
78.918 758.735
76.367 758.735
-1
4
81.468 758.168
83.172 758.168
83.172 760.719
81.468 760.719
-1
4
75.234 761.285
76.934 761.285
76.934 763.836
75.234 763.836
-1
4
79.484 763.269
82.035 763.269
82.035 764.969
79.484 764.969
-1
4
85.156 764.742
85.723 764.742
85.723 774.23
85.156 774.23
-1
4
81.015 764.402
85.723 764.402
85.723 764.969
81.015 764.969
-1
4
78.879 773.664
85.383 773.664
85.383 774.23
78.879 774.23
-1
4
78.879 774.004
79.445 774.004
79.445 832.094
78.879 832.094
-1
4
85.18 849.797
89.335 849.797
89.335 850.363
85.18 850.363
-1
4
85.18 832.207
85.746 832.207
85.746 850.023
85.18 850.023
-1
4
83.738 758.168
89.406 758.168
89.406 763.836
83.738 763.836
-1
4
81.309 775.555
87.988 775.555
87.988 776.121
81.309 776.121
-1
4
81.309 830.734
87.113 830.734
87.113 831.301
81.309 831.301
-1
4
87.918 841.223
91.461 841.223
91.461 844.766
87.918 844.766
-1
4
83.738 757.035
86.289 757.035
86.289 758.735
83.738 758.735
-1
4
88.839 758.168
90.539 758.168
90.539 760.719
88.839 760.719
-1
4
82.602 761.285
84.305 761.285
84.305 763.836
82.602 763.836
-1
4
86.855 763.269
89.406 763.269
89.406 764.969
86.855 764.969
-1
4
81.309 775.895
81.875 775.895
81.875 830.961
81.309 830.961
-1
4
86.547 842.711
89.335 842.711
89.335 843.277
86.547 843.277
-1
4
87.422 764.289
87.988 764.289
87.988 775.781
87.422 775.781
-1
4
86.547 831.074
87.113 831.074
87.113 842.937
86.547 842.937
-1
4
91.105 758.168
96.777 758.168
96.777 763.836
91.105 763.836
-1
4
100.293 774.609
108.332 774.609
108.332 775.176
100.293 775.176
-1
4
96.492 826.199
108.332 826.199
108.332 826.766
96.492 826.766
-1
4
95.004 834.137
98.547 834.137
98.547 837.68
95.004 837.68
-1
4
91.105 757.035
93.66 757.035
93.66 758.735
91.105 758.735
-1
4
96.21 758.168
97.91 758.168
97.91 760.719
96.21 760.719
-1
4
89.973 761.285
91.672 761.285
91.672 763.836
89.973 763.836
-1
4
94.227 763.269
96.777 763.269
96.777 764.969
94.227 764.969
-1
4
95.757 764.402
100.859 764.402
100.859 764.969
95.757 764.969
-1
4
100.293 764.742
100.859 764.742
100.859 774.836
100.293 774.836
-1
4
107.766 774.949
108.332 774.949
108.332 826.426
107.766 826.426
-1
4
96.492 826.539
97.059 826.539
97.059 835.554
96.492 835.554
-1
4
98.477 758.168
104.148 758.168
104.148 763.836
98.477 763.836
-1
4
101.766 773.664
109.73 773.664
109.73 774.23
101.766 774.23
-1
4
99.352 827.332
109.73 827.332
109.73 827.898
99.352 827.898
-1
4
102.09 848.309
105.637 848.309
105.637 851.852
102.09 851.852
-1
4
98.477 757.035
101.027 757.035
101.027 758.735
98.477 758.735
-1
4
103.581 758.168
105.281 758.168
105.281 760.719
103.581 760.719
-1
4
97.344 761.285
99.044 761.285
99.044 763.836
97.344 763.836
-1
4
101.594 763.269
104.148 763.269
104.148 764.969
101.594 764.969
-1
4
109.164 774.004
109.73 774.004
109.73 827.558
109.164 827.558
-1
4
99.352 849.797
103.509 849.797
103.509 850.363
99.352 850.363
-1
4
101.766 764.289
102.332 764.289
102.332 773.89
101.766 773.89
-1
4
99.352 827.672
99.918 827.672
99.918 850.023
99.352 850.023
-1
4
105.848 758.168
111.516 758.168
111.516 763.836
105.848 763.836
-1
4
105.848 757.035
108.398 757.035
108.398 758.735
105.848 758.735
-1
4
110.949 758.168
112.652 758.168
112.652 760.719
110.949 760.719
-1
4
104.715 761.285
106.415 761.285
106.415 763.836
104.715 763.836
-1
4
108.965 763.269
111.516 763.269
111.516 764.969
108.965 764.969
-1
4
113.219 758.168
118.887 758.168
118.887 763.836
113.219 763.836
-1
4
113.523 831.867
115.309 831.867
115.309 832.434
113.523 832.434
-1
4
109.18 841.223
112.723 841.223
112.723 844.766
109.18 844.766
-1
4
113.219 757.035
115.77 757.035
115.77 758.735
113.219 758.735
-1
4
118.32 758.168
120.02 758.168
120.02 760.719
118.32 760.719
-1
4
112.082 761.285
113.786 761.285
113.786 763.836
112.082 763.836
-1
4
116.336 763.269
118.887 763.269
118.887 764.969
116.336 764.969
-1
4
120.93 764.742
121.496 764.742
121.496 773.285
120.93 773.285
-1
4
117.867 764.402
121.496 764.402
121.496 764.969
117.867 764.969
-1
4
114.742 772.719
115.309 772.719
115.309 832.094
114.742 832.094
-1
4
113.523 832.207
114.09 832.207
114.09 843.277
113.523 843.277
-1
4
115.082 772.719
121.156 772.719
121.156 773.285
115.082 773.285
-1
4
111.306 842.711
113.75 842.711
113.75 843.277
111.306 843.277
-1
4
120.586 758.168
126.258 758.168
126.258 763.836
120.586 763.836
-1
4
114.895 833
116.707 833
116.707 833.57
114.895 833.57
-1
4
109.18 848.309
112.723 848.309
112.723 851.852
109.18 851.852
-1
4
120.586 757.035
123.137 757.035
123.137 758.735
120.586 758.735
-1
4
125.691 758.168
127.391 758.168
127.391 760.719
125.691 760.719
-1
4
119.453 761.285
121.153 761.285
121.153 763.836
119.453 763.836
-1
4
122.402 763.269
122.969 763.269
122.969 774.23
122.402 774.23
-1
4
123.707 763.269
126.258 763.269
126.258 764.969
123.707 764.969
-1
4
116.141 773.664
122.629 773.664
122.629 774.23
116.141 774.23
-1
4
116.141 774.004
116.707 774.004
116.707 833.228
116.141 833.228
-1
4
111.306 849.797
115.461 849.797
115.461 850.363
111.306 850.363
-1
4
114.895 833.342
115.461 833.342
115.461 850.023
114.895 850.023
-1
4
127.957 758.168
133.629 758.168
133.629 763.836
127.957 763.836
-1
4
117.535 774.609
124.441 774.609
124.441 775.176
117.535 775.176
-1
4
116.266 834.137
119.809 834.137
119.809 837.68
116.266 837.68
-1
4
127.957 757.035
130.508 757.035
130.508 758.735
127.957 758.735
-1
4
133.062 758.168
134.762 758.168
134.762 760.719
133.062 760.719
-1
4
126.824 761.285
128.524 761.285
128.524 763.836
126.824 763.836
-1
4
131.074 763.269
133.629 763.269
133.629 764.969
131.074 764.969
-1
4
123.875 765.82
127.051 765.82
127.051 766.387
123.875 766.387
-1
4
126.824 762.816
127.391 762.816
127.391 766.387
126.824 766.387
-1
8
117.754 835.554
118.32 835.554
118.32 833
118.102 833
118.102 774.949
117.535 774.949
117.535 833.57
117.754 833.57
-1
4
123.875 766.16
124.441 766.16
124.441 774.836
123.875 774.836
-1
4
17.406 765.535
23.078 765.535
23.078 771.207
17.406 771.207
-1
4
29.855 831.867
33.238 831.867
33.238 832.434
29.855 832.434
-1
4
31.227 841.223
34.77 841.223
34.77 844.766
31.227 844.766
-1
4
17.406 764.402
19.957 764.402
19.957 766.102
17.406 766.102
-1
4
22.511 765.535
24.211 765.535
24.211 768.09
22.511 768.09
-1
4
16.273 768.656
17.973 768.656
17.973 771.207
16.273 771.207
-1
4
20.523 770.64
23.078 770.64
23.078 772.34
20.523 772.34
-1
4
25.117 767.863
25.684 767.863
25.684 776.121
25.117 776.121
-1
4
23.531 767.523
25.684 767.523
25.684 768.09
23.531 768.09
-1
4
25.457 775.555
33.238 775.555
33.238 776.121
25.457 776.121
-1
4
29.855 832.207
30.422 832.207
30.422 843.277
29.855 843.277
-1
4
32.672 775.895
33.238 775.895
33.238 832.094
32.672 832.094
-1
4
30.195 842.711
32.644 842.711
32.644 843.277
30.195 843.277
-1
4
32.148 765.535
37.816 765.535
37.816 771.207
32.148 771.207
-1
4
38.254 833
40.367 833
40.367 833.57
38.254 833.57
-1
4
38.313 834.137
41.855 834.137
41.855 837.68
38.313 837.68
-1
4
32.148 764.402
34.699 764.402
34.699 766.102
32.148 766.102
-1
4
37.249 765.535
38.949 765.535
38.949 768.09
37.249 768.09
-1
4
31.012 768.656
32.715 768.656
32.715 771.207
31.012 771.207
-1
4
35.266 770.64
37.816 770.64
37.816 772.34
35.266 772.34
-1
4
39.801 833.342
40.367 833.342
40.367 835.554
39.801 835.554
-1
6
38.254 833.228
38.82 833.228
38.82 771.773
36.796 771.773
36.796 772.34
38.254 772.34
-1
4
39.52 765.535
45.188 765.535
45.188 771.207
39.52 771.207
-1
4
39.648 831.867
47.453 831.867
47.453 832.434
39.648 832.434
-1
4
45.398 834.137
48.941 834.137
48.941 837.68
45.398 837.68
-1
4
39.52 764.402
42.066 764.402
42.066 766.102
39.52 766.102
-1
4
44.621 765.535
46.32 765.535
46.32 768.09
44.621 768.09
-1
4
38.383 768.656
40.087 768.656
40.087 771.207
38.383 771.207
-1
4
42.637 770.64
45.188 770.64
45.188 772.34
42.637 772.34
-1
4
39.648 770.64
40.215 770.64
40.215 832.094
39.648 832.094
-1
4
46.887 832.207
47.453 832.207
47.453 835.554
46.887 835.554
-1
4
54.258 765.535
59.926 765.535
59.926 771.207
54.258 771.207
-1
4
51.648 767.238
52.215 767.238
52.215 776.121
51.648 776.121
-1
4
45.23 775.555
45.797 775.555
45.797 827.898
45.23 827.898
-1
4
52.484 841.223
56.031 841.223
56.031 844.766
52.484 844.766
-1
4
54.258 764.402
56.809 764.402
56.809 766.102
54.258 766.102
-1
4
59.359 765.535
61.059 765.535
61.059 768.09
59.359 768.09
-1
4
53.125 768.656
54.825 768.656
54.825 771.207
53.125 771.207
-1
4
57.375 770.64
59.926 770.64
59.926 772.34
57.375 772.34
-1
4
51.988 767.238
54.825 767.238
54.825 767.805
51.988 767.805
-1
4
45.57 827.332
57.398 827.332
57.398 827.898
45.57 827.898
-1
4
45.57 775.555
51.875 775.555
51.875 776.121
45.57 776.121
-1
4
54.612 842.711
57.398 842.711
57.398 843.277
54.612 843.277
-1
4
56.832 827.672
57.398 827.672
57.398 842.937
56.832 842.937
-1
4
68.996 765.535
74.668 765.535
74.668 771.207
68.996 771.207
-1
4
68.148 833
74.586 833
74.586 833.57
68.148 833.57
-1
4
66.66 834.137
70.203 834.137
70.203 837.68
66.66 837.68
-1
4
68.996 764.402
71.547 764.402
71.547 766.102
68.996 766.102
-1
4
74.101 765.535
75.801 765.535
75.801 768.09
74.101 768.09
-1
4
67.863 768.656
69.563 768.656
69.563 771.207
67.863 771.207
-1
4
72.113 770.64
74.668 770.64
74.668 772.34
72.113 772.34
-1
4
68.148 833.342
68.715 833.342
68.715 835.554
68.148 835.554
-1
4
74.02 771.66
74.586 771.66
74.586 833.228
74.02 833.228
-1
4
76.367 765.535
82.035 765.535
82.035 771.207
76.367 771.207
-1
4
76.449 833
82.887 833
82.887 833.57
76.449 833.57
-1
4
80.832 834.137
84.375 834.137
84.375 837.68
80.832 837.68
-1
4
76.367 764.402
78.918 764.402
78.918 766.102
76.367 766.102
-1
4
81.468 765.535
83.172 765.535
83.172 768.09
81.468 768.09
-1
4
75.234 768.656
76.934 768.656
76.934 771.207
75.234 771.207
-1
4
79.484 770.64
82.035 770.64
82.035 772.34
79.484 772.34
-1
4
76.449 770.64
77.016 770.64
77.016 833.228
76.449 833.228
-1
4
82.32 833.342
82.887 833.342
82.887 835.554
82.32 835.554
-1
4
91.105 765.535
96.777 765.535
96.777 771.207
91.105 771.207
-1
4
98.816 767.238
99.387 767.238
99.387 776.121
98.816 776.121
-1
4
93.637 825.066
106.938 825.066
106.938 825.633
93.637 825.633
-1
4
95.004 841.223
98.547 841.223
98.547 844.766
95.004 844.766
-1
4
91.105 764.402
93.66 764.402
93.66 766.102
91.105 766.102
-1
4
96.21 765.535
97.91 765.535
97.91 768.09
96.21 768.09
-1
4
89.973 768.656
91.672 768.656
91.672 771.207
89.973 771.207
-1
4
94.227 770.64
96.777 770.64
96.777 772.34
94.227 772.34
-1
4
106.371 775.555
106.938 775.555
106.938 825.293
106.371 825.293
-1
4
93.637 842.711
96.421 842.711
96.421 843.277
93.637 843.277
-1
4
97.23 767.238
99.044 767.238
99.044 767.805
97.23 767.805
-1
4
99.159 775.555
106.598 775.555
106.598 776.121
99.159 776.121
-1
4
93.637 825.406
94.203 825.406
94.203 842.937
93.637 842.937
-1
4
105.848 765.535
111.516 765.535
111.516 771.207
105.848 771.207
-1
4
103.238 766.527
103.809 766.527
103.809 773.285
103.238 773.285
-1
4
110.559 772.719
111.125 772.719
111.125 829.035
110.559 829.035
-1
4
102.09 834.137
105.637 834.137
105.637 837.68
102.09 837.68
-1
4
102.09 841.223
105.637 841.223
105.637 844.766
102.09 844.766
-1
4
105.848 764.402
108.398 764.402
108.398 766.102
105.848 766.102
-1
4
110.949 765.535
112.652 765.535
112.652 768.09
110.949 768.09
-1
4
104.715 768.656
106.415 768.656
106.415 771.207
104.715 771.207
-1
4
108.965 770.64
111.516 770.64
111.516 772.34
108.965 772.34
-1
4
103.581 766.527
106.415 766.527
106.415 767.094
103.581 767.094
-1
4
103.581 772.719
110.785 772.719
110.785 773.285
103.581 773.285
-1
4
100.723 828.469
101.289 828.469
101.289 842.937
100.723 842.937
-1
4
103.582 829.602
112.18 829.602
112.18 830.168
103.582 830.168
-1
4
103.582 829.942
104.148 829.942
104.148 835.554
103.582 835.554
-1
4
100.723 842.711
103.509 842.711
103.509 843.277
100.723 843.277
-1
6
111.953 830.168
112.52 830.168
112.52 771.773
110.496 771.773
110.496 772.34
111.953 772.34
-1
4
101.063 828.469
110.785 828.469
110.785 829.035
101.063 829.035
-1
4
113.219 765.535
118.887 765.535
118.887 771.207
113.219 771.207
-1
4
109.18 834.137
112.723 834.137
112.723 837.68
109.18 837.68
-1
4
113.219 764.402
115.77 764.402
115.77 766.102
113.219 766.102
-1
4
118.32 765.535
120.02 765.535
120.02 768.09
118.32 768.09
-1
4
112.082 768.656
113.786 768.656
113.786 771.207
112.082 771.207
-1
4
113.348 770.64
113.918 770.64
113.918 831.301
113.348 831.301
-1
4
116.336 770.64
118.887 770.64
118.887 772.34
116.336 772.34
-1
4
110.668 830.734
113.576 830.734
113.576 831.301
110.668 831.301
-1
4
110.668 831.074
111.234 831.074
111.234 835.554
110.668 835.554
-1
4
127.957 765.535
133.629 765.535
133.629 771.207
127.957 771.207
-1
4
125.348 767.238
125.918 767.238
125.918 776.121
125.348 776.121
-1
4
118.93 831.867
121.18 831.867
121.18 832.434
118.93 832.434
-1
4
116.266 841.223
119.809 841.223
119.809 844.766
116.266 844.766
-1
4
127.957 764.402
130.508 764.402
130.508 766.102
127.957 766.102
-1
4
133.062 765.535
134.762 765.535
134.762 768.09
133.062 768.09
-1
4
126.824 768.656
128.524 768.656
128.524 771.207
126.824 771.207
-1
4
131.074 770.64
133.629 770.64
133.629 772.34
131.074 772.34
-1
4
118.93 775.555
125.576 775.555
125.576 776.121
118.93 776.121
-1
4
125.69 767.238
128.524 767.238
128.524 767.805
125.69 767.805
-1
4
120.613 832.207
121.18 832.207
121.18 843.277
120.613 843.277
-1
4
118.93 775.895
119.496 775.895
119.496 832.094
118.93 832.094
-1
4
118.392 842.711
120.84 842.711
120.84 843.277
118.392 843.277
-1
4
17.406 772.906
24.211 772.906
24.211 784.246
17.406 784.246
-1
4
28.488 830.734
31.844 830.734
31.844 831.301
28.488 831.301
-1
4
31.227 848.309
34.77 848.309
34.77 851.852
31.227 851.852
-1
4
17.406 771.773
19.957 771.773
19.957 774.04
17.406 774.04
-1
4
20.523 783.112
24.211 783.112
24.211 785.379
20.523 785.379
-1
4
31.277 776.5
31.844 776.5
31.844 830.961
31.277 830.961
-1
4
28.488 831.074
29.055 831.074
29.055 850.363
28.488 850.363
-1
4
23.53 776.5
31.504 776.5
31.504 777.066
23.53 777.066
-1
4
28.828 849.797
32.644 849.797
32.644 850.363
28.828 850.363
-1
4
54.258 772.906
61.059 772.906
61.059 784.246
54.258 784.246
-1
4
46.625 826.199
58.77 826.199
58.77 826.766
46.625 826.766
-1
4
52.484 848.309
56.031 848.309
56.031 851.852
52.484 851.852
-1
4
54.258 771.773
56.809 771.773
56.809 774.04
54.258 774.04
-1
4
46.625 776.5
54.938 776.5
54.938 777.066
46.625 777.066
-1
4
57.375 783.112
61.059 783.112
61.059 785.379
57.375 785.379
-1
4
58.203 826.539
58.77 826.539
58.77 850.363
58.203 850.363
-1
4
46.625 776.84
47.191 776.84
47.191 826.426
46.625 826.426
-1
4
54.612 849.797
58.43 849.797
58.43 850.363
54.612 850.363
-1
4
91.105 772.906
97.91 772.906
97.91 784.246
91.105 784.246
-1
4
92.266 823.93
105.543 823.93
105.543 824.5
92.266 824.5
-1
4
95.004 848.309
98.547 848.309
98.547 851.852
95.004 851.852
-1
4
91.105 771.773
93.66 771.773
93.66 774.04
91.105 774.04
-1
4
97.23 776.5
105.543 776.5
105.543 777.066
97.23 777.066
-1
4
94.227 783.112
97.91 783.112
97.91 785.379
94.227 785.379
-1
4
92.266 849.797
96.421 849.797
96.421 850.363
92.266 850.363
-1
4
104.977 776.84
105.543 776.84
105.543 824.158
104.977 824.158
-1
4
92.266 824.272
92.832 824.272
92.832 850.023
92.266 850.023
-1
4
127.957 772.906
134.762 772.906
134.762 784.246
127.957 784.246
-1
4
120.324 776.5
120.895 776.5
120.895 831.301
120.324 831.301
-1
4
116.266 848.309
119.809 848.309
119.809 851.852
116.266 851.852
-1
4
127.957 771.773
130.508 771.773
130.508 774.04
127.957 774.04
-1
4
131.074 783.112
134.762 783.112
134.762 785.379
131.074 785.379
-1
4
120.667 830.734
122.547 830.734
122.547 831.301
120.667 831.301
-1
4
120.667 776.5
128.637 776.5
128.637 777.066
120.667 777.066
-1
4
121.98 831.074
122.547 831.074
122.547 850.363
121.98 850.363
-1
4
118.392 849.797
122.207 849.797
122.207 850.363
118.392 850.363
-1
4
24.141 834.137
27.684 834.137
27.684 837.68
24.141 837.68
-1
8
11.172 805.789
30.445 805.789
30.445 785.945
19.957 785.945
19.957 784.813
16.84 784.813
16.84 777.441
11.172 777.441
-1
4
24.777 777.441
30.445 777.441
30.445 787.929
24.777 787.929
-1
4
25.629 803.805
26.195 803.805
26.195 835.554
25.629 835.554
-1
4
59.57 834.137
63.113 834.137
63.113 837.68
59.57 837.68
-1
8
48.02 805.789
67.297 805.789
67.297 785.945
56.809 785.945
56.809 784.813
53.691 784.813
53.691 777.441
48.02 777.441
-1
4
61.625 777.441
67.297 777.441
67.297 787.929
61.625 787.929
-1
4
61.059 803.805
61.625 803.805
61.625 835.554
61.059 835.554
-1
4
87.918 834.137
91.461 834.137
91.461 837.68
87.918 837.68
-1
8
84.871 805.789
104.148 805.789
104.148 785.945
93.66 785.945
93.66 784.813
90.539 784.813
90.539 777.441
84.871 777.441
-1
4
98.477 777.441
104.148 777.441
104.148 787.929
98.477 787.929
-1
4
89.406 802.954
89.973 802.954
89.973 835.554
89.406 835.554
-1
4
123.352 834.137
126.895 834.137
126.895 837.68
123.352 837.68
-1
8
121.723 805.789
140.996 805.789
140.996 785.945
130.508 785.945
130.508 784.813
127.391 784.813
127.391 777.441
121.723 777.441
-1
4
135.328 777.441
140.996 777.441
140.996 787.929
135.328 787.929
-1
4
124.84 802.954
125.406 802.954
125.406 835.554
124.84 835.554
