-1
4
0.585 653.327
150.45 653.327
150.45 861.306
0.585 861.306
-1
4
45.754 761.285
47.454 761.285
47.454 763.836
45.754 763.836
-1
4
50.176 765.82
53.691 765.82
53.691 766.387
50.176 766.387
-1
4
43.836 774.609
50.742 774.609
50.742 775.176
43.836 775.176
-1
4
57.375 763.269
59.926 763.269
59.926 764.969
57.375 764.969
-1
4
65.289 831.867
72.156 831.867
72.156 832.434
65.289 832.434
-1
4
87.918 848.309
91.465 848.309
91.465 851.852
87.918 851.852
-1
4
76.367 757.035
78.918 757.035
78.918 758.735
76.367 758.735
-1
4
78.879 774.004
79.445 774.004
79.445 832.094
78.879 832.094
-1
4
81.309 775.895
81.875 775.895
81.875 830.961
81.309 830.961
-1
4
86.551 842.711
89.337 842.711
89.337 843.277
86.551 843.277
-1
4
87.422 764.289
87.988 764.289
87.988 775.781
87.422 775.781
-1
4
95.008 834.137
98.551 834.137
98.551 837.68
95.008 837.68
-1
4
91.109 757.035
93.66 757.035
93.66 758.735
91.109 758.735
-1
4
89.973 761.285
91.676 761.285
91.676 763.836
89.973 763.836
-1
4
94.227 763.269
96.777 763.269
96.777 764.969
94.227 764.969
-1
4
98.477 758.168
104.148 758.168
104.148 763.836
98.477 763.836
-1
4
109.164 774.004
109.73 774.004
109.73 827.558
109.164 827.558
-1
4
113.219 757.035
115.77 757.035
115.77 758.735
113.219 758.735
-1
4
112.086 761.285
113.786 761.285
113.786 763.836
112.086 763.836
-1
4
120.59 757.035
123.141 757.035
123.141 758.735
120.59 758.735
-1
4
119.453 761.285
121.157 761.285
121.157 763.836
119.453 763.836
-1
4
122.402 763.269
122.969 763.269
122.969 774.23
122.402 774.23
-1
4
114.895 833.342
115.465 833.342
115.465 850.363
114.895 850.363
-1
4
133.062 758.168
134.762 758.168
134.762 760.719
133.062 760.719
-1
4
126.824 761.285
128.528 761.285
128.528 763.836
126.824 763.836
-1
4
131.078 763.269
133.629 763.269
133.629 764.969
131.078 764.969
-1
4
16.273 768.656
17.973 768.656
17.973 771.207
16.273 771.207
-1
4
35.266 770.64
37.816 770.64
37.816 772.34
35.266 772.34
-1
4
39.801 833.342
40.367 833.342
40.367 835.554
39.801 835.554
-1
4
39.648 770.64
40.215 770.64
40.215 832.094
39.648 832.094
-1
4
52.484 841.223
56.031 841.223
56.031 844.766
52.484 844.766
-1
4
66.66 834.137
70.203 834.137
70.203 837.68
66.66 837.68
-1
4
74.101 765.535
75.801 765.535
75.801 768.09
74.101 768.09
-1
4
72.117 770.64
74.668 770.64
74.668 772.34
72.117 772.34
-1
4
98.82 738.854
99.387 738.854
99.387 747.055
98.82 747.055
-1
4
108.965 755.898
111.52 755.898
111.52 757.602
108.965 757.602
-1
4
100.723 671.695
101.289 671.695
101.289 683.558
100.723 683.558
-1
4
109.18 669.867
112.723 669.867
112.723 673.41
109.18 673.41
-1
4
118.32 750.797
120.02 750.797
120.02 753.348
118.32 753.348
-1
4
126.824 746.547
128.528 746.547
128.528 749.094
126.824 749.094
-1
4
131.078 748.527
133.629 748.527
133.629 750.23
131.078 750.23
-1
4
10.039 726.704
15.707 726.704
15.707 737.191
10.039 737.191
-1
4
23.645 748.246
27.16 748.246
27.16 748.812
23.645 748.812
-1
8
32.934 739.683
33.5 739.683
33.5 681.066
33.281 681.066
33.281 679.081
32.715 679.081
32.715 681.633
32.934 681.633
-1
4
22.511 750.797
24.211 750.797
24.211 753.348
22.511 753.348
-1
4
16.273 753.914
17.973 753.914
17.973 756.465
16.273 756.465
-1
4
37.117 683.332
37.684 683.332
37.684 743.993
37.117 743.993
-1
4
39.801 679.081
40.367 679.081
40.367 683.558
39.801 683.558
-1
4
39.52 742.293
42.066 742.293
42.066 743.993
39.52 743.993
-1
4
42.699 687.867
43.27 687.867
43.27 740.023
42.699 740.023
-1
4
66.66 676.953
70.203 676.953
70.203 680.5
66.66 680.5
-1
4
74.101 743.426
75.801 743.426
75.801 745.977
74.101 745.977
-1
4
80.832 676.953
84.375 676.953
84.375 680.5
80.832 680.5
-1
4
83.738 726.704
89.406 726.704
89.406 737.191
83.738 737.191
-1
4
97.344 748.246
100.859 748.246
100.859 748.812
97.344 748.812
-1
4
96.21 750.797
97.91 750.797
97.91 753.348
96.21 753.348
-1
4
110.82 682.539
111.387 682.539
111.387 743.993
110.82 743.993
-1
4
110.668 679.081
111.234 679.081
111.234 681.293
110.668 681.293
-1
4
116.742 739.457
124.445 739.457
124.445 740.023
116.742 740.023
-1
4
120.59 726.704
126.258 726.704
126.258 737.191
120.59 737.191
-1
4
31.227 834.137
34.77 834.137
34.77 837.68
31.227 837.68
-1
4
16.273 761.285
17.973 761.285
17.973 763.836
16.273 763.836
-1
4
23.645 761.285
25.344 761.285
25.344 763.836
23.645 763.836
-1
4
27.895 763.269
30.445 763.269
30.445 764.969
27.895 764.969
-1
4
38.312 841.223
41.855 841.223
41.855 844.766
38.312 844.766
-1
4
32.148 757.035
34.699 757.035
34.699 758.735
32.148 758.735
-1
4
29.539 766.727
30.105 766.727
30.105 773.285
29.539 773.285
-1
4
25.117 738.854
25.684 738.854
25.684 747.055
25.117 747.055
-1
4
38.312 669.867
41.855 669.867
41.855 673.41
38.312 673.41
-1
4
29.539 741.688
30.105 741.688
30.105 749.89
29.539 749.89
-1
4
45.398 669.867
48.941 669.867
48.941 673.41
45.398 673.41
-1
4
39.52 749.664
42.066 749.664
42.066 751.364
39.52 751.364
-1
4
42.637 755.898
45.188 755.898
45.188 757.602
42.637 757.602
-1
4
47.227 741.688
47.793 741.688
47.793 747.621
47.227 747.621
-1
4
81.309 683.672
81.875 683.672
81.875 739.215
81.309 739.215
-1
4
86.855 755.898
89.406 755.898
89.406 757.602
86.855 757.602
-1
4
87.422 739.328
87.988 739.328
87.988 751.364
87.422 751.364
-1
4
86.551 671.695
87.117 671.695
87.117 683.558
86.551 683.558
-1
4
95.008 669.867
98.551 669.867
98.551 673.41
95.008 673.41
-1
4
105.238 687.074
105.805 687.074
105.805 738.74
105.238 738.74
-1
4
51.117 664.27
51.684 664.27
51.684 686.961
51.117 686.961
-1
4
46.887 749.664
49.438 749.664
49.438 751.364
46.887 751.364
-1
4
53.125 730.387
59.926 730.387
59.926 741.727
53.125 741.727
-1
4
65.289 682.199
72.156 682.199
72.156 682.766
65.289 682.766
-1
4
67.863 753.914
69.563 753.914
69.563 756.465
67.863 756.465
-1
4
78.879 741.066
85.723 741.066
85.723 741.633
78.879 741.633
-1
4
94.227 740.593
96.777 740.593
96.777 742.859
94.227 742.859
-1
4
92.266 664.61
92.832 664.61
92.832 688.094
92.266 688.094
-1
4
102.094 662.781
105.637 662.781
105.637 666.324
102.094 666.324
-1
4
103.581 750.797
105.281 750.797
105.281 753.348
103.581 753.348
-1
4
109.18 662.781
112.723 662.781
112.723 666.324
109.18 666.324
-1
8
115.008 740.629
115.574 740.629
115.574 681.066
115.465 681.066
115.465 664.27
114.895 664.27
114.895 681.633
115.008 681.633
-1
4
81.472 765.535
83.172 765.535
83.172 768.09
81.472 768.09
-1
4
98.82 767.238
99.387 767.238
99.387 776.121
98.82 776.121
-1
4
102.094 834.137
105.637 834.137
105.637 837.68
102.094 837.68
-1
4
110.953 765.535
112.652 765.535
112.652 768.09
110.953 768.09
-1
4
104.715 768.656
106.415 768.656
106.415 771.207
104.715 771.207
-1
4
108.965 770.64
111.52 770.64
111.52 772.34
108.965 772.34
-1
4
113.348 770.64
113.918 770.64
113.918 831.301
113.348 831.301
-1
4
125.352 767.238
128.528 767.238
128.528 767.805
125.352 767.805
-1
4
131.078 770.64
133.629 770.64
133.629 772.34
131.078 772.34
-1
4
120.613 832.207
121.18 832.207
121.18 843.277
120.613 843.277
-1
4
17.406 772.906
24.211 772.906
24.211 784.246
17.406 784.246
-1
4
54.258 772.906
61.062 772.906
61.062 784.246
54.258 784.246
-1
4
95.008 848.309
98.551 848.309
98.551 851.852
95.008 851.852
-1
4
91.109 771.773
93.66 771.773
93.66 774.04
91.109 774.04
-1
4
104.977 776.84
105.543 776.84
105.543 824.158
104.977 824.158
-1
4
120.328 776.5
120.895 776.5
120.895 830.961
120.328 830.961
-1
4
135.328 777.441
140.996 777.441
140.996 787.929
135.328 787.929
