-1
4
0.585 653.327
150.45 653.327
150.45 861.306
0.585 861.306
-1
4
31.227 662.781
34.77 662.781
34.77 666.324
31.227 666.324
-1
4
16.273 729.254
19.957 729.254
19.957 731.521
16.273 731.521
-1
4
20.523 740.593
23.078 740.593
23.078 742.859
20.523 742.859
-1
4
38.313 662.781
41.855 662.781
41.855 666.324
38.313 666.324
-1
4
28.066 740.402
34.895 740.402
34.895 740.969
28.066 740.969
-1
4
27.895 755.898
30.445 755.898
30.445 757.602
27.895 757.602
-1
4
45.398 662.781
48.941 662.781
48.941 666.324
45.398 666.324
-1
4
52.484 662.781
56.031 662.781
56.031 666.324
52.484 666.324
-1
4
45.832 737.57
53.805 737.57
53.805 738.137
45.832 738.137
-1
4
72.113 755.898
74.668 755.898
74.668 757.602
72.113 757.602
-1
4
87.918 662.781
91.461 662.781
91.461 666.324
87.918 666.324
-1
4
78.879 682.199
85.746 682.199
85.746 682.766
78.879 682.766
-1
4
82.602 747.877
83.172 747.877
83.172 751.817
82.602 751.817
-1
4
95.004 662.781
98.547 662.781
98.547 666.324
95.004 666.324
-1
4
92.266 687.867
104.068 687.867
104.068 688.434
92.266 688.434
-1
4
89.973 729.254
93.66 729.254
93.66 731.521
89.973 731.521
-1
4
94.227 740.593
96.777 740.593
96.777 742.859
94.227 742.859
-1
4
102.09 662.781
105.637 662.781
105.637 666.324
102.09 666.324
-1
4
99.352 684.465
108.255 684.465
108.255 685.035
99.352 685.035
-1
4
98.477 749.664
101.027 749.664
101.027 751.364
98.477 751.364
-1
4
109.18 662.781
112.723 662.781
112.723 666.324
109.18 666.324
-1
4
120.586 749.664
123.137 749.664
123.137 751.364
120.586 751.364
-1
4
116.266 662.781
119.809 662.781
119.809 666.324
116.266 666.324
-1
4
119.191 683.332
119.758 683.332
119.758 738.137
119.191 738.137
-1
4
29.855 671.355
32.644 671.355
32.644 671.922
29.855 671.922
-1
4
31.539 682.539
32.105 682.539
32.105 738.74
31.539 738.74
-1
4
16.273 746.547
17.973 746.547
17.973 749.094
16.273 749.094
-1
4
38.313 669.867
41.855 669.867
41.855 673.41
38.313 673.41
-1
4
36.065 682.199
37.169 682.199
37.169 682.766
36.065 682.766
-1
4
29.539 749.664
33.168 749.664
33.168 750.23
29.539 750.23
-1
4
37.249 750.797
38.949 750.797
38.949 753.348
37.249 753.348
-1
4
45.398 669.867
48.941 669.867
48.941 673.41
45.398 673.41
-1
4
45.398 676.953
48.941 676.953
48.941 680.5
45.398 680.5
-1
4
40.25 685.602
49.973 685.602
49.973 686.168
40.25 686.168
-1
4
39.52 742.293
42.066 742.293
42.066 743.993
39.52 743.993
-1
4
47.227 741.688
47.793 741.688
47.793 747.763
47.227 747.763
-1
4
59.359 743.426
61.059 743.426
61.059 745.977
59.359 745.977
-1
4
57.375 748.527
59.926 748.527
59.926 750.23
57.375 750.23
-1
4
63.043 738.512
69.727 738.512
69.727 739.082
63.043 739.082
-1
4
66.73 750.797
68.43 750.797
68.43 753.348
66.73 753.348
-1
4
63.918 671.695
64.484 671.695
64.484 683.558
63.918 683.558
-1
4
87.422 739.328
87.988 739.328
87.988 751.364
87.422 751.364
-1
4
89.973 746.547
91.672 746.547
91.672 749.094
89.973 749.094
-1
4
94.227 748.527
96.777 748.527
96.777 750.23
94.227 750.23
-1
4
96.21 746.828
99.044 746.828
99.044 747.395
96.21 747.395
-1
4
103.581 741.348
109.988 741.348
109.988 741.914
103.581 741.914
-1
4
109.18 669.867
112.723 669.867
112.723 673.41
109.18 673.41
-1
4
116.336 755.898
118.887 755.898
118.887 757.602
116.336 757.602
-1
4
120.93 741.688
121.496 741.688
121.496 747.906
120.93 747.906
-1
4
116.266 669.867
119.809 669.867
119.809 673.41
116.266 673.41
-1
4
127.957 742.293
130.508 742.293
130.508 743.993
127.957 743.993
-1
4
126.824 746.547
128.524 746.547
128.524 749.094
126.824 749.094
-1
4
25.629 679.081
26.195 679.081
26.195 711.679
25.629 711.679
-1
4
23.645 748.246
27.16 748.246
27.16 748.813
23.645 748.813
-1
4
22.511 750.797
24.211 750.797
24.211 753.348
22.511 753.348
-1
4
16.273 753.914
17.973 753.914
17.973 756.465
16.273 756.465
-1
4
20.523 755.898
23.078 755.898
23.078 757.602
20.523 757.602
-1
4
32.148 742.293
34.699 742.293
34.699 743.993
32.148 743.993
-1
4
43.042 739.457
50.742 739.457
50.742 740.023
43.042 740.023
-1
4
50.176 749.664
55.278 749.664
55.278 750.23
50.176 750.23
-1
4
57.375 755.898
59.926 755.898
59.926 757.602
57.375 757.602
-1
4
43.042 687.867
54.201 687.867
54.201 688.434
43.042 688.434
-1
4
68.148 681.066
74.586 681.066
74.586 681.633
68.148 681.633
-1
4
67.863 746.547
69.563 746.547
69.563 749.094
67.863 749.094
-1
4
76.367 742.293
78.918 742.293
78.918 743.993
76.367 743.993
-1
4
75.234 746.547
76.934 746.547
76.934 749.094
75.234 749.094
-1
4
89.406 679.081
89.973 679.081
89.973 710.828
89.406 710.828
-1
4
100.293 739.457
107.199 739.457
107.199 740.023
100.293 740.023
-1
4
96.492 679.081
97.059 679.081
97.059 686.168
96.492 686.168
-1
4
89.973 753.914
91.672 753.914
91.672 756.465
89.973 756.465
-1
4
105.848 743.426
111.516 743.426
111.516 749.094
105.848 749.094
-1
4
110.668 679.081
111.234 679.081
111.234 681.293
110.668 681.293
-1
4
113.219 742.293
115.77 742.293
115.77 743.993
113.219 743.993
-1
4
116.336 748.527
118.887 748.527
118.887 750.23
116.336 750.23
-1
4
117.754 679.081
118.32 679.081
118.32 681.293
117.754 681.293
-1
4
116.742 739.457
124.441 739.457
124.441 740.023
116.742 740.023
-1
4
124.84 679.081
125.406 679.081
125.406 710.828
124.84 710.828
-1
4
26.594 774.609
34.633 774.609
34.633 775.176
26.594 775.176
-1
4
32.715 833
34.633 833
34.633 833.57
32.715 833.57
-1
4
16.273 761.285
17.973 761.285
17.973 763.836
16.273 763.836
-1
4
22.056 764.402
27.16 764.402
27.16 764.969
22.056 764.969
-1
4
38.313 841.223
41.855 841.223
41.855 844.766
38.313 844.766
-1
4
32.148 757.035
34.699 757.035
34.699 758.735
32.148 758.735
-1
4
31.012 762.816
31.582 762.816
31.582 766.953
31.012 766.953
-1
4
41.043 830.734
50.313 830.734
50.313 831.301
41.043 831.301
-1
4
44.621 758.168
46.32 758.168
46.32 760.719
44.621 760.719
-1
4
38.383 761.285
40.087 761.285
40.087 763.836
38.383 763.836
-1
4
42.637 763.269
45.188 763.269
45.188 764.969
42.637 764.969
-1
4
41.383 772.719
47.453 772.719
47.453 773.285
41.383 773.285
-1
4
47.524 842.711
49.973 842.711
49.973 843.277
47.524 843.277
-1
4
51.988 758.168
53.691 758.168
53.691 760.719
51.988 760.719
-1
4
47.524 849.797
51.341 849.797
51.341 850.363
47.524 850.363
-1
4
43.836 774.609
50.742 774.609
50.742 775.176
43.836 775.176
-1
4
53.973 828.469
54.543 828.469
54.543 835.554
53.973 835.554
-1
4
53.125 762.816
53.691 762.816
53.691 766.047
53.125 766.047
-1
4
61.625 757.035
64.18 757.035
64.18 758.735
61.625 758.735
-1
4
64.746 763.269
67.297 763.269
67.297 764.969
64.746 764.969
-1
4
69.16 775.082
69.727 775.082
69.727 830.961
69.16 830.961
-1
4
61.696 842.711
64.484 842.711
64.484 843.277
61.696 843.277
-1
4
65.313 766.867
65.879 766.867
65.879 773.228
65.313 773.228
-1
4
78.879 831.867
85.746 831.867
85.746 832.434
78.879 832.434
-1
4
81.015 764.402
85.723 764.402
85.723 764.969
81.015 764.969
-1
4
81.309 775.555
87.988 775.555
87.988 776.121
81.309 776.121
-1
4
88.839 758.168
90.539 758.168
90.539 760.719
88.839 760.719
-1
4
86.855 763.269
89.406 763.269
89.406 764.969
86.855 764.969
-1
4
100.293 774.609
108.332 774.609
108.332 775.176
100.293 775.176
-1
4
96.492 826.199
108.332 826.199
108.332 826.766
96.492 826.766
-1
4
96.21 758.168
97.91 758.168
97.91 760.719
96.21 760.719
-1
4
95.757 764.402
100.859 764.402
100.859 764.969
95.757 764.969
-1
4
105.848 757.035
108.398 757.035
108.398 758.735
105.848 758.735
-1
4
110.949 758.168
112.652 758.168
112.652 760.719
110.949 760.719
-1
4
108.965 763.269
111.516 763.269
111.516 764.969
108.965 764.969
-1
4
113.523 831.867
115.309 831.867
115.309 832.434
113.523 832.434
-1
4
109.18 841.223
112.723 841.223
112.723 844.766
109.18 844.766
-1
4
115.082 772.719
121.156 772.719
121.156 773.285
115.082 773.285
-1
4
119.453 761.285
121.153 761.285
121.153 763.836
119.453 763.836
-1
4
122.402 763.269
122.969 763.269
122.969 774.23
122.402 774.23
-1
4
116.266 834.137
119.809 834.137
119.809 837.68
116.266 837.68
-1
4
127.957 757.035
130.508 757.035
130.508 758.735
127.957 758.735
-1
4
126.824 762.816
127.391 762.816
127.391 766.387
126.824 766.387
-1
4
16.273 768.656
17.973 768.656
17.973 771.207
16.273 771.207
-1
4
20.523 770.64
23.078 770.64
23.078 772.34
20.523 772.34
-1
4
29.855 832.207
30.422 832.207
30.422 843.277
29.855 843.277
-1
4
37.249 765.535
38.949 765.535
38.949 768.09
37.249 768.09
-1
4
35.266 770.64
37.816 770.64
37.816 772.34
35.266 772.34
-1
4
39.801 833.342
40.367 833.342
40.367 835.554
39.801 835.554
-1
4
52.484 841.223
56.031 841.223
56.031 844.766
52.484 844.766
-1
4
59.359 765.535
61.059 765.535
61.059 768.09
59.359 768.09
-1
4
51.988 767.238
54.825 767.238
54.825 767.805
51.988 767.805
-1
4
68.148 833
74.586 833
74.586 833.57
68.148 833.57
-1
4
68.996 764.402
71.547 764.402
71.547 766.102
68.996 766.102
-1
4
74.101 765.535
75.801 765.535
75.801 768.09
74.101 768.09
-1
4
72.113 770.64
74.668 770.64
74.668 772.34
72.113 772.34
-1
4
89.973 768.656
91.672 768.656
91.672 771.207
89.973 771.207
-1
4
94.227 770.64
96.777 770.64
96.777 772.34
94.227 772.34
-1
4
103.238 766.527
103.809 766.527
103.809 773.285
103.238 773.285
-1
4
102.09 834.137
105.637 834.137
105.637 837.68
102.09 837.68
-1
4
102.09 841.223
105.637 841.223
105.637 844.766
102.09 844.766
-1
4
103.582 829.602
112.18 829.602
112.18 830.168
103.582 830.168
-1
4
113.219 764.402
115.77 764.402
115.77 766.102
113.219 766.102
-1
4
118.32 765.535
120.02 765.535
120.02 768.09
118.32 768.09
-1
4
112.082 768.656
113.786 768.656
113.786 771.207
112.082 771.207
-1
4
118.93 831.867
121.18 831.867
121.18 832.434
118.93 832.434
-1
4
133.062 765.535
134.762 765.535
134.762 768.09
133.062 768.09
-1
4
131.074 770.64
133.629 770.64
133.629 772.34
131.074 772.34
-1
4
118.93 775.555
125.576 775.555
125.576 776.121
118.93 776.121
-1
4
46.625 826.199
58.77 826.199
58.77 826.766
46.625 826.766
-1
4
54.258 771.773
56.809 771.773
56.809 774.04
54.258 774.04
-1
4
46.625 776.5
54.938 776.5
54.938 777.066
46.625 777.066
-1
4
95.004 848.309
98.547 848.309
98.547 851.852
95.004 851.852
-1
4
104.977 776.84
105.543 776.84
105.543 824.158
104.977 824.158
-1
4
92.266 824.272
92.832 824.272
92.832 850.023
92.266 850.023
-1
4
24.777 777.441
30.445 777.441
30.445 787.929
24.777 787.929
-1
4
25.629 803.805
26.195 803.805
26.195 835.554
25.629 835.554
-1
4
61.625 777.441
67.297 777.441
67.297 787.929
61.625 787.929
-1
4
61.059 803.805
61.625 803.805
61.625 835.554
61.059 835.554
-1
4
89.406 802.954
89.973 802.954
89.973 835.554
89.406 835.554
-1
4
135.328 777.441
140.996 777.441
140.996 787.929
135.328 787.929
-1
4
124.84 802.954
125.406 802.954
125.406 835.554
124.84 835.554
