-1
4
0.585 653.327
150.45 653.327
150.45 861.306
0.585 861.306
-1
4
16.273 729.254
19.957 729.254
19.957 731.521
16.273 731.521
-1
4
22.398 737.57
30.707 737.57
30.707 738.137
22.398 738.137
-1
4
34.328 681.066
36.141 681.066
36.141 681.633
34.328 681.633
-1
4
28.066 740.402
34.895 740.402
34.895 740.969
28.066 740.969
-1
4
35.914 664.27
39.73 664.27
39.73 664.836
35.914 664.836
-1
4
41.305 686.734
51.341 686.734
51.341 687.301
41.305 687.301
-1
4
41.305 740.402
48.927 740.402
48.927 740.969
41.305 740.969
-1
4
46.887 749.664
49.438 749.664
49.438 751.364
46.887 751.364
-1
4
51.988 750.797
53.691 750.797
53.691 753.348
51.988 753.348
-1
4
45.754 753.914
47.454 753.914
47.454 756.465
45.754 756.465
-1
4
50.004 755.898
52.555 755.898
52.555 757.602
50.004 757.602
-1
4
54.612 664.27
58.43 664.27
58.43 664.836
54.612 664.836
-1
4
45.832 690.137
58.43 690.137
58.43 690.703
45.832 690.703
-1
4
65.313 749.664
70.016 749.664
70.016 750.23
65.313 750.23
-1
4
67.863 753.914
69.563 753.914
69.563 756.465
67.863 756.465
-1
4
72.113 755.898
74.668 755.898
74.668 757.602
72.113 757.602
-1
4
92.266 664.27
96.421 664.27
96.421 664.836
92.266 664.836
-1
4
92.266 687.867
104.068 687.867
104.068 688.434
92.266 688.434
-1
4
89.973 729.254
93.66 729.254
93.66 731.521
89.973 731.521
-1
4
94.227 740.593
96.777 740.593
96.777 742.859
94.227 742.859
-1
4
96.097 737.57
104.068 737.57
104.068 738.137
96.097 738.137
-1
4
99.352 684.465
108.255 684.465
108.255 685.035
99.352 685.035
-1
4
97.344 753.914
99.044 753.914
99.044 756.465
97.344 756.465
-1
4
101.594 755.898
104.148 755.898
104.148 757.602
101.594 757.602
-1
4
111.306 664.27
115.461 664.27
115.461 664.836
111.306 664.836
-1
4
115.346 740.402
122.969 740.402
122.969 740.969
115.346 740.969
-1
4
119.453 753.914
121.153 753.914
121.153 756.465
119.453 756.465
-1
4
119.531 683.332
122.207 683.332
122.207 683.898
119.531 683.898
-1
4
126.824 729.254
130.508 729.254
130.508 731.521
126.824 731.521
-1
4
131.074 740.593
133.629 740.593
133.629 742.859
131.074 742.859
-1
4
119.531 737.57
127.504 737.57
127.504 738.137
119.531 738.137
-1
4
29.855 682.199
32.105 682.199
32.105 682.766
29.855 682.766
-1
4
29.855 671.355
32.644 671.355
32.644 671.922
29.855 671.922
-1
4
17.406 742.293
19.957 742.293
19.957 743.993
17.406 743.993
-1
4
22.511 743.426
24.211 743.426
24.211 745.977
22.511 745.977
-1
4
20.523 748.527
23.078 748.527
23.078 750.23
20.523 750.23
-1
4
37.284 671.355
39.73 671.355
39.73 671.922
37.284 671.922
-1
4
29.539 749.664
33.168 749.664
33.168 750.23
29.539 750.23
-1
4
47.524 671.355
50.313 671.355
50.313 671.922
47.524 671.922
-1
4
46.887 679.081
47.453 679.081
47.453 684.693
46.887 684.693
-1
4
44.621 743.426
46.32 743.426
46.32 745.977
44.621 745.977
-1
4
44.621 747.535
47.793 747.535
47.793 748.105
44.621 748.105
-1
4
44.098 738.512
52.215 738.512
52.215 739.082
44.098 739.082
-1
4
54.612 671.355
57.398 671.355
57.398 671.922
54.612 671.922
-1
4
59.359 743.426
61.059 743.426
61.059 745.977
59.359 745.977
-1
4
63.043 738.512
69.727 738.512
69.727 739.082
63.043 739.082
-1
4
61.696 671.355
64.484 671.355
64.484 671.922
61.696 671.922
-1
4
63.918 683.332
69.387 683.332
69.387 683.898
63.918 683.898
-1
4
60.492 753.914
62.192 753.914
62.192 756.465
60.492 756.465
-1
4
88.839 750.797
90.539 750.797
90.539 753.348
88.839 753.348
-1
4
82.602 753.914
84.305 753.914
84.305 756.465
82.602 756.465
-1
4
86.855 755.898
89.406 755.898
89.406 757.602
86.855 757.602
-1
4
93.637 671.355
96.421 671.355
96.421 671.922
93.637 671.922
-1
4
100.723 671.355
103.509 671.355
103.509 671.922
100.723 671.922
-1
4
103.581 741.348
109.988 741.348
109.988 741.914
103.581 741.914
-1
4
103.581 749.664
106.868 749.664
106.868 750.23
103.581 750.23
-1
4
111.306 671.355
114.09 671.355
114.09 671.922
111.306 671.922
-1
4
119.793 747.68
121.496 747.68
121.496 748.246
119.793 748.246
-1
4
112.082 753.914
113.786 753.914
113.786 756.465
112.082 756.465
-1
4
125.69 746.547
127.504 746.547
127.504 747.113
125.69 747.113
-1
4
24.141 676.953
27.684 676.953
27.684 680.5
24.141 680.5
-1
4
16.273 753.914
17.973 753.914
17.973 756.465
16.273 756.465
-1
4
37.457 683.332
40.367 683.332
40.367 683.898
37.457 683.898
-1
4
32.148 742.293
34.699 742.293
34.699 743.993
32.148 743.993
-1
4
37.249 743.426
38.949 743.426
38.949 745.977
37.249 745.977
-1
4
35.266 748.527
37.816 748.527
37.816 750.23
35.266 750.23
-1
4
53.973 679.081
54.543 679.081
54.543 688.434
53.973 688.434
-1
4
59.57 676.953
63.113 676.953
63.113 680.5
59.57 680.5
-1
4
46.887 726.704
52.555 726.704
52.555 737.191
46.887 737.191
-1
4
68.148 679.081
68.715 679.081
68.715 681.293
68.148 681.293
-1
4
68.996 742.293
71.547 742.293
71.547 743.993
68.996 743.993
-1
4
74.101 743.426
75.801 743.426
75.801 745.977
74.101 745.977
-1
4
72.113 748.527
74.668 748.527
74.668 750.23
72.113 750.23
-1
4
82.32 679.081
82.887 679.081
82.887 681.293
82.32 681.293
-1
4
81.468 743.426
83.172 743.426
83.172 745.977
81.468 745.977
-1
4
79.484 748.527
82.035 748.527
82.035 750.23
79.484 750.23
-1
4
87.918 676.953
91.461 676.953
91.461 680.5
87.918 680.5
-1
4
100.293 739.457
107.199 739.457
107.199 740.023
100.293 740.023
-1
4
96.492 679.081
97.059 679.081
97.059 686.168
96.492 686.168
-1
4
97.344 748.586
97.91 748.586
97.91 751.817
97.344 751.817
-1
4
103.582 679.081
104.148 679.081
104.148 682.426
103.582 682.426
-1
4
110.668 681.066
112.781 681.066
112.781 681.633
110.668 681.633
-1
4
113.219 742.293
115.77 742.293
115.77 743.993
113.219 743.993
-1
4
118.32 743.426
120.02 743.426
120.02 745.977
118.32 745.977
-1
4
112.082 746.547
113.786 746.547
113.786 749.094
112.082 749.094
-1
4
116.402 681.066
118.32 681.066
118.32 681.633
116.402 681.633
-1
4
123.875 749.664
128.977 749.664
128.977 750.23
123.875 750.23
-1
4
133.062 750.797
134.762 750.797
134.762 753.348
133.062 753.348
-1
4
123.352 676.953
126.895 676.953
126.895 680.5
123.352 680.5
-1
4
39.52 749.664
42.066 749.664
42.066 751.364
39.52 751.364
-1
4
32.715 833
34.633 833
34.633 833.57
32.715 833.57
-1
4
24.777 757.035
27.328 757.035
27.328 758.735
24.777 758.735
-1
4
23.645 761.285
25.344 761.285
25.344 763.836
23.645 763.836
-1
4
27.895 763.269
30.445 763.269
30.445 764.969
27.895 764.969
-1
4
28.406 773.664
36.027 773.664
36.027 774.23
28.406 774.23
-1
4
35.914 849.797
39.73 849.797
39.73 850.363
35.914 850.363
-1
4
32.148 757.035
34.699 757.035
34.699 758.735
32.148 758.735
-1
4
35.266 763.269
37.816 763.269
37.816 764.969
35.266 764.969
-1
4
29.539 766.387
31.24 766.387
31.24 766.953
29.539 766.953
-1
4
37.284 842.711
39.73 842.711
39.73 843.277
37.284 843.277
-1
4
41.043 830.734
50.313 830.734
50.313 831.301
41.043 831.301
-1
4
39.52 757.035
42.066 757.035
42.066 758.735
39.52 758.735
-1
4
44.621 758.168
46.32 758.168
46.32 760.719
44.621 760.719
-1
4
44.168 764.402
47.793 764.402
47.793 764.969
44.168 764.969
-1
4
41.383 772.719
47.453 772.719
47.453 773.285
41.383 773.285
-1
4
47.524 842.711
49.973 842.711
49.973 843.277
47.524 843.277
-1
4
43.836 774.609
50.742 774.609
50.742 775.176
43.836 775.176
-1
4
54.258 757.035
56.809 757.035
56.809 758.735
54.258 758.735
-1
4
59.359 758.168
61.059 758.168
61.059 760.719
59.359 760.719
-1
4
57.375 763.269
59.926 763.269
59.926 764.969
57.375 764.969
-1
4
53.973 828.469
54.543 828.469
54.543 835.554
53.973 835.554
-1
4
53.125 762.816
53.691 762.816
53.691 766.047
53.125 766.047
-1
4
63.918 830.734
69.727 830.734
69.727 831.301
63.918 831.301
-1
4
66.73 758.168
68.43 758.168
68.43 760.719
66.73 760.719
-1
4
61.696 842.711
64.484 842.711
64.484 843.277
61.696 843.277
-1
4
63.385 775.082
69.387 775.082
69.387 775.648
63.385 775.648
-1
4
65.313 766.527
68.43 766.527
68.43 767.094
65.313 767.094
-1
4
72.113 763.269
74.668 763.269
74.668 764.969
72.113 764.969
-1
4
61.696 849.797
65.855 849.797
65.855 850.363
61.696 850.363
-1
4
76.367 757.035
78.918 757.035
78.918 758.735
76.367 758.735
-1
4
81.468 758.168
83.172 758.168
83.172 760.719
81.468 760.719
-1
4
81.015 764.402
85.723 764.402
85.723 764.969
81.015 764.969
-1
4
78.879 773.664
85.383 773.664
85.383 774.23
78.879 774.23
-1
4
85.18 849.797
89.335 849.797
89.335 850.363
85.18 850.363
-1
4
81.309 775.555
87.988 775.555
87.988 776.121
81.309 776.121
-1
4
81.309 830.734
87.113 830.734
87.113 831.301
81.309 831.301
-1
4
86.547 842.711
89.335 842.711
89.335 843.277
86.547 843.277
-1
4
91.105 757.035
93.66 757.035
93.66 758.735
91.105 758.735
-1
4
89.973 761.285
91.672 761.285
91.672 763.836
89.973 763.836
-1
4
95.757 764.402
100.859 764.402
100.859 764.969
95.757 764.969
-1
4
96.492 826.539
97.059 826.539
97.059 835.554
96.492 835.554
-1
4
101.766 773.664
109.73 773.664
109.73 774.23
101.766 774.23
-1
4
99.352 827.332
109.73 827.332
109.73 827.898
99.352 827.898
-1
4
99.352 849.797
103.509 849.797
103.509 850.363
99.352 850.363
-1
4
105.848 757.035
108.398 757.035
108.398 758.735
105.848 758.735
-1
4
110.949 758.168
112.652 758.168
112.652 760.719
110.949 760.719
-1
4
104.715 761.285
106.415 761.285
106.415 763.836
104.715 763.836
-1
4
108.965 763.269
111.516 763.269
111.516 764.969
108.965 764.969
-1
4
113.523 831.867
115.309 831.867
115.309 832.434
113.523 832.434
-1
4
118.32 758.168
120.02 758.168
120.02 760.719
118.32 760.719
-1
4
117.867 764.402
121.496 764.402
121.496 764.969
117.867 764.969
-1
4
115.082 772.719
121.156 772.719
121.156 773.285
115.082 773.285
-1
4
123.707 763.269
126.258 763.269
126.258 764.969
123.707 764.969
-1
4
111.306 849.797
115.461 849.797
115.461 850.363
111.306 850.363
-1
4
117.535 774.609
124.441 774.609
124.441 775.176
117.535 775.176
-1
4
116.266 834.137
119.809 834.137
119.809 837.68
116.266 837.68
-1
4
127.957 757.035
130.508 757.035
130.508 758.735
127.957 758.735
-1
4
133.062 758.168
134.762 758.168
134.762 760.719
133.062 760.719
-1
4
17.406 764.402
19.957 764.402
19.957 766.102
17.406 766.102
-1
4
23.531 767.523
25.684 767.523
25.684 768.09
23.531 768.09
-1
4
30.195 842.711
32.644 842.711
32.644 843.277
30.195 843.277
-1
4
38.254 833
40.367 833
40.367 833.57
38.254 833.57
-1
4
35.266 770.64
37.816 770.64
37.816 772.34
35.266 772.34
-1
4
39.52 764.402
42.066 764.402
42.066 766.102
39.52 766.102
-1
4
51.988 767.238
54.825 767.238
54.825 767.805
51.988 767.805
-1
4
54.612 842.711
57.398 842.711
57.398 843.277
54.612 843.277
-1
4
68.148 833.342
68.715 833.342
68.715 835.554
68.148 835.554
-1
4
76.367 764.402
78.918 764.402
78.918 766.102
76.367 766.102
-1
4
75.234 768.656
76.934 768.656
76.934 771.207
75.234 771.207
-1
4
79.484 770.64
82.035 770.64
82.035 772.34
79.484 772.34
-1
4
82.32 833.342
82.887 833.342
82.887 835.554
82.32 835.554
-1
4
93.637 842.711
96.421 842.711
96.421 843.277
93.637 843.277
-1
4
104.715 768.656
106.415 768.656
106.415 771.207
104.715 771.207
-1
4
103.581 766.527
106.415 766.527
106.415 767.094
103.581 767.094
-1
4
103.582 829.942
104.148 829.942
104.148 835.554
103.582 835.554
-1
4
100.723 842.711
103.509 842.711
103.509 843.277
100.723 843.277
-1
4
113.219 764.402
115.77 764.402
115.77 766.102
113.219 766.102
-1
4
112.082 768.656
113.786 768.656
113.786 771.207
112.082 771.207
-1
4
118.93 831.867
121.18 831.867
121.18 832.434
118.93 832.434
-1
4
127.957 764.402
130.508 764.402
130.508 766.102
127.957 766.102
-1
4
125.69 767.238
128.524 767.238
128.524 767.805
125.69 767.805
-1
4
118.392 842.711
120.84 842.711
120.84 843.277
118.392 843.277
-1
4
28.488 830.734
31.844 830.734
31.844 831.301
28.488 831.301
-1
4
17.406 771.773
19.957 771.773
19.957 774.04
17.406 774.04
-1
4
20.523 783.112
24.211 783.112
24.211 785.379
20.523 785.379
-1
4
23.53 776.5
31.504 776.5
31.504 777.066
23.53 777.066
-1
4
28.828 849.797
32.644 849.797
32.644 850.363
28.828 850.363
-1
4
46.625 826.199
58.77 826.199
58.77 826.766
46.625 826.766
-1
4
54.258 771.773
56.809 771.773
56.809 774.04
54.258 774.04
-1
4
46.625 776.5
54.938 776.5
54.938 777.066
46.625 777.066
-1
4
57.375 783.112
61.059 783.112
61.059 785.379
57.375 785.379
-1
4
92.266 823.93
105.543 823.93
105.543 824.5
92.266 824.5
-1
4
91.105 771.773
93.66 771.773
93.66 774.04
91.105 774.04
-1
4
97.23 776.5
105.543 776.5
105.543 777.066
97.23 777.066
-1
4
94.227 783.112
97.91 783.112
97.91 785.379
94.227 785.379
-1
4
92.266 849.797
96.421 849.797
96.421 850.363
92.266 850.363
-1
4
127.957 771.773
130.508 771.773
130.508 774.04
127.957 774.04
-1
4
131.074 783.112
134.762 783.112
134.762 785.379
131.074 785.379
-1
4
120.667 776.5
128.637 776.5
128.637 777.066
120.667 777.066
-1
4
24.141 834.137
27.684 834.137
27.684 837.68
24.141 837.68
-1
4
59.57 834.137
63.113 834.137
63.113 837.68
59.57 837.68
-1
4
87.918 834.137
91.461 834.137
91.461 837.68
87.918 837.68
-1
4
123.352 834.137
126.895 834.137
126.895 837.68
123.352 837.68
