-1
4
0.585 653.327
150.45 653.327
150.45 861.306
0.585 861.306
-1
4
51.117 829.602
51.684 829.602
51.684 850.363
51.117 850.363
-1
4
51.988 758.168
53.691 758.168
53.691 760.719
51.988 760.719
-1
4
42.78 773.664
48.93 773.664
48.93 774.23
42.78 774.23
-1
4
68.996 757.035
71.551 757.035
71.551 758.735
68.996 758.735
-1
4
74.101 758.168
75.801 758.168
75.801 760.719
74.101 760.719
-1
4
65.312 766.867
65.879 766.867
65.879 773.228
65.312 773.228
-1
4
67.863 762.816
68.43 762.816
68.43 766.754
67.863 766.754
-1
4
83.738 757.035
86.289 757.035
86.289 758.735
83.738 758.735
-1
4
88.839 758.168
90.543 758.168
90.543 760.719
88.839 760.719
-1
4
82.605 761.285
84.305 761.285
84.305 763.836
82.605 763.836
-1
4
97.344 761.285
99.044 761.285
99.044 763.836
97.344 763.836
-1
4
101.766 764.289
102.332 764.289
102.332 773.89
101.766 773.89
-1
4
105.848 757.035
108.398 757.035
108.398 758.735
105.848 758.735
-1
4
110.953 758.168
112.652 758.168
112.652 760.719
110.953 760.719
-1
4
104.715 762.816
105.281 762.816
105.281 766.898
104.715 766.898
-1
4
113.527 831.867
115.312 831.867
115.312 832.434
113.527 832.434
-1
4
118.32 758.168
120.02 758.168
120.02 760.719
118.32 760.719
-1
4
123.707 763.269
126.258 763.269
126.258 764.969
123.707 764.969
-1
4
116.141 773.664
122.629 773.664
122.629 774.23
116.141 774.23
-1
4
127.961 757.035
130.512 757.035
130.512 758.735
127.961 758.735
-1
4
123.879 766.16
124.445 766.16
124.445 774.836
123.879 774.836
-1
4
31.227 841.223
34.77 841.223
34.77 844.766
31.227 844.766
-1
4
39.648 831.867
47.453 831.867
47.453 832.434
39.648 832.434
-1
4
45.398 834.137
48.941 834.137
48.941 837.68
45.398 837.68
-1
4
44.621 765.535
46.32 765.535
46.32 768.09
44.621 768.09
-1
4
54.258 764.402
56.809 764.402
56.809 766.102
54.258 766.102
-1
4
57.375 770.64
59.926 770.64
59.926 772.34
57.375 772.34
-1
4
45.57 827.332
57.398 827.332
57.398 827.898
45.57 827.898
-1
4
45.57 775.555
51.875 775.555
51.875 776.121
45.57 776.121
-1
4
68.148 833
74.586 833
74.586 833.57
68.148 833.57
-1
4
109.426 683.672
109.992 683.672
109.992 741.574
109.426 741.574
-1
4
103.581 749.664
106.868 749.664
106.868 750.23
103.581 750.23
-1
4
119.453 747.68
120.02 747.68
120.02 751.817
119.453 751.817
-1
4
113.219 749.664
115.77 749.664
115.77 751.364
113.219 751.364
-1
4
112.086 753.914
113.786 753.914
113.786 756.465
112.086 756.465
-1
4
133.062 743.426
134.762 743.426
134.762 745.977
133.062 745.977
-1
4
125.352 738.854
125.918 738.854
125.918 746.773
125.352 746.773
-1
4
32.148 742.293
34.699 742.293
34.699 743.993
32.148 743.993
-1
4
31.012 746.547
32.715 746.547
32.715 749.094
31.012 749.094
-1
4
45.398 676.953
48.941 676.953
48.941 680.5
45.398 680.5
-1
4
38.516 684.465
47.453 684.465
47.453 685.035
38.516 685.035
-1
4
44.621 743.426
46.32 743.426
46.32 745.977
44.621 745.977
-1
4
38.383 746.547
40.087 746.547
40.087 749.094
38.383 749.094
-1
4
52.484 676.953
56.031 676.953
56.031 680.5
52.484 680.5
-1
4
43.042 739.457
50.742 739.457
50.742 740.023
43.042 740.023
-1
4
50.176 749.664
55.278 749.664
55.278 750.23
50.176 750.23
-1
4
53.125 753.914
54.825 753.914
54.825 756.465
53.125 756.465
-1
4
57.375 755.898
59.926 755.898
59.926 757.602
57.375 757.602
-1
4
59.574 676.953
63.117 676.953
63.117 680.5
59.574 680.5
-1
4
68.148 681.066
74.586 681.066
74.586 681.633
68.148 681.633
-1
4
76.449 681.066
82.887 681.066
82.887 681.633
76.449 681.633
-1
4
75.234 746.547
76.934 746.547
76.934 749.094
75.234 749.094
-1
4
79.484 748.527
82.039 748.527
82.039 750.23
79.484 750.23
-1
4
87.918 676.953
91.465 676.953
91.465 680.5
87.918 680.5
-1
4
95.008 676.953
98.551 676.953
98.551 680.5
95.008 680.5
-1
4
89.973 753.914
91.676 753.914
91.676 756.465
89.973 756.465
-1
4
103.582 679.081
104.148 679.081
104.148 682.426
103.582 682.426
-1
4
105.848 742.293
108.398 742.293
108.398 743.993
105.848 743.993
-1
4
108.965 748.527
111.52 748.527
111.52 750.23
108.965 750.23
-1
4
118.32 743.426
120.02 743.426
120.02 745.977
118.32 745.977
-1
6
112.215 742.859
114.239 742.859
114.239 742.293
112.781 742.293
112.781 681.406
112.215 681.406
-1
4
117.754 679.081
118.32 679.081
118.32 681.293
117.754 681.293
-1
4
127.961 749.664
130.512 749.664
130.512 751.364
127.961 751.364
-1
4
26.594 774.609
34.633 774.609
34.633 775.176
26.594 775.176
-1
4
32.715 833
34.633 833
34.633 833.57
32.715 833.57
-1
4
17.406 757.035
19.961 757.035
19.961 758.735
17.406 758.735
-1
4
22.511 758.168
24.211 758.168
24.211 760.719
22.511 760.719
-1
4
22.058 764.402
27.16 764.402
27.16 764.969
22.058 764.969
-1
4
35.266 763.269
37.816 763.269
37.816 764.969
35.266 764.969
-1
4
31.012 762.816
31.582 762.816
31.582 766.953
31.012 766.953
-1
4
39.52 757.035
42.066 757.035
42.066 758.735
39.52 758.735
-1
4
44.621 758.168
46.32 758.168
46.32 760.719
44.621 760.719
-1
4
119.453 753.914
121.157 753.914
121.157 756.465
119.453 756.465
-1
4
122.402 740.742
122.969 740.742
122.969 750.344
122.402 750.344
-1
4
121.984 664.27
122.551 664.27
122.551 683.898
121.984 683.898
-1
4
119.195 683.332
119.762 683.332
119.762 738.137
119.195 738.137
-1
4
126.824 729.254
130.512 729.254
130.512 731.521
126.824 731.521
-1
4
25.117 738.512
32.105 738.512
32.105 739.082
25.117 739.082
-1
4
22.511 746.828
25.684 746.828
25.684 747.395
22.511 747.395
-1
4
20.527 748.527
23.078 748.527
23.078 750.23
20.527 750.23
-1
4
37.249 750.797
38.949 750.797
38.949 753.348
37.249 753.348
-1
4
35.266 755.898
37.816 755.898
37.816 757.602
35.266 757.602
-1
4
45.754 747.735
46.32 747.735
46.32 751.817
45.754 751.817
-1
4
44.098 689
57.398 689
57.398 689.57
44.098 689.57
-1
4
57.375 748.527
59.926 748.527
59.926 750.23
57.375 750.23
-1
4
59.574 669.867
63.117 669.867
63.117 673.41
59.574 673.41
-1
4
63.043 738.854
63.613 738.854
63.613 750.344
63.043 750.344
-1
4
81.309 683.332
87.117 683.332
87.117 683.898
81.309 683.898
-1
4
86.551 671.355
89.337 671.355
89.337 671.922
86.551 671.922
-1
4
83.738 749.664
86.289 749.664
86.289 751.364
83.738 751.364
-1
4
93.637 686.734
105.805 686.734
105.805 687.301
93.637 687.301
-1
4
98.82 738.512
105.805 738.512
105.805 739.082
98.82 739.082
-1
4
96.21 743.426
97.91 743.426
97.91 745.977
96.21 745.977
-1
4
89.973 746.547
91.676 746.547
91.676 749.094
89.973 749.094
-1
4
94.227 748.527
96.777 748.527
96.777 750.23
94.227 750.23
-1
4
28.828 683.332
30.707 683.332
30.707 683.898
28.828 683.898
-1
4
16.273 729.254
19.961 729.254
19.961 731.521
16.273 731.521
-1
4
20.527 740.593
23.078 740.593
23.078 742.859
20.527 742.859
-1
4
38.312 662.781
41.855 662.781
41.855 666.324
38.312 666.324
-1
4
28.066 740.402
34.895 740.402
34.895 740.969
28.066 740.969
-1
4
35.574 664.27
36.141 664.27
36.141 681.293
35.574 681.293
-1
4
24.777 749.664
27.328 749.664
27.328 751.364
24.777 751.364
-1
4
29.878 750.797
31.582 750.797
31.582 753.348
29.878 753.348
-1
4
27.895 755.898
30.445 755.898
30.445 757.602
27.895 757.602
-1
4
41.305 687.074
41.871 687.074
41.871 740.629
41.305 740.629
-1
4
45.754 753.914
47.454 753.914
47.454 756.465
45.754 756.465
-1
4
57.375 740.593
59.926 740.593
59.926 742.859
57.375 742.859
-1
4
45.832 737.57
53.805 737.57
53.805 738.137
45.832 738.137
-1
4
59.574 662.781
63.117 662.781
63.117 666.324
59.574 666.324
-1
4
65.312 740.742
65.879 740.742
65.879 750.23
65.312 750.23
-1
4
68.996 749.664
71.551 749.664
71.551 751.364
68.996 751.364
-1
4
87.918 662.781
91.465 662.781
91.465 666.324
87.918 666.324
-1
4
75.234 753.914
76.934 753.914
76.934 756.465
75.234 756.465
-1
4
79.484 755.898
82.039 755.898
82.039 757.602
79.484 757.602
-1
4
89.973 729.254
93.66 729.254
93.66 731.521
89.973 731.521
-1
4
99.352 684.465
108.255 684.465
108.255 685.035
99.352 685.035
-1
4
101.766 740.402
108.255 740.402
108.255 740.969
101.766 740.969
-1
4
97.344 753.914
99.044 753.914
99.044 756.465
97.344 756.465
-1
4
101.598 755.898
104.148 755.898
104.148 757.602
101.598 757.602
-1
4
76.449 833
82.887 833
82.887 833.57
76.449 833.57
-1
4
76.367 764.402
78.918 764.402
78.918 766.102
76.367 766.102
-1
4
93.637 825.066
106.938 825.066
106.938 825.633
93.637 825.633
-1
4
96.21 765.535
97.91 765.535
97.91 768.09
96.21 768.09
-1
4
89.973 768.656
91.676 768.656
91.676 771.207
89.973 771.207
-1
4
103.582 829.602
112.18 829.602
112.18 830.168
103.582 830.168
-1
4
118.934 831.867
121.18 831.867
121.18 832.434
118.934 832.434
-1
4
127.961 764.402
130.512 764.402
130.512 766.102
127.961 766.102
-1
4
133.062 765.535
134.762 765.535
134.762 768.09
133.062 768.09
-1
4
28.488 830.734
31.844 830.734
31.844 831.301
28.488 831.301
-1
4
17.406 771.773
19.961 771.773
19.961 774.04
17.406 774.04
-1
4
24.777 777.441
30.445 777.441
30.445 787.929
24.777 787.929
-1
4
59.574 834.137
63.117 834.137
63.117 837.68
59.574 837.68
-1
4
61.629 777.441
67.297 777.441
67.297 787.929
61.629 787.929
-1
4
87.918 834.137
91.465 834.137
91.465 837.68
87.918 837.68
-1
4
98.477 777.441
104.148 777.441
104.148 787.929
98.477 787.929
-1
4
123.352 834.137
126.895 834.137
126.895 837.68
123.352 837.68
