-1
4
0.585 653.327
150.45 653.327
150.45 861.306
0.585 861.306
-1
4
31.227 662.781
34.77 662.781
34.77 666.324
31.227 666.324
-1
4
16.273 730.387
23.078 730.387
23.078 741.727
16.273 741.727
-1
4
30.141 683.672
30.707 683.672
30.707 737.797
30.141 737.797
-1
4
34.328 681.406
34.895 681.406
34.895 740.629
34.328 740.629
-1
4
28.066 740.742
28.633 740.742
28.633 751.364
28.066 751.364
-1
4
46.887 750.797
52.555 750.797
52.555 756.465
46.887 756.465
-1
4
57.375 740.593
59.926 740.593
59.926 742.859
57.375 742.859
-1
4
71.59 682.539
72.156 682.539
72.156 740.629
71.59 740.629
-1
4
68.996 749.664
71.547 749.664
71.547 751.364
68.996 751.364
-1
4
67.863 753.914
69.563 753.914
69.563 756.465
67.863 756.465
-1
4
72.113 755.898
74.668 755.898
74.668 757.602
72.113 757.602
-1
4
78.879 741.066
85.723 741.066
85.723 741.633
78.879 741.633
-1
4
99.352 664.27
103.509 664.27
103.509 664.836
99.352 664.836
-1
4
103.581 750.797
105.281 750.797
105.281 753.348
103.581 753.348
-1
4
101.766 740.742
102.332 740.742
102.332 751.364
101.766 751.364
-1
4
109.18 662.781
112.723 662.781
112.723 666.324
109.18 666.324
-1
4
29.855 671.695
30.422 671.695
30.422 682.426
29.855 682.426
-1
4
36.941 671.355
37.512 671.355
37.512 682.766
36.941 682.766
-1
4
31.012 753.914
32.715 753.914
32.715 756.465
31.012 756.465
-1
4
35.266 755.898
37.816 755.898
37.816 757.602
35.266 757.602
-1
4
40.25 741.348
47.793 741.348
47.793 741.914
40.25 741.914
-1
4
40.25 685.602
49.973 685.602
49.973 686.168
40.25 686.168
-1
4
42.637 748.527
45.188 748.527
45.188 750.23
42.637 750.23
-1
4
53.125 746.547
54.825 746.547
54.825 749.094
53.125 749.094
-1
4
56.832 671.695
57.398 671.695
57.398 689.228
56.832 689.228
-1
4
61.625 749.664
64.18 749.664
64.18 751.364
61.625 751.364
-1
4
63.918 671.695
64.484 671.695
64.484 683.558
63.918 683.558
-1
4
87.918 669.867
91.461 669.867
91.461 673.41
87.918 673.41
-1
4
81.309 683.332
87.113 683.332
87.113 683.898
81.309 683.898
-1
4
82.602 753.914
84.305 753.914
84.305 756.465
82.602 756.465
-1
4
87.422 739.328
87.988 739.328
87.988 751.364
87.422 751.364
-1
4
99.159 738.512
105.805 738.512
105.805 739.082
99.159 739.082
-1
4
102.09 669.867
105.637 669.867
105.637 673.41
102.09 673.41
-1
4
109.422 683.672
109.988 683.672
109.988 741.574
109.422 741.574
-1
4
109.18 669.867
112.723 669.867
112.723 673.41
109.18 673.41
-1
4
113.949 741.348
121.496 741.348
121.496 741.914
113.949 741.914
-1
4
119.453 747.68
120.02 747.68
120.02 751.817
119.453 751.817
-1
4
113.219 749.664
115.77 749.664
115.77 751.364
113.219 751.364
-1
4
112.082 753.914
113.786 753.914
113.786 756.465
112.082 756.465
-1
4
117.797 682.199
121.18 682.199
121.18 682.766
117.797 682.766
-1
4
117.797 738.512
125.918 738.512
125.918 739.082
117.797 739.082
-1
4
23.645 748.586
24.211 748.586
24.211 751.817
23.645 751.817
-1
4
32.148 743.426
37.816 743.426
37.816 749.094
32.148 749.094
-1
4
39.801 679.081
40.367 679.081
40.367 683.558
39.801 683.558
-1
4
43.042 739.457
50.742 739.457
50.742 740.023
43.042 740.023
-1
4
57.375 755.898
59.926 755.898
59.926 757.602
57.375 757.602
-1
4
43.042 687.867
54.201 687.867
54.201 688.434
43.042 688.434
-1
4
74.101 743.426
75.801 743.426
75.801 745.977
74.101 745.977
-1
4
76.449 681.066
82.887 681.066
82.887 681.633
76.449 681.633
-1
4
79.484 748.527
82.035 748.527
82.035 750.23
79.484 750.23
-1
8
97.344 737.191
103.012 737.191
103.012 708.844
83.738 708.844
83.738 728.688
94.227 728.688
94.227 729.82
97.344 729.82
-1
4
96.832 685.602
107.199 685.602
107.199 686.168
96.832 686.168
-1
4
96.21 750.797
97.91 750.797
97.91 753.348
96.21 753.348
-1
4
103.582 679.081
104.148 679.081
104.148 682.426
103.582 682.426
-1
4
110.949 743.426
112.652 743.426
112.652 745.977
110.949 745.977
-1
4
104.715 746.547
106.415 746.547
106.415 749.094
104.715 749.094
-1
4
108.965 748.527
111.516 748.527
111.516 750.23
108.965 750.23
-1
4
110.668 679.081
111.234 679.081
111.234 681.293
110.668 681.293
-1
4
118.32 743.426
120.02 743.426
120.02 745.977
118.32 745.977
-1
4
116.266 676.953
119.809 676.953
119.809 680.5
116.266 680.5
-1
4
123.875 749.664
128.977 749.664
128.977 750.23
123.875 750.23
-1
4
126.824 753.914
128.524 753.914
128.524 756.465
126.824 756.465
-1
4
120.586 726.704
126.258 726.704
126.258 737.191
120.586 737.191
-1
4
26.594 774.609
34.633 774.609
34.633 775.176
26.594 775.176
-1
4
31.227 834.137
34.77 834.137
34.77 837.68
31.227 837.68
-1
4
17.406 757.035
19.957 757.035
19.957 758.735
17.406 758.735
-1
4
22.511 758.168
24.211 758.168
24.211 760.719
22.511 760.719
-1
4
22.056 764.402
27.16 764.402
27.16 764.969
22.056 764.969
-1
4
35.266 763.269
37.816 763.269
37.816 764.969
35.266 764.969
-1
4
31.012 762.816
31.582 762.816
31.582 766.953
31.012 766.953
-1
4
29.879 772.719
37.086 772.719
37.086 773.285
29.879 773.285
-1
4
42.637 763.269
45.188 763.269
45.188 764.969
42.637 764.969
-1
4
41.043 772.719
41.609 772.719
41.609 830.961
41.043 830.961
-1
4
50.176 765.82
53.691 765.82
53.691 766.387
50.176 766.387
-1
4
43.836 774.609
50.742 774.609
50.742 775.176
43.836 775.176
-1
4
52.484 834.137
56.031 834.137
56.031 837.68
52.484 837.68
-1
4
53.125 761.285
54.825 761.285
54.825 763.836
53.125 763.836
-1
4
44.176 828.469
54.201 828.469
54.201 829.035
44.176 829.035
-1
4
63.918 830.734
69.727 830.734
69.727 831.301
63.918 831.301
-1
4
61.625 757.035
64.18 757.035
64.18 758.735
61.625 758.735
-1
4
60.492 761.285
62.192 761.285
62.192 763.836
60.492 763.836
-1
4
65.313 766.867
65.879 766.867
65.879 773.228
65.313 773.228
-1
4
67.863 762.816
68.43 762.816
68.43 766.754
67.863 766.754
-1
4
79.484 763.269
82.035 763.269
82.035 764.969
79.484 764.969
-1
4
83.738 758.168
89.406 758.168
89.406 763.836
83.738 763.836
-1
4
87.918 841.223
91.461 841.223
91.461 844.766
87.918 844.766
-1
4
91.105 757.035
93.66 757.035
93.66 758.735
91.105 758.735
-1
4
101.766 764.289
102.332 764.289
102.332 773.89
101.766 773.89
-1
4
99.352 827.672
99.918 827.672
99.918 850.023
99.352 850.023
-1
4
105.848 757.035
108.398 757.035
108.398 758.735
105.848 758.735
-1
4
112.082 761.285
113.786 761.285
113.786 763.836
112.082 763.836
-1
4
113.523 832.207
114.09 832.207
114.09 843.277
113.523 843.277
-1
4
119.453 761.285
121.153 761.285
121.153 763.836
119.453 763.836
-1
4
122.402 763.269
122.969 763.269
122.969 774.23
122.402 774.23
-1
4
116.141 774.004
116.707 774.004
116.707 833.228
116.141 833.228
-1
4
111.306 849.797
115.461 849.797
115.461 850.363
111.306 850.363
-1
4
126.824 762.816
127.391 762.816
127.391 766.387
126.824 766.387
-1
4
29.855 831.867
33.238 831.867
33.238 832.434
29.855 832.434
-1
4
31.227 841.223
34.77 841.223
34.77 844.766
31.227 844.766
-1
4
20.523 770.64
23.078 770.64
23.078 772.34
20.523 772.34
-1
4
39.801 833.342
40.367 833.342
40.367 835.554
39.801 835.554
-1
4
38.383 768.656
40.087 768.656
40.087 771.207
38.383 771.207
-1
4
68.148 833
74.586 833
74.586 833.57
68.148 833.57
-1
4
80.832 834.137
84.375 834.137
84.375 837.68
80.832 837.68
-1
4
75.234 768.656
76.934 768.656
76.934 771.207
75.234 771.207
-1
4
93.637 825.066
106.938 825.066
106.938 825.633
93.637 825.633
-1
4
99.159 775.555
106.598 775.555
106.598 776.121
99.159 776.121
-1
4
105.848 764.402
108.398 764.402
108.398 766.102
105.848 766.102
-1
4
103.581 772.719
110.785 772.719
110.785 773.285
103.581 773.285
-1
4
103.582 829.602
112.18 829.602
112.18 830.168
103.582 830.168
-1
4
113.219 765.535
118.887 765.535
118.887 771.207
113.219 771.207
-1
4
125.348 767.238
125.918 767.238
125.918 776.121
125.348 776.121
-1
4
116.266 841.223
119.809 841.223
119.809 844.766
116.266 844.766
-1
4
131.074 770.64
133.629 770.64
133.629 772.34
131.074 772.34
-1
4
118.93 775.895
119.496 775.895
119.496 832.094
118.93 832.094
-1
4
31.227 848.309
34.77 848.309
34.77 851.852
31.227 851.852
-1
4
23.53 776.5
31.504 776.5
31.504 777.066
23.53 777.066
-1
4
46.625 826.199
58.77 826.199
58.77 826.766
46.625 826.766
-1
4
52.484 848.309
56.031 848.309
56.031 851.852
52.484 851.852
-1
4
54.258 771.773
56.809 771.773
56.809 774.04
54.258 774.04
-1
4
46.625 776.5
54.938 776.5
54.938 777.066
46.625 777.066
-1
4
120.667 830.734
122.547 830.734
122.547 831.301
120.667 831.301
-1
8
11.172 805.789
30.445 805.789
30.445 785.945
19.957 785.945
19.957 784.813
16.84 784.813
16.84 777.441
11.172 777.441
-1
4
61.625 777.441
67.297 777.441
67.297 787.929
61.625 787.929
