-1
4
0.585 653.327
150.45 653.327
150.45 861.306
0.585 861.306
-1
4
31.227 662.781
34.77 662.781
34.77 666.324
31.227 666.324
-1
4
28.488 664.27
29.055 664.27
29.055 683.898
28.488 683.898
-1
4
20.523 740.593
23.078 740.593
23.078 742.859
20.523 742.859
-1
4
24.777 749.664
27.328 749.664
27.328 751.364
24.777 751.364
-1
4
23.645 753.914
25.344 753.914
25.344 756.465
23.645 756.465
-1
4
59.57 662.781
63.113 662.781
63.113 666.324
59.57 666.324
-1
4
65.289 664.61
65.855 664.61
65.855 682.426
65.289 682.426
-1
4
87.918 662.781
91.461 662.781
91.461 666.324
87.918 666.324
-1
4
78.879 682.199
85.746 682.199
85.746 682.766
78.879 682.766
-1
4
78.879 741.066
85.723 741.066
85.723 741.633
78.879 741.633
-1
4
81.468 750.797
83.172 750.797
83.172 753.348
81.468 753.348
-1
4
102.09 662.781
105.637 662.781
105.637 666.324
102.09 666.324
-1
4
108.027 684.465
108.598 684.465
108.598 740.969
108.027 740.969
-1
4
98.477 749.664
101.027 749.664
101.027 751.364
98.477 751.364
-1
4
99.352 664.61
99.918 664.61
99.918 684.693
99.352 684.693
-1
4
109.18 662.781
112.723 662.781
112.723 666.324
109.18 666.324
-1
4
125.691 750.797
127.391 750.797
127.391 753.348
125.691 753.348
-1
4
123.707 755.898
126.258 755.898
126.258 757.602
123.707 757.602
-1
4
31.539 682.539
32.105 682.539
32.105 738.74
31.539 738.74
-1
4
16.273 746.547
17.973 746.547
17.973 749.094
16.273 749.094
-1
4
25.117 738.854
25.684 738.854
25.684 747.055
25.117 747.055
-1
4
35.723 682.199
36.293 682.199
36.293 741.914
35.723 741.914
-1
4
29.539 741.688
30.105 741.688
30.105 749.89
29.539 749.89
-1
4
39.52 743.426
45.188 743.426
45.188 749.094
39.52 749.094
-1
4
49.746 671.695
50.313 671.695
50.313 686.168
49.746 686.168
-1
4
40.25 741.348
47.793 741.348
47.793 741.914
40.25 741.914
-1
4
44.098 689.342
44.664 689.342
44.664 738.74
44.098 738.74
-1
4
54.258 742.293
56.809 742.293
56.809 743.993
54.258 743.993
-1
4
53.125 746.547
54.825 746.547
54.825 749.094
53.125 749.094
-1
4
59.57 669.867
63.113 669.867
63.113 673.41
59.57 673.41
-1
4
64.746 755.898
67.297 755.898
67.297 757.602
64.746 757.602
-1
4
63.043 738.854
63.613 738.854
63.613 750.344
63.043 750.344
-1
4
87.918 669.867
91.461 669.867
91.461 673.41
87.918 673.41
-1
4
87.422 739.328
87.988 739.328
87.988 751.364
87.422 751.364
-1
4
98.816 738.512
99.387 738.512
99.387 747.395
98.816 747.395
-1
4
89.973 746.547
91.672 746.547
91.672 749.094
89.973 749.094
-1
4
93.637 671.695
94.203 671.695
94.203 686.961
93.637 686.961
-1
4
105.238 687.074
105.805 687.074
105.805 738.74
105.238 738.74
-1
4
103.238 741.348
103.809 741.348
103.809 750.23
103.238 750.23
-1
4
104.715 753.914
106.415 753.914
106.415 756.465
104.715 756.465
-1
4
113.949 741.348
121.496 741.348
121.496 741.914
113.949 741.914
-1
4
113.219 749.664
115.77 749.664
115.77 751.364
113.219 751.364
-1
4
118.32 750.797
120.02 750.797
120.02 753.348
118.32 753.348
-1
4
127.957 743.426
133.629 743.426
133.629 749.094
127.957 749.094
-1
4
120.613 671.695
121.18 671.695
121.18 682.426
120.613 682.426
-1
8
23.645 737.191
29.313 737.191
29.313 708.844
10.039 708.844
10.039 728.688
20.523 728.688
20.523 729.82
23.645 729.82
-1
4
32.148 743.426
37.816 743.426
37.816 749.094
32.148 749.094
-1
4
52.484 676.953
56.031 676.953
56.031 680.5
52.484 680.5
-1
4
59.359 750.797
61.059 750.797
61.059 753.348
59.359 753.348
-1
4
53.125 753.914
54.825 753.914
54.825 756.465
53.125 756.465
-1
4
50.176 739.797
50.742 739.797
50.742 749.89
50.176 749.89
-1
8
60.492 737.191
66.164 737.191
66.164 708.844
46.887 708.844
46.887 728.688
57.375 728.688
57.375 729.82
60.492 729.82
-1
4
68.996 743.426
74.668 743.426
74.668 749.094
68.996 749.094
-1
4
76.449 681.406
77.016 681.406
77.016 742.973
76.449 742.973
-1
8
97.344 737.191
103.012 737.191
103.012 708.844
83.738 708.844
83.738 728.688
94.227 728.688
94.227 729.82
97.344 729.82
-1
4
91.105 750.797
96.777 750.797
96.777 756.465
91.105 756.465
-1
4
102.09 676.953
105.637 676.953
105.637 680.5
102.09 680.5
-1
4
103.582 682.199
111.387 682.199
111.387 682.766
103.582 682.766
-1
4
105.848 743.426
111.516 743.426
111.516 749.094
105.848 749.094
-1
4
109.18 676.953
112.723 676.953
112.723 680.5
109.18 680.5
-1
4
116.402 681.406
116.969 681.406
116.969 740.023
116.402 740.023
-1
4
131.074 755.898
133.629 755.898
133.629 757.602
131.074 757.602
-1
4
123.875 739.797
124.441 739.797
124.441 749.89
123.875 749.89
-1
4
120.586 726.704
126.258 726.704
126.258 737.191
120.586 737.191
-1
4
39.52 750.797
45.188 750.797
45.188 756.465
39.52 756.465
-1
4
16.273 761.285
17.973 761.285
17.973 763.836
16.273 763.836
-1
4
20.523 763.269
23.078 763.269
23.078 764.969
20.523 764.969
-1
4
26.594 764.742
27.16 764.742
27.16 774.836
26.594 774.836
-1
4
34.066 774.949
34.633 774.949
34.633 833.228
34.066 833.228
-1
4
38.313 848.309
41.855 848.309
41.855 851.852
38.313 851.852
-1
4
31.012 761.285
32.715 761.285
32.715 763.836
31.012 763.836
-1
4
29.879 772.719
37.086 772.719
37.086 773.285
29.879 773.285
-1
4
38.383 761.285
40.087 761.285
40.087 763.836
38.383 763.836
-1
4
51.113 829.602
51.684 829.602
51.684 850.363
51.113 850.363
-1
4
45.398 848.309
48.941 848.309
48.941 851.852
45.398 851.852
-1
4
48.699 763.269
49.27 763.269
49.27 774.23
48.699 774.23
-1
4
54.258 758.168
59.926 758.168
59.926 763.836
54.258 763.836
-1
4
43.836 774.949
44.402 774.949
44.402 829.035
43.836 829.035
-1
4
65.313 773
72.156 773
72.156 773.57
65.313 773.57
-1
4
65.289 831.867
72.156 831.867
72.156 832.434
65.289 832.434
-1
4
67.863 761.285
69.563 761.285
69.563 763.836
67.863 763.836
-1
4
79.484 763.269
82.035 763.269
82.035 764.969
79.484 764.969
-1
4
85.156 764.742
85.723 764.742
85.723 774.23
85.156 774.23
-1
4
85.18 832.207
85.746 832.207
85.746 850.023
85.18 850.023
-1
4
87.422 764.289
87.988 764.289
87.988 775.781
87.422 775.781
-1
4
100.293 764.742
100.859 764.742
100.859 774.836
100.293 774.836
-1
4
102.09 848.309
105.637 848.309
105.637 851.852
102.09 851.852
-1
4
109.164 774.004
109.73 774.004
109.73 827.558
109.164 827.558
-1
4
99.352 827.672
99.918 827.672
99.918 850.023
99.352 850.023
-1
4
105.848 758.168
111.516 758.168
111.516 763.836
105.848 763.836
-1
4
113.219 757.035
115.77 757.035
115.77 758.735
113.219 758.735
-1
4
116.336 763.269
118.887 763.269
118.887 764.969
116.336 764.969
-1
4
113.523 832.207
114.09 832.207
114.09 843.277
113.523 843.277
-1
4
109.18 848.309
112.723 848.309
112.723 851.852
109.18 851.852
-1
4
122.402 763.269
122.969 763.269
122.969 774.23
122.402 774.23
-1
4
116.141 774.004
116.707 774.004
116.707 833.228
116.141 833.228
-1
4
126.824 761.285
128.524 761.285
128.524 763.836
126.824 763.836
-1
4
16.273 768.656
17.973 768.656
17.973 771.207
16.273 771.207
-1
4
29.855 832.207
30.422 832.207
30.422 843.277
29.855 843.277
-1
4
38.313 834.137
41.855 834.137
41.855 837.68
38.313 837.68
-1
4
39.52 765.535
45.188 765.535
45.188 771.207
39.52 771.207
-1
4
39.648 831.867
47.453 831.867
47.453 832.434
39.648 832.434
-1
4
45.398 834.137
48.941 834.137
48.941 837.68
45.398 837.68
-1
4
54.258 765.535
59.926 765.535
59.926 771.207
54.258 771.207
-1
4
51.648 767.238
52.215 767.238
52.215 776.121
51.648 776.121
-1
4
66.66 834.137
70.203 834.137
70.203 837.68
66.66 837.68
-1
4
67.863 768.656
69.563 768.656
69.563 771.207
67.863 771.207
-1
4
74.02 771.66
74.586 771.66
74.586 833.228
74.02 833.228
-1
4
76.449 770.64
77.016 770.64
77.016 833.228
76.449 833.228
-1
4
93.637 825.066
106.938 825.066
106.938 825.633
93.637 825.633
-1
4
91.105 764.402
93.66 764.402
93.66 766.102
91.105 766.102
-1
4
96.21 765.535
97.91 765.535
97.91 768.09
96.21 768.09
-1
4
102.09 841.223
105.637 841.223
105.637 844.766
102.09 844.766
-1
6
111.953 830.168
112.52 830.168
112.52 771.773
110.496 771.773
110.496 772.34
111.953 772.34
-1
4
110.668 831.074
111.234 831.074
111.234 835.554
110.668 835.554
-1
4
116.266 841.223
119.809 841.223
119.809 844.766
116.266 844.766
-1
4
133.062 765.535
134.762 765.535
134.762 768.09
133.062 768.09
-1
4
126.824 768.656
128.524 768.656
128.524 771.207
126.824 771.207
-1
4
31.227 848.309
34.77 848.309
34.77 851.852
31.227 851.852
-1
4
58.203 826.539
58.77 826.539
58.77 850.363
58.203 850.363
-1
4
116.266 848.309
119.809 848.309
119.809 851.852
116.266 851.852
-1
4
121.98 831.074
122.547 831.074
122.547 850.363
121.98 850.363
-1
4
24.777 777.441
30.445 777.441
30.445 787.929
24.777 787.929
-1
4
25.629 803.805
26.195 803.805
26.195 835.554
25.629 835.554
-1
4
61.059 803.805
61.625 803.805
61.625 835.554
61.059 835.554
-1
4
89.406 802.954
89.973 802.954
89.973 835.554
89.406 835.554
-1
8
121.723 805.789
140.996 805.789
140.996 785.945
130.508 785.945
130.508 784.813
127.391 784.813
127.391 777.441
121.723 777.441
