-1
4
0.585 653.327
150.45 653.327
150.45 861.306
0.585 861.306
-1
4
20.523 733.789
23.078 733.789
23.078 742.859
20.523 742.859
-1
4
30.141 683.502
30.707 683.502
30.707 737.967
30.141 737.967
-1
4
48.699 740.402
49.27 740.402
49.27 750.457
48.699 750.457
-1
4
78.879 741.066
85.723 741.066
85.723 741.633
78.879 741.633
-1
4
78.067 750.797
83.172 750.797
83.172 753.348
78.067 753.348
-1
4
101.766 740.572
102.332 740.572
102.332 754.765
101.766 754.765
-1
4
122.402 740.572
122.969 740.572
122.969 753.234
122.402 753.234
-1
4
32.148 750.797
37.816 750.797
37.816 756.465
32.148 756.465
-1
4
42.637 745.126
45.188 745.126
45.188 750.23
42.637 750.23
-1
6
38.516 742.859
41.302 742.859
41.302 742.293
39.082 742.293
39.082 684.636
38.516 684.636
-1
4
61.625 749.664
64.18 749.664
64.18 754.765
61.625 754.765
-1
4
85.438 750.797
90.539 750.797
90.539 753.348
85.438 753.348
-1
4
98.987 738.512
105.805 738.512
105.805 739.082
98.987 739.082
-1
4
103.409 741.348
109.988 741.348
109.988 741.914
103.409 741.914
-1
4
113.779 741.348
121.496 741.348
121.496 741.914
113.779 741.914
-1
4
114.919 750.797
120.02 750.797
120.02 753.348
114.919 753.348
-1
4
25.629 678.017
26.195 678.017
26.195 728.687
25.629 728.687
-1
4
19.108 750.797
24.211 750.797
24.211 753.348
19.108 753.348
-1
4
50.176 739.627
50.742 739.627
50.742 750.06
50.176 750.06
-1
4
46.887 714.797
52.555 714.797
52.555 737.191
46.887 737.191
-1
4
61.059 678.017
61.625 678.017
61.625 728.687
61.059 728.687
-1
4
89.406 678.017
89.973 678.017
89.973 722.735
89.406 722.735
-1
4
92.807 750.797
97.91 750.797
97.91 753.348
92.807 753.348
-1
4
116.402 681.236
116.969 681.236
116.969 740.023
116.402 740.023
-1
4
124.84 678.017
125.406 678.017
125.406 722.735
124.84 722.735
-1
4
28.066 761.399
28.633 761.399
28.633 774.23
28.066 774.23
-1
4
31.012 761.285
36.116 761.285
36.116 763.836
31.012 763.836
-1
4
29.709 772.719
37.256 772.719
37.256 773.285
29.709 773.285
-1
4
48.699 759.868
49.27 759.868
49.27 774.23
48.699 774.23
-1
4
53.125 761.285
58.226 761.285
58.226 763.836
53.125 763.836
-1
4
60.492 761.285
65.595 761.285
65.595 763.836
60.492 763.836
-1
4
65.313 773
72.156 773
72.156 773.57
65.313 773.57
-1
4
67.863 761.285
72.966 761.285
72.966 763.836
67.863 763.836
-1
4
86.855 759.868
89.406 759.868
89.406 764.969
86.855 764.969
-1
4
100.293 774.609
108.332 774.609
108.332 775.176
100.293 775.176
-1
4
98.477 757.035
101.027 757.035
101.027 762.136
98.477 762.136
-1
4
101.594 759.868
104.148 759.868
104.148 764.969
101.594 764.969
-1
4
114.912 772.719
121.326 772.719
121.326 773.285
114.912 773.285
-1
4
119.453 761.285
124.556 761.285
124.556 763.836
119.453 763.836
-1
4
116.141 773.834
116.707 773.834
116.707 833.399
116.141 833.399
-1
4
126.824 761.285
131.927 761.285
131.927 763.836
126.824 763.836
-1
4
54.258 765.535
59.926 765.535
59.926 771.207
54.258 771.207
-1
4
91.105 765.535
96.777 765.535
96.777 771.207
91.105 771.207
-1
6
111.953 830.168
112.52 830.168
112.52 771.773
109.73 771.773
109.73 772.34
111.953 772.34
-1
4
113.219 765.535
118.887 765.535
118.887 771.207
113.219 771.207
-1
4
118.93 775.555
125.747 775.555
125.747 776.121
118.93 776.121
-1
4
20.523 776.308
24.211 776.308
24.211 785.379
20.523 785.379
-1
4
53.548 849.797
58.6 849.797
58.6 850.363
53.548 850.363
-1
4
94.227 776.308
97.91 776.308
97.91 785.379
94.227 785.379
-1
4
127.957 771.773
130.508 771.773
130.508 780.844
127.957 780.844
-1
4
121.98 830.904
122.547 830.904
122.547 850.363
121.98 850.363
-1
4
25.629 791.898
26.195 791.898
26.195 836.617
25.629 836.617
-1
4
61.059 791.898
61.625 791.898
61.625 836.617
61.059 836.617
-1
4
98.477 777.441
104.148 777.441
104.148 799.836
98.477 799.836
-1
4
89.406 785.945
89.973 785.945
89.973 836.617
89.406 836.617
-1
4
124.84 785.945
125.406 785.945
125.406 836.617
124.84 836.617
