-1
4
0.585 653.327
150.45 653.327
150.45 861.306
0.585 861.306
-1
4
28.828 664.27
32.644 664.27
32.644 664.836
28.828 664.836
-1
4
16.273 729.254
19.957 729.254
19.957 731.521
16.273 731.521
-1
4
30.141 683.672
30.707 683.672
30.707 737.797
30.141 737.797
-1
4
28.066 740.402
34.895 740.402
34.895 740.969
28.066 740.969
-1
4
29.878 750.797
31.582 750.797
31.582 753.348
29.878 753.348
-1
4
54.612 664.27
58.43 664.27
58.43 664.836
54.612 664.836
-1
4
45.832 737.57
53.805 737.57
53.805 738.137
45.832 738.137
-1
4
59.57 662.781
63.113 662.781
63.113 666.324
59.57 666.324
-1
4
65.289 682.199
72.156 682.199
72.156 682.766
65.289 682.766
-1
4
68.996 749.664
71.547 749.664
71.547 751.364
68.996 751.364
-1
4
67.863 753.914
69.563 753.914
69.563 756.465
67.863 756.465
-1
4
78.879 682.199
85.746 682.199
85.746 682.766
78.879 682.766
-1
4
78.879 741.066
85.723 741.066
85.723 741.633
78.879 741.633
-1
4
85.18 664.27
89.335 664.27
89.335 664.836
85.18 664.836
-1
4
82.602 747.877
83.172 747.877
83.172 751.817
82.602 751.817
-1
4
92.266 664.27
96.421 664.27
96.421 664.836
92.266 664.836
-1
4
99.352 664.27
103.509 664.27
103.509 664.836
99.352 664.836
-1
4
98.477 749.664
101.027 749.664
101.027 751.364
98.477 751.364
-1
4
103.581 750.797
105.281 750.797
105.281 753.348
103.581 753.348
-1
4
115.346 740.402
122.969 740.402
122.969 740.969
115.346 740.969
-1
4
123.707 755.898
126.258 755.898
126.258 757.602
123.707 757.602
-1
4
17.406 742.293
19.957 742.293
19.957 743.993
17.406 743.993
-1
4
22.511 743.426
24.211 743.426
24.211 745.977
22.511 745.977
-1
4
29.855 671.695
30.422 671.695
30.422 682.426
29.855 682.426
-1
4
37.284 671.355
39.73 671.355
39.73 671.922
37.284 671.922
-1
4
36.065 682.199
37.169 682.199
37.169 682.766
36.065 682.766
-1
4
38.516 684.465
47.453 684.465
47.453 685.035
38.516 685.035
-1
4
40.25 741.348
47.793 741.348
47.793 741.914
40.25 741.914
-1
4
42.637 748.527
45.188 748.527
45.188 750.23
42.637 750.23
-1
4
44.098 689.342
44.664 689.342
44.664 738.74
44.098 738.74
-1
4
56.832 671.695
57.398 671.695
57.398 689.228
56.832 689.228
-1
4
61.625 749.664
64.18 749.664
64.18 751.364
61.625 751.364
-1
4
82.602 753.914
84.305 753.914
84.305 756.465
82.602 756.465
-1
4
93.637 671.355
96.421 671.355
96.421 671.922
93.637 671.922
-1
4
103.581 741.348
109.988 741.348
109.988 741.914
103.581 741.914
-1
4
110.949 750.797
112.652 750.797
112.652 753.348
110.949 753.348
-1
4
108.965 755.898
111.516 755.898
111.516 757.602
108.965 757.602
-1
4
119.453 747.68
120.02 747.68
120.02 751.817
119.453 751.817
-1
4
117.797 682.199
121.18 682.199
121.18 682.766
117.797 682.766
-1
4
117.797 738.512
125.918 738.512
125.918 739.082
117.797 739.082
-1
4
127.957 742.293
130.508 742.293
130.508 743.993
127.957 743.993
-1
4
23.645 748.246
27.16 748.246
27.16 748.813
23.645 748.813
-1
4
37.249 743.426
38.949 743.426
38.949 745.977
37.249 745.977
-1
4
54.258 749.664
56.809 749.664
56.809 751.364
54.258 751.364
-1
4
50.176 739.797
50.742 739.797
50.742 749.89
50.176 749.89
-1
4
59.57 676.953
63.113 676.953
63.113 680.5
59.57 680.5
-1
4
74.02 681.406
74.586 681.406
74.586 743.993
74.02 743.993
-1
4
76.449 681.406
77.016 681.406
77.016 742.973
76.449 742.973
-1
4
100.293 739.457
107.199 739.457
107.199 740.023
100.293 740.023
-1
4
96.832 685.602
107.199 685.602
107.199 686.168
96.832 686.168
-1
4
103.582 682.199
111.387 682.199
111.387 682.766
103.582 682.766
-1
4
113.219 742.293
115.77 742.293
115.77 743.993
113.219 743.993
-1
4
127.957 749.664
130.508 749.664
130.508 751.364
127.957 751.364
-1
4
120.586 726.704
126.258 726.704
126.258 737.191
120.586 737.191
-1
4
26.594 764.742
27.16 764.742
27.16 774.836
26.594 774.836
-1
4
34.066 774.949
34.633 774.949
34.633 833.228
34.066 833.228
-1
4
23.645 761.285
25.344 761.285
25.344 763.836
23.645 763.836
-1
4
29.539 766.727
30.105 766.727
30.105 773.285
29.539 773.285
-1
4
46.887 757.035
49.438 757.035
49.438 758.735
46.887 758.735
-1
4
45.754 761.285
47.454 761.285
47.454 763.836
45.754 763.836
-1
4
43.836 774.609
50.742 774.609
50.742 775.176
43.836 775.176
-1
4
52.484 834.137
56.031 834.137
56.031 837.68
52.484 837.68
-1
4
54.258 757.035
56.809 757.035
56.809 758.735
54.258 758.735
-1
4
44.176 828.469
54.201 828.469
54.201 829.035
44.176 829.035
-1
4
61.625 757.035
64.18 757.035
64.18 758.735
61.625 758.735
-1
4
63.918 831.074
64.484 831.074
64.484 842.937
63.918 842.937
-1
4
65.313 773
72.156 773
72.156 773.57
65.313 773.57
-1
4
74.101 758.168
75.801 758.168
75.801 760.719
74.101 760.719
-1
4
67.863 761.285
69.563 761.285
69.563 763.836
67.863 763.836
-1
4
78.879 831.867
85.746 831.867
85.746 832.434
78.879 832.434
-1
4
81.468 758.168
83.172 758.168
83.172 760.719
81.468 760.719
-1
4
85.156 764.742
85.723 764.742
85.723 774.23
85.156 774.23
-1
4
86.855 763.269
89.406 763.269
89.406 764.969
86.855 764.969
-1
4
100.293 774.609
108.332 774.609
108.332 775.176
100.293 775.176
-1
4
96.492 826.199
108.332 826.199
108.332 826.766
96.492 826.766
-1
4
94.227 763.269
96.777 763.269
96.777 764.969
94.227 764.969
-1
4
103.581 758.168
105.281 758.168
105.281 760.719
103.581 760.719
-1
4
101.594 763.269
104.148 763.269
104.148 764.969
101.594 764.969
-1
4
113.523 831.867
115.309 831.867
115.309 832.434
113.523 832.434
-1
4
113.219 757.035
115.77 757.035
115.77 758.735
113.219 758.735
-1
4
112.082 761.285
113.786 761.285
113.786 763.836
112.082 763.836
-1
4
116.336 763.269
118.887 763.269
118.887 764.969
116.336 764.969
-1
4
116.141 773.664
122.629 773.664
122.629 774.23
116.141 774.23
-1
4
116.266 834.137
119.809 834.137
119.809 837.68
116.266 837.68
-1
4
126.824 761.285
128.524 761.285
128.524 763.836
126.824 763.836
-1
4
17.406 764.402
19.957 764.402
19.957 766.102
17.406 766.102
-1
4
20.523 770.64
23.078 770.64
23.078 772.34
20.523 772.34
-1
4
32.148 764.402
34.699 764.402
34.699 766.102
32.148 766.102
-1
4
35.266 770.64
37.816 770.64
37.816 772.34
35.266 772.34
-1
4
39.648 831.867
47.453 831.867
47.453 832.434
39.648 832.434
-1
4
54.258 764.402
56.809 764.402
56.809 766.102
54.258 766.102
-1
4
53.125 768.656
54.825 768.656
54.825 771.207
53.125 771.207
-1
4
74.02 771.66
74.586 771.66
74.586 833.228
74.02 833.228
-1
4
103.238 766.527
103.809 766.527
103.809 773.285
103.238 773.285
-1
4
105.848 764.402
108.398 764.402
108.398 766.102
105.848 766.102
-1
6
111.953 830.168
112.52 830.168
112.52 771.773
110.496 771.773
110.496 772.34
111.953 772.34
-1
4
118.93 831.867
121.18 831.867
121.18 832.434
118.93 832.434
-1
4
118.93 775.555
125.576 775.555
125.576 776.121
118.93 776.121
-1
4
125.69 767.238
128.524 767.238
128.524 767.805
125.69 767.805
-1
4
31.277 776.5
31.844 776.5
31.844 830.961
31.277 830.961
-1
4
28.488 831.074
29.055 831.074
29.055 850.363
28.488 850.363
-1
4
46.625 776.5
54.938 776.5
54.938 777.066
46.625 777.066
-1
4
97.23 776.5
105.543 776.5
105.543 777.066
97.23 777.066
-1
4
92.266 824.272
92.832 824.272
92.832 850.023
92.266 850.023
-1
8
84.871 805.789
104.148 805.789
104.148 785.945
93.66 785.945
93.66 784.813
90.539 784.813
90.539 777.441
84.871 777.441
