-1
4
0.585 653.327
150.45 653.327
150.45 861.306
0.585 861.306
-1
4
16.273 729.254
19.957 729.254
19.957 731.521
16.273 731.521
-1
4
20.523 740.593
23.078 740.593
23.078 742.859
20.523 742.859
-1
4
34.328 681.066
36.141 681.066
36.141 681.633
34.328 681.633
-1
4
28.066 740.402
34.895 740.402
34.895 740.969
28.066 740.969
-1
4
24.777 749.664
27.328 749.664
27.328 751.364
24.777 751.364
-1
4
35.914 664.27
39.73 664.27
39.73 664.836
35.914 664.836
-1
4
41.305 686.734
51.341 686.734
51.341 687.301
41.305 687.301
-1
4
47.524 664.27
51.341 664.27
51.341 664.836
47.524 664.836
-1
4
41.305 740.402
48.927 740.402
48.927 740.969
41.305 740.969
-1
4
46.887 749.664
49.438 749.664
49.438 751.364
46.887 751.364
-1
4
51.988 750.797
53.691 750.797
53.691 753.348
51.988 753.348
-1
4
45.754 753.914
47.454 753.914
47.454 756.465
45.754 756.465
-1
4
50.004 755.898
52.555 755.898
52.555 757.602
50.004 757.602
-1
4
65.313 740.402
72.156 740.402
72.156 740.969
65.313 740.969
-1
4
61.696 664.27
65.855 664.27
65.855 664.836
61.696 664.836
-1
4
65.313 749.664
70.016 749.664
70.016 750.23
65.313 750.23
-1
4
74.101 750.797
75.801 750.797
75.801 753.348
74.101 753.348
-1
4
78.879 682.199
85.746 682.199
85.746 682.766
78.879 682.766
-1
4
82.602 747.535
85.723 747.535
85.723 748.105
82.602 748.105
-1
4
85.18 664.27
89.335 664.27
89.335 664.836
85.18 664.836
-1
4
92.266 664.27
96.421 664.27
96.421 664.836
92.266 664.836
-1
4
92.266 687.867
104.068 687.867
104.068 688.434
92.266 688.434
-1
4
94.227 740.593
96.777 740.593
96.777 742.859
94.227 742.859
-1
4
96.097 737.57
104.068 737.57
104.068 738.137
96.097 738.137
-1
4
99.352 684.465
108.255 684.465
108.255 685.035
99.352 685.035
-1
4
101.594 755.898
104.148 755.898
104.148 757.602
101.594 757.602
-1
4
115.346 740.402
122.969 740.402
122.969 740.969
115.346 740.969
-1
4
120.586 749.664
123.137 749.664
123.137 751.364
120.586 751.364
-1
4
125.691 750.797
127.391 750.797
127.391 753.348
125.691 753.348
-1
4
119.453 753.914
121.153 753.914
121.153 756.465
119.453 756.465
-1
4
123.707 755.898
126.258 755.898
126.258 757.602
123.707 757.602
-1
4
126.824 729.254
130.508 729.254
130.508 731.521
126.824 731.521
-1
4
131.074 740.593
133.629 740.593
133.629 742.859
131.074 742.859
-1
4
119.531 737.57
127.504 737.57
127.504 738.137
119.531 738.137
-1
4
29.855 682.199
32.105 682.199
32.105 682.766
29.855 682.766
-1
4
25.117 738.512
32.105 738.512
32.105 739.082
25.117 739.082
-1
4
29.855 671.355
32.644 671.355
32.644 671.922
29.855 671.922
-1
4
22.511 746.828
25.684 746.828
25.684 747.395
22.511 747.395
-1
4
37.284 671.355
39.73 671.355
39.73 671.922
37.284 671.922
-1
4
29.539 749.664
33.168 749.664
33.168 750.23
29.539 750.23
-1
4
47.524 671.355
50.313 671.355
50.313 671.922
47.524 671.922
-1
4
46.887 679.081
47.453 679.081
47.453 684.693
46.887 684.693
-1
4
44.621 743.426
46.32 743.426
46.32 745.977
44.621 745.977
-1
4
44.621 747.535
47.793 747.535
47.793 748.105
44.621 748.105
-1
4
44.098 689
57.398 689
57.398 689.57
44.098 689.57
-1
4
44.098 738.512
52.215 738.512
52.215 739.082
44.098 739.082
-1
4
54.258 742.293
56.809 742.293
56.809 743.993
54.258 743.993
-1
4
51.648 746.828
53.805 746.828
53.805 747.395
51.648 747.395
-1
4
63.043 738.512
69.727 738.512
69.727 739.082
63.043 739.082
-1
4
63.918 683.332
69.387 683.332
69.387 683.898
63.918 683.898
-1
4
64.746 755.898
67.297 755.898
67.297 757.602
64.746 757.602
-1
4
81.309 738.988
87.988 738.988
87.988 739.555
81.309 739.555
-1
4
86.547 671.355
89.335 671.355
89.335 671.922
86.547 671.922
-1
4
83.738 749.664
86.289 749.664
86.289 751.364
83.738 751.364
-1
4
96.21 746.828
99.044 746.828
99.044 747.395
96.21 747.395
-1
4
103.581 741.348
109.988 741.348
109.988 741.914
103.581 741.914
-1
4
108.965 755.898
111.516 755.898
111.516 757.602
108.965 757.602
-1
4
103.581 749.664
106.868 749.664
106.868 750.23
103.581 750.23
-1
4
119.793 747.68
121.496 747.68
121.496 748.246
119.793 748.246
-1
4
118.392 671.355
121.18 671.355
121.18 671.922
118.392 671.922
-1
4
125.69 746.547
127.504 746.547
127.504 747.113
125.69 747.113
-1
4
24.141 676.953
27.684 676.953
27.684 680.5
24.141 680.5
-1
4
17.406 749.664
19.957 749.664
19.957 751.364
17.406 751.364
-1
4
20.523 755.898
23.078 755.898
23.078 757.602
20.523 757.602
-1
4
37.457 683.332
40.367 683.332
40.367 683.898
37.457 683.898
-1
4
32.148 742.293
34.699 742.293
34.699 743.993
32.148 743.993
-1
4
37.249 743.426
38.949 743.426
38.949 745.977
37.249 745.977
-1
4
35.266 748.527
37.816 748.527
37.816 750.23
35.266 750.23
-1
4
59.359 750.797
61.059 750.797
61.059 753.348
59.359 753.348
-1
4
59.57 676.953
63.113 676.953
63.113 680.5
59.57 680.5
-1
4
46.887 726.704
52.555 726.704
52.555 737.191
46.887 737.191
-1
4
68.148 679.081
68.715 679.081
68.715 681.293
68.148 681.293
-1
4
68.996 742.293
71.547 742.293
71.547 743.993
68.996 743.993
-1
4
81.468 743.426
83.172 743.426
83.172 745.977
81.468 745.977
-1
4
75.234 746.547
76.934 746.547
76.934 749.094
75.234 749.094
-1
4
87.918 676.953
91.461 676.953
91.461 680.5
87.918 680.5
-1
4
83.738 726.704
89.406 726.704
89.406 737.191
83.738 737.191
-1
4
100.293 739.457
107.199 739.457
107.199 740.023
100.293 740.023
-1
4
96.492 679.081
97.059 679.081
97.059 686.168
96.492 686.168
-1
4
91.105 749.664
93.66 749.664
93.66 751.364
91.105 751.364
-1
4
89.973 753.914
91.672 753.914
91.672 756.465
89.973 756.465
-1
4
94.227 755.898
96.777 755.898
96.777 757.602
94.227 757.602
-1
4
97.344 748.586
97.91 748.586
97.91 751.817
97.344 751.817
-1
4
110.668 681.066
112.781 681.066
112.781 681.633
110.668 681.633
-1
4
113.219 742.293
115.77 742.293
115.77 743.993
113.219 743.993
-1
4
112.082 746.547
113.786 746.547
113.786 749.094
112.082 749.094
-1
4
116.402 681.066
118.32 681.066
118.32 681.633
116.402 681.633
-1
4
123.352 676.953
126.895 676.953
126.895 680.5
123.352 680.5
-1
4
39.52 749.664
42.066 749.664
42.066 751.364
39.52 751.364
-1
4
32.715 833
34.633 833
34.633 833.57
32.715 833.57
-1
4
24.777 757.035
27.328 757.035
27.328 758.735
24.777 758.735
-1
4
29.878 758.168
31.582 758.168
31.582 760.719
29.878 760.719
-1
4
23.645 761.285
25.344 761.285
25.344 763.836
23.645 763.836
-1
4
27.895 763.269
30.445 763.269
30.445 764.969
27.895 764.969
-1
4
28.406 773.664
36.027 773.664
36.027 774.23
28.406 774.23
-1
4
35.914 849.797
39.73 849.797
39.73 850.363
35.914 850.363
-1
4
29.539 766.387
31.24 766.387
31.24 766.953
29.539 766.953
-1
4
37.284 842.711
39.73 842.711
39.73 843.277
37.284 843.277
-1
4
39.52 757.035
42.066 757.035
42.066 758.735
39.52 758.735
-1
4
44.168 764.402
47.793 764.402
47.793 764.969
44.168 764.969
-1
4
47.524 842.711
49.973 842.711
49.973 843.277
47.524 843.277
-1
4
42.438 773.664
48.927 773.664
48.927 774.23
42.438 774.23
-1
4
42.438 829.602
51.341 829.602
51.341 830.168
42.438 830.168
-1
4
54.258 757.035
56.809 757.035
56.809 758.735
54.258 758.735
-1
4
57.375 763.269
59.926 763.269
59.926 764.969
57.375 764.969
-1
4
53.125 762.816
53.691 762.816
53.691 766.047
53.125 766.047
-1
4
64.746 763.269
67.297 763.269
67.297 764.969
64.746 764.969
-1
4
61.696 842.711
64.484 842.711
64.484 843.277
61.696 843.277
-1
4
63.385 775.082
69.387 775.082
69.387 775.648
63.385 775.648
-1
4
65.313 766.527
68.43 766.527
68.43 767.094
65.313 767.094
-1
4
68.996 757.035
71.547 757.035
71.547 758.735
68.996 758.735
-1
4
74.101 758.168
75.801 758.168
75.801 760.719
74.101 760.719
-1
4
72.113 763.269
74.668 763.269
74.668 764.969
72.113 764.969
-1
4
61.696 849.797
65.855 849.797
65.855 850.363
61.696 850.363
-1
4
81.015 764.402
85.723 764.402
85.723 764.969
81.015 764.969
-1
4
78.879 773.664
85.383 773.664
85.383 774.23
78.879 774.23
-1
4
81.309 830.734
87.113 830.734
87.113 831.301
81.309 831.301
-1
4
83.738 757.035
86.289 757.035
86.289 758.735
83.738 758.735
-1
4
88.839 758.168
90.539 758.168
90.539 760.719
88.839 760.719
-1
4
86.855 763.269
89.406 763.269
89.406 764.969
86.855 764.969
-1
4
86.547 842.711
89.335 842.711
89.335 843.277
86.547 843.277
-1
4
95.757 764.402
100.859 764.402
100.859 764.969
95.757 764.969
-1
4
96.492 826.539
97.059 826.539
97.059 835.554
96.492 835.554
-1
4
101.766 773.664
109.73 773.664
109.73 774.23
101.766 774.23
-1
4
99.352 827.332
109.73 827.332
109.73 827.898
99.352 827.898
-1
4
99.352 849.797
103.509 849.797
103.509 850.363
99.352 850.363
-1
4
104.715 761.285
106.415 761.285
106.415 763.836
104.715 763.836
-1
4
108.965 763.269
111.516 763.269
111.516 764.969
108.965 764.969
-1
4
113.219 757.035
115.77 757.035
115.77 758.735
113.219 758.735
-1
4
118.32 758.168
120.02 758.168
120.02 760.719
118.32 760.719
-1
4
117.867 764.402
121.496 764.402
121.496 764.969
117.867 764.969
-1
4
115.082 772.719
121.156 772.719
121.156 773.285
115.082 773.285
-1
4
111.306 842.711
113.75 842.711
113.75 843.277
111.306 843.277
-1
4
114.895 833
116.707 833
116.707 833.57
114.895 833.57
-1
4
127.957 757.035
130.508 757.035
130.508 758.735
127.957 758.735
-1
4
131.074 763.269
133.629 763.269
133.629 764.969
131.074 764.969
-1
4
123.875 765.82
127.051 765.82
127.051 766.387
123.875 766.387
-1
4
17.406 764.402
19.957 764.402
19.957 766.102
17.406 766.102
-1
4
16.273 768.656
17.973 768.656
17.973 771.207
16.273 771.207
-1
4
23.531 767.523
25.684 767.523
25.684 768.09
23.531 768.09
-1
4
25.457 775.555
33.238 775.555
33.238 776.121
25.457 776.121
-1
4
30.195 842.711
32.644 842.711
32.644 843.277
30.195 843.277
-1
4
38.254 833
40.367 833
40.367 833.57
38.254 833.57
-1
4
37.249 765.535
38.949 765.535
38.949 768.09
37.249 768.09
-1
4
31.012 768.656
32.715 768.656
32.715 771.207
31.012 771.207
-1
4
35.266 770.64
37.816 770.64
37.816 772.34
35.266 772.34
-1
4
42.637 770.64
45.188 770.64
45.188 772.34
42.637 772.34
-1
4
46.887 832.207
47.453 832.207
47.453 835.554
46.887 835.554
-1
4
57.375 770.64
59.926 770.64
59.926 772.34
57.375 772.34
-1
4
51.988 767.238
54.825 767.238
54.825 767.805
51.988 767.805
-1
4
45.57 827.332
57.398 827.332
57.398 827.898
45.57 827.898
-1
4
45.57 775.555
51.875 775.555
51.875 776.121
45.57 776.121
-1
4
54.612 842.711
57.398 842.711
57.398 843.277
54.612 843.277
-1
4
67.863 768.656
69.563 768.656
69.563 771.207
67.863 771.207
-1
4
68.148 833.342
68.715 833.342
68.715 835.554
68.148 835.554
-1
4
76.367 764.402
78.918 764.402
78.918 766.102
76.367 766.102
-1
4
79.484 770.64
82.035 770.64
82.035 772.34
79.484 772.34
-1
4
82.32 833.342
82.887 833.342
82.887 835.554
82.32 835.554
-1
4
91.105 764.402
93.66 764.402
93.66 766.102
91.105 766.102
-1
4
93.637 842.711
96.421 842.711
96.421 843.277
93.637 843.277
-1
4
104.715 768.656
106.415 768.656
106.415 771.207
104.715 771.207
-1
4
103.581 766.527
106.415 766.527
106.415 767.094
103.581 767.094
-1
4
103.582 829.942
104.148 829.942
104.148 835.554
103.582 835.554
-1
4
113.219 764.402
115.77 764.402
115.77 766.102
113.219 766.102
-1
4
112.082 768.656
113.786 768.656
113.786 771.207
112.082 771.207
-1
4
110.668 830.734
113.576 830.734
113.576 831.301
110.668 831.301
-1
4
118.93 831.867
121.18 831.867
121.18 832.434
118.93 832.434
-1
4
118.93 775.555
125.576 775.555
125.576 776.121
118.93 776.121
-1
4
118.392 842.711
120.84 842.711
120.84 843.277
118.392 843.277
-1
4
28.488 830.734
31.844 830.734
31.844 831.301
28.488 831.301
-1
4
20.523 783.112
24.211 783.112
24.211 785.379
20.523 785.379
-1
4
28.828 849.797
32.644 849.797
32.644 850.363
28.828 850.363
-1
4
54.612 849.797
58.43 849.797
58.43 850.363
54.612 850.363
-1
4
92.266 823.93
105.543 823.93
105.543 824.5
92.266 824.5
-1
4
91.105 771.773
93.66 771.773
93.66 774.04
91.105 774.04
-1
4
97.23 776.5
105.543 776.5
105.543 777.066
97.23 777.066
-1
4
94.227 783.112
97.91 783.112
97.91 785.379
94.227 785.379
-1
4
92.266 849.797
96.421 849.797
96.421 850.363
92.266 850.363
-1
4
127.957 771.773
130.508 771.773
130.508 774.04
127.957 774.04
-1
4
131.074 783.112
134.762 783.112
134.762 785.379
131.074 785.379
-1
4
118.392 849.797
122.207 849.797
122.207 850.363
118.392 850.363
-1
4
24.141 834.137
27.684 834.137
27.684 837.68
24.141 837.68
-1
4
59.57 834.137
63.113 834.137
63.113 837.68
59.57 837.68
-1
4
87.918 834.137
91.461 834.137
91.461 837.68
87.918 837.68
-1
4
123.352 834.137
126.895 834.137
126.895 837.68
123.352 837.68
