-1
4
0.585 653.327
150.45 653.327
150.45 861.306
0.585 861.306
-1
4
28.828 683.332
30.707 683.332
30.707 683.898
28.828 683.898
-1
4
28.828 664.27
32.644 664.27
32.644 664.836
28.828 664.836
-1
4
22.398 737.57
30.707 737.57
30.707 738.137
22.398 738.137
-1
4
38.313 662.781
41.855 662.781
41.855 666.324
38.313 666.324
-1
4
29.878 750.797
31.582 750.797
31.582 753.348
29.878 753.348
-1
4
23.645 753.914
25.344 753.914
25.344 756.465
23.645 756.465
-1
4
45.398 662.781
48.941 662.781
48.941 666.324
45.398 666.324
-1
4
51.113 664.27
51.684 664.27
51.684 687.301
51.113 687.301
-1
4
41.305 687.074
41.871 687.074
41.871 740.629
41.305 740.629
-1
4
45.832 690.137
58.43 690.137
58.43 690.703
45.832 690.703
-1
4
53.125 729.254
56.809 729.254
56.809 731.521
53.125 731.521
-1
4
45.832 737.57
53.805 737.57
53.805 738.137
45.832 738.137
-1
4
59.57 662.781
63.113 662.781
63.113 666.324
59.57 666.324
-1
4
65.289 682.199
72.156 682.199
72.156 682.766
65.289 682.766
-1
4
65.313 740.742
65.879 740.742
65.879 749.89
65.313 749.89
-1
4
85.156 741.406
85.723 741.406
85.723 747.763
85.156 747.763
-1
4
76.367 749.664
78.918 749.664
78.918 751.364
76.367 751.364
-1
4
75.234 753.914
76.934 753.914
76.934 756.465
75.234 756.465
-1
4
79.484 755.898
82.035 755.898
82.035 757.602
79.484 757.602
-1
4
85.18 664.61
85.746 664.61
85.746 682.426
85.18 682.426
-1
4
82.602 747.877
83.172 747.877
83.172 751.817
82.602 751.817
-1
4
95.004 662.781
98.547 662.781
98.547 666.324
95.004 666.324
-1
4
89.973 729.254
93.66 729.254
93.66 731.521
89.973 731.521
-1
4
101.766 740.402
108.255 740.402
108.255 740.969
101.766 740.969
-1
4
97.344 753.914
99.044 753.914
99.044 756.465
97.344 756.465
-1
4
120.586 750.797
126.258 750.797
126.258 756.465
120.586 756.465
-1
4
111.306 664.27
115.461 664.27
115.461 664.836
111.306 664.836
-1
4
126.824 730.387
133.629 730.387
133.629 741.727
126.824 741.727
-1
4
118.392 664.27
122.207 664.27
122.207 664.836
118.392 664.836
-1
4
119.531 683.332
122.207 683.332
122.207 683.898
119.531 683.898
-1
4
31.227 669.867
34.77 669.867
34.77 673.41
31.227 673.41
-1
4
22.511 743.426
24.211 743.426
24.211 745.977
22.511 745.977
-1
4
20.523 748.527
23.078 748.527
23.078 750.23
20.523 750.23
-1
4
38.313 669.867
41.855 669.867
41.855 673.41
38.313 673.41
-1
4
29.539 741.348
35.951 741.348
35.951 741.914
29.539 741.914
-1
4
36.065 682.199
37.169 682.199
37.169 682.766
36.065 682.766
-1
4
45.398 669.867
48.941 669.867
48.941 673.41
45.398 673.41
-1
4
38.516 684.465
47.453 684.465
47.453 685.035
38.516 685.035
-1
4
39.52 742.293
42.066 742.293
42.066 743.993
39.52 743.993
-1
4
38.383 746.547
40.087 746.547
40.087 749.094
38.383 749.094
-1
4
47.227 741.688
47.793 741.688
47.793 747.763
47.227 747.763
-1
4
54.612 671.355
57.398 671.355
57.398 671.922
54.612 671.922
-1
4
44.098 689.342
44.664 689.342
44.664 738.74
44.098 738.74
-1
4
57.375 748.527
59.926 748.527
59.926 750.23
57.375 750.23
-1
4
61.696 671.355
64.484 671.355
64.484 671.922
61.696 671.922
-1
4
66.73 750.797
68.43 750.797
68.43 753.348
66.73 753.348
-1
4
60.492 753.914
62.192 753.914
62.192 756.465
60.492 756.465
-1
4
93.637 686.734
105.805 686.734
105.805 687.301
93.637 687.301
-1
4
93.637 671.355
96.421 671.355
96.421 671.922
93.637 671.922
-1
4
91.105 742.293
93.66 742.293
93.66 743.993
91.105 743.993
-1
4
96.21 743.426
97.91 743.426
97.91 745.977
96.21 745.977
-1
4
89.973 746.547
91.672 746.547
91.672 749.094
89.973 749.094
-1
4
100.723 683.332
109.988 683.332
109.988 683.898
100.723 683.898
-1
4
100.723 671.355
103.509 671.355
103.509 671.922
100.723 671.922
-1
4
105.848 749.664
108.398 749.664
108.398 751.364
105.848 751.364
-1
4
110.949 750.797
112.652 750.797
112.652 753.348
110.949 753.348
-1
4
111.306 671.355
114.09 671.355
114.09 671.922
111.306 671.922
-1
4
116.336 755.898
118.887 755.898
118.887 757.602
116.336 757.602
-1
4
120.93 741.688
121.496 741.688
121.496 747.906
120.93 747.906
-1
4
116.266 669.867
119.809 669.867
119.809 673.41
116.266 673.41
-1
4
126.824 746.547
128.524 746.547
128.524 749.094
126.824 749.094
-1
4
131.074 748.527
133.629 748.527
133.629 750.23
131.074 750.23
-1
4
10.039 726.704
15.707 726.704
15.707 737.191
10.039 737.191
-1
4
25.629 679.081
26.195 679.081
26.195 711.679
25.629 711.679
-1
4
31.227 676.953
34.77 676.953
34.77 680.5
31.227 680.5
-1
4
26.594 739.457
33.5 739.457
33.5 740.023
26.594 740.023
-1
4
31.012 746.547
32.715 746.547
32.715 749.094
31.012 749.094
-1
4
53.973 679.081
54.543 679.081
54.543 688.434
53.973 688.434
-1
4
50.176 749.664
55.278 749.664
55.278 750.23
50.176 750.23
-1
4
61.059 679.081
61.625 679.081
61.625 711.679
61.059 711.679
-1
4
66.66 676.953
70.203 676.953
70.203 680.5
66.66 680.5
-1
4
67.863 746.547
69.563 746.547
69.563 749.094
67.863 749.094
-1
4
72.113 748.527
74.668 748.527
74.668 750.23
72.113 750.23
-1
4
82.32 679.081
82.887 679.081
82.887 681.293
82.32 681.293
-1
4
76.367 742.293
78.918 742.293
78.918 743.993
76.367 743.993
-1
4
89.406 679.081
89.973 679.081
89.973 710.828
89.406 710.828
-1
4
95.004 676.953
98.547 676.953
98.547 680.5
95.004 680.5
-1
4
97.344 748.246
100.859 748.246
100.859 748.813
97.344 748.813
-1
4
105.848 742.293
108.398 742.293
108.398 743.993
105.848 743.993
-1
4
116.336 748.527
118.887 748.527
118.887 750.23
116.336 750.23
-1
6
112.215 742.859
114.239 742.859
114.239 742.293
112.781 742.293
112.781 681.406
112.215 681.406
-1
4
117.754 679.081
118.32 679.081
118.32 681.293
117.754 681.293
-1
4
116.742 739.457
124.441 739.457
124.441 740.023
116.742 740.023
-1
4
124.84 679.081
125.406 679.081
125.406 710.828
124.84 710.828
-1
4
38.383 753.914
40.087 753.914
40.087 756.465
38.383 756.465
-1
4
42.637 755.898
45.188 755.898
45.188 757.602
42.637 757.602
-1
4
32.715 833.342
33.281 833.342
33.281 835.554
32.715 835.554
-1
4
24.777 758.168
30.445 758.168
30.445 763.836
24.777 763.836
-1
8
35.574 850.363
36.141 850.363
36.141 833
36.027 833
36.027 774.004
35.461 774.004
35.461 833.57
35.574 833.57
-1
4
38.313 841.223
41.855 841.223
41.855 844.766
38.313 844.766
-1
4
32.148 757.035
34.699 757.035
34.699 758.735
32.148 758.735
-1
4
37.249 758.168
38.949 758.168
38.949 760.719
37.249 760.719
-1
4
29.539 766.727
30.105 766.727
30.105 773.285
29.539 773.285
-1
4
41.043 830.734
50.313 830.734
50.313 831.301
41.043 831.301
-1
4
41.383 772.719
47.453 772.719
47.453 773.285
41.383 773.285
-1
4
46.887 757.035
49.438 757.035
49.438 758.735
46.887 758.735
-1
4
51.988 758.168
53.691 758.168
53.691 760.719
51.988 760.719
-1
4
45.754 761.285
47.454 761.285
47.454 763.836
45.754 763.836
-1
4
48.699 763.269
49.27 763.269
49.27 774.23
48.699 774.23
-1
4
47.524 849.797
51.341 849.797
51.341 850.363
47.524 850.363
-1
4
59.359 758.168
61.059 758.168
61.059 760.719
59.359 760.719
-1
4
53.973 828.469
54.543 828.469
54.543 835.554
53.973 835.554
-1
4
66.73 758.168
68.43 758.168
68.43 760.719
66.73 760.719
-1
4
65.289 831.867
72.156 831.867
72.156 832.434
65.289 832.434
-1
4
59.57 848.309
63.113 848.309
63.113 851.852
59.57 851.852
-1
4
78.879 831.867
85.746 831.867
85.746 832.434
78.879 832.434
-1
4
75.234 761.285
76.934 761.285
76.934 763.836
75.234 763.836
-1
4
85.18 849.797
89.335 849.797
89.335 850.363
85.18 850.363
-1
4
81.309 775.555
87.988 775.555
87.988 776.121
81.309 776.121
-1
4
82.602 761.285
84.305 761.285
84.305 763.836
82.602 763.836
-1
4
100.293 774.609
108.332 774.609
108.332 775.176
100.293 775.176
-1
4
96.492 826.199
108.332 826.199
108.332 826.766
96.492 826.766
-1
4
96.21 758.168
97.91 758.168
97.91 760.719
96.21 760.719
-1
4
89.973 761.285
91.672 761.285
91.672 763.836
89.973 763.836
-1
4
94.227 763.269
96.777 763.269
96.777 764.969
94.227 764.969
-1
4
103.581 758.168
105.281 758.168
105.281 760.719
103.581 760.719
-1
4
101.594 763.269
104.148 763.269
104.148 764.969
101.594 764.969
-1
4
110.949 758.168
112.652 758.168
112.652 760.719
110.949 760.719
-1
4
113.523 831.867
115.309 831.867
115.309 832.434
113.523 832.434
-1
4
125.691 758.168
127.391 758.168
127.391 760.719
125.691 760.719
-1
4
123.707 763.269
126.258 763.269
126.258 764.969
123.707 764.969
-1
4
116.141 773.664
122.629 773.664
122.629 774.23
116.141 774.23
-1
4
133.062 758.168
134.762 758.168
134.762 760.719
133.062 760.719
-1
4
22.511 765.535
24.211 765.535
24.211 768.09
22.511 768.09
-1
4
32.148 764.402
34.699 764.402
34.699 766.102
32.148 766.102
-1
6
38.254 833.228
38.82 833.228
38.82 771.773
36.796 771.773
36.796 772.34
38.254 772.34
-1
4
45.398 834.137
48.941 834.137
48.941 837.68
45.398 837.68
-1
4
39.52 764.402
42.066 764.402
42.066 766.102
39.52 766.102
-1
4
44.621 765.535
46.32 765.535
46.32 768.09
44.621 768.09
-1
4
45.23 775.555
45.797 775.555
45.797 827.898
45.23 827.898
-1
4
52.484 841.223
56.031 841.223
56.031 844.766
52.484 844.766
-1
4
54.258 764.402
56.809 764.402
56.809 766.102
54.258 766.102
-1
4
53.125 768.656
54.825 768.656
54.825 771.207
53.125 771.207
-1
4
66.66 834.137
70.203 834.137
70.203 837.68
66.66 837.68
-1
4
68.996 764.402
71.547 764.402
71.547 766.102
68.996 766.102
-1
4
74.101 765.535
75.801 765.535
75.801 768.09
74.101 768.09
-1
4
72.113 770.64
74.668 770.64
74.668 772.34
72.113 772.34
-1
4
81.468 765.535
83.172 765.535
83.172 768.09
81.468 768.09
-1
4
95.004 841.223
98.547 841.223
98.547 844.766
95.004 844.766
-1
4
89.973 768.656
91.672 768.656
91.672 771.207
89.973 771.207
-1
4
97.23 767.238
99.044 767.238
99.044 767.805
97.23 767.805
-1
4
103.238 766.527
103.809 766.527
103.809 773.285
103.238 773.285
-1
4
110.949 765.535
112.652 765.535
112.652 768.09
110.949 768.09
-1
4
108.965 770.64
111.516 770.64
111.516 772.34
108.965 772.34
-1
4
100.723 842.711
103.509 842.711
103.509 843.277
100.723 843.277
-1
4
101.063 828.469
110.785 828.469
110.785 829.035
101.063 829.035
-1
4
118.32 765.535
120.02 765.535
120.02 768.09
118.32 768.09
-1
4
116.336 770.64
118.887 770.64
118.887 772.34
116.336 772.34
-1
4
110.668 831.074
111.234 831.074
111.234 835.554
110.668 835.554
-1
4
127.957 764.402
130.508 764.402
130.508 766.102
127.957 766.102
-1
4
133.062 765.535
134.762 765.535
134.762 768.09
133.062 768.09
-1
4
125.69 767.238
128.524 767.238
128.524 767.805
125.69 767.805
-1
4
120.613 832.207
121.18 832.207
121.18 843.277
120.613 843.277
-1
4
17.406 771.773
19.957 771.773
19.957 774.04
17.406 774.04
-1
4
28.488 831.074
29.055 831.074
29.055 850.363
28.488 850.363
-1
4
57.375 783.112
61.059 783.112
61.059 785.379
57.375 785.379
-1
4
91.105 772.906
97.91 772.906
97.91 784.246
91.105 784.246
-1
4
104.977 776.84
105.543 776.84
105.543 824.158
104.977 824.158
-1
4
92.266 824.272
92.832 824.272
92.832 850.023
92.266 850.023
-1
4
116.266 848.309
119.809 848.309
119.809 851.852
116.266 851.852
-1
4
120.667 776.5
128.637 776.5
128.637 777.066
120.667 777.066
-1
4
24.777 777.441
30.445 777.441
30.445 787.929
24.777 787.929
-1
4
25.629 803.805
26.195 803.805
26.195 835.554
25.629 835.554
-1
4
61.059 803.805
61.625 803.805
61.625 835.554
61.059 835.554
-1
4
89.406 802.954
89.973 802.954
89.973 835.554
89.406 835.554
-1
4
135.328 777.441
140.996 777.441
140.996 787.929
135.328 787.929
-1
4
124.84 802.954
125.406 802.954
125.406 835.554
124.84 835.554
