-1
4
0.585 653.327
150.45 653.327
150.45 861.306
0.585 861.306
-1
4
28.488 664.27
29.055 664.27
29.055 683.898
28.488 683.898
-1
4
16.273 730.387
23.078 730.387
23.078 741.727
16.273 741.727
-1
4
34.328 681.406
34.895 681.406
34.895 740.629
34.328 740.629
-1
4
29.878 750.797
31.582 750.797
31.582 753.348
29.878 753.348
-1
4
28.066 740.742
28.633 740.742
28.633 751.364
28.066 751.364
-1
4
41.305 686.734
51.341 686.734
51.341 687.301
41.305 687.301
-1
4
47.524 664.27
51.341 664.27
51.341 664.836
47.524 664.836
-1
4
48.699 740.402
49.27 740.402
49.27 750.117
48.699 750.117
-1
4
51.988 750.797
53.691 750.797
53.691 753.348
51.988 753.348
-1
4
52.484 662.781
56.031 662.781
56.031 666.324
52.484 666.324
-1
4
53.125 729.254
56.809 729.254
56.809 731.521
53.125 731.521
-1
4
57.375 740.593
59.926 740.593
59.926 742.859
57.375 742.859
-1
4
45.832 737.57
53.805 737.57
53.805 738.137
45.832 738.137
-1
4
59.57 662.781
63.113 662.781
63.113 666.324
59.57 666.324
-1
4
65.289 682.199
72.156 682.199
72.156 682.766
65.289 682.766
-1
4
65.313 740.402
72.156 740.402
72.156 740.969
65.313 740.969
-1
4
65.313 749.664
70.016 749.664
70.016 750.23
65.313 750.23
-1
4
87.918 662.781
91.461 662.781
91.461 666.324
87.918 666.324
-1
4
78.879 682.199
85.746 682.199
85.746 682.766
78.879 682.766
-1
4
82.602 747.535
85.723 747.535
85.723 748.105
82.602 748.105
-1
4
76.367 749.664
78.918 749.664
78.918 751.364
76.367 751.364
-1
4
108.027 684.465
108.598 684.465
108.598 740.969
108.027 740.969
-1
4
97.344 753.914
99.044 753.914
99.044 756.465
97.344 756.465
-1
4
101.594 755.898
104.148 755.898
104.148 757.602
101.594 757.602
-1
4
101.766 740.742
102.332 740.742
102.332 751.364
101.766 751.364
-1
4
122.402 740.742
122.969 740.742
122.969 750.344
122.402 750.344
-1
4
121.98 664.27
122.547 664.27
122.547 683.898
121.98 683.898
-1
4
119.191 683.332
119.758 683.332
119.758 738.137
119.191 738.137
-1
4
16.273 746.547
17.973 746.547
17.973 749.094
16.273 749.094
-1
4
22.511 746.828
25.684 746.828
25.684 747.395
22.511 747.395
-1
4
38.313 669.867
41.855 669.867
41.855 673.41
38.313 673.41
-1
4
36.065 682.199
37.169 682.199
37.169 682.766
36.065 682.766
-1
4
38.516 684.465
47.453 684.465
47.453 685.035
38.516 685.035
-1
4
42.637 748.527
45.188 748.527
45.188 750.23
42.637 750.23
-1
4
44.098 689
57.398 689
57.398 689.57
44.098 689.57
-1
4
53.125 746.547
54.825 746.547
54.825 749.094
53.125 749.094
-1
4
59.57 669.867
63.113 669.867
63.113 673.41
59.57 673.41
-1
4
64.746 755.898
67.297 755.898
67.297 757.602
64.746 757.602
-1
4
83.738 749.664
86.289 749.664
86.289 751.364
83.738 751.364
-1
4
87.422 739.328
87.988 739.328
87.988 751.364
87.422 751.364
-1
4
98.816 738.512
99.387 738.512
99.387 747.395
98.816 747.395
-1
4
110.949 750.797
112.652 750.797
112.652 753.348
110.949 753.348
-1
4
103.581 749.664
106.868 749.664
106.868 750.23
103.581 750.23
-1
4
119.453 747.68
120.02 747.68
120.02 751.817
119.453 751.817
-1
4
125.69 746.547
127.504 746.547
127.504 747.113
125.69 747.113
-1
4
16.273 753.914
17.973 753.914
17.973 756.465
16.273 756.465
-1
4
20.523 755.898
23.078 755.898
23.078 757.602
20.523 757.602
-1
4
23.645 748.586
24.211 748.586
24.211 751.817
23.645 751.817
-1
4
32.148 742.293
34.699 742.293
34.699 743.993
32.148 743.993
-1
4
37.249 743.426
38.949 743.426
38.949 745.977
37.249 745.977
-1
4
31.012 746.547
32.715 746.547
32.715 749.094
31.012 749.094
-1
4
59.57 676.953
63.113 676.953
63.113 680.5
59.57 680.5
-1
8
97.344 737.191
103.012 737.191
103.012 708.844
83.738 708.844
83.738 728.688
94.227 728.688
94.227 729.82
97.344 729.82
-1
4
96.492 679.081
97.059 679.081
97.059 686.168
96.492 686.168
-1
4
97.344 748.586
97.91 748.586
97.91 751.817
97.344 751.817
-1
4
103.582 679.081
104.148 679.081
104.148 682.426
103.582 682.426
-1
4
118.32 743.426
120.02 743.426
120.02 745.977
118.32 745.977
-1
6
112.215 742.859
114.239 742.859
114.239 742.293
112.781 742.293
112.781 681.406
112.215 681.406
-1
4
117.754 679.081
118.32 679.081
118.32 681.293
117.754 681.293
-1
4
127.957 749.664
130.508 749.664
130.508 751.364
127.957 751.364
-1
4
133.062 750.797
134.762 750.797
134.762 753.348
133.062 753.348
-1
4
126.824 753.914
128.524 753.914
128.524 756.465
126.824 756.465
-1
4
131.074 755.898
133.629 755.898
133.629 757.602
131.074 757.602
-1
4
32.715 833
34.633 833
34.633 833.57
32.715 833.57
-1
4
24.777 757.035
27.328 757.035
27.328 758.735
24.777 758.735
-1
4
29.878 758.168
31.582 758.168
31.582 760.719
29.878 760.719
-1
4
28.066 764.289
28.633 764.289
28.633 774.23
28.066 774.23
-1
4
35.914 849.797
39.73 849.797
39.73 850.363
35.914 850.363
-1
4
31.012 762.816
31.582 762.816
31.582 766.953
31.012 766.953
-1
4
39.52 757.035
42.066 757.035
42.066 758.735
39.52 758.735
-1
4
44.621 758.168
46.32 758.168
46.32 760.719
44.621 760.719
-1
4
44.168 764.402
47.793 764.402
47.793 764.969
44.168 764.969
-1
4
41.043 772.719
41.609 772.719
41.609 830.961
41.043 830.961
-1
4
47.524 842.711
49.973 842.711
49.973 843.277
47.524 843.277
-1
4
54.258 757.035
56.809 757.035
56.809 758.735
54.258 758.735
-1
4
59.359 758.168
61.059 758.168
61.059 760.719
59.359 760.719
-1
4
53.125 761.285
54.825 761.285
54.825 763.836
53.125 763.836
-1
4
57.375 763.269
59.926 763.269
59.926 764.969
57.375 764.969
-1
4
53.973 828.469
54.543 828.469
54.543 835.554
53.973 835.554
-1
4
63.918 830.734
69.727 830.734
69.727 831.301
63.918 831.301
-1
4
61.696 842.711
64.484 842.711
64.484 843.277
61.696 843.277
-1
4
63.385 775.082
69.387 775.082
69.387 775.648
63.385 775.648
-1
4
65.313 766.527
68.43 766.527
68.43 767.094
65.313 767.094
-1
4
68.996 757.035
71.547 757.035
71.547 758.735
68.996 758.735
-1
4
78.879 831.867
85.746 831.867
85.746 832.434
78.879 832.434
-1
4
76.367 757.035
78.918 757.035
78.918 758.735
76.367 758.735
-1
4
75.234 761.285
76.934 761.285
76.934 763.836
75.234 763.836
-1
4
79.484 763.269
82.035 763.269
82.035 764.969
79.484 764.969
-1
4
78.879 773.664
85.383 773.664
85.383 774.23
78.879 774.23
-1
4
85.18 849.797
89.335 849.797
89.335 850.363
85.18 850.363
-1
4
81.309 775.555
87.988 775.555
87.988 776.121
81.309 776.121
-1
4
83.738 757.035
86.289 757.035
86.289 758.735
83.738 758.735
-1
4
96.492 826.199
108.332 826.199
108.332 826.766
96.492 826.766
-1
4
91.105 757.035
93.66 757.035
93.66 758.735
91.105 758.735
-1
4
96.21 758.168
97.91 758.168
97.91 760.719
96.21 760.719
-1
4
89.973 761.285
91.672 761.285
91.672 763.836
89.973 763.836
-1
4
94.227 763.269
96.777 763.269
96.777 764.969
94.227 764.969
-1
4
101.766 773.664
109.73 773.664
109.73 774.23
101.766 774.23
-1
4
105.848 757.035
108.398 757.035
108.398 758.735
105.848 758.735
-1
4
110.949 758.168
112.652 758.168
112.652 760.719
110.949 760.719
-1
4
104.715 761.285
106.415 761.285
106.415 763.836
104.715 763.836
-1
4
108.965 763.269
111.516 763.269
111.516 764.969
108.965 764.969
-1
4
120.586 757.035
123.137 757.035
123.137 758.735
120.586 758.735
-1
4
125.691 758.168
127.391 758.168
127.391 760.719
125.691 760.719
-1
4
119.453 761.285
121.153 761.285
121.153 763.836
119.453 763.836
-1
4
122.402 763.269
122.969 763.269
122.969 774.23
122.402 774.23
-1
4
116.141 774.004
116.707 774.004
116.707 833.228
116.141 833.228
-1
4
17.406 764.402
19.957 764.402
19.957 766.102
17.406 766.102
-1
4
22.511 765.535
24.211 765.535
24.211 768.09
22.511 768.09
-1
4
25.457 775.555
33.238 775.555
33.238 776.121
25.457 776.121
-1
4
30.195 842.711
32.644 842.711
32.644 843.277
30.195 843.277
-1
4
31.012 768.656
32.715 768.656
32.715 771.207
31.012 771.207
-1
6
38.254 833.228
38.82 833.228
38.82 771.773
36.796 771.773
36.796 772.34
38.254 772.34
-1
4
51.648 767.238
52.215 767.238
52.215 776.121
51.648 776.121
-1
4
45.23 775.555
45.797 775.555
45.797 827.898
45.23 827.898
-1
4
68.148 833
74.586 833
74.586 833.57
68.148 833.57
-1
4
80.832 834.137
84.375 834.137
84.375 837.68
80.832 837.68
-1
4
97.23 767.238
99.044 767.238
99.044 767.805
97.23 767.805
-1
4
103.581 766.527
106.415 766.527
106.415 767.094
103.581 767.094
-1
4
103.582 829.602
112.18 829.602
112.18 830.168
103.582 830.168
-1
4
118.32 765.535
120.02 765.535
120.02 768.09
118.32 768.09
-1
4
112.082 768.656
113.786 768.656
113.786 771.207
112.082 771.207
-1
4
113.348 770.64
113.918 770.64
113.918 831.301
113.348 831.301
-1
4
125.348 767.238
125.918 767.238
125.918 776.121
125.348 776.121
-1
4
127.957 764.402
130.508 764.402
130.508 766.102
127.957 766.102
-1
4
118.392 842.711
120.84 842.711
120.84 843.277
118.392 843.277
-1
4
31.227 848.309
34.77 848.309
34.77 851.852
31.227 851.852
-1
4
92.266 823.93
105.543 823.93
105.543 824.5
92.266 824.5
-1
4
97.23 776.5
105.543 776.5
105.543 777.066
97.23 777.066
-1
4
92.266 849.797
96.421 849.797
96.421 850.363
92.266 850.363
-1
4
116.266 848.309
119.809 848.309
119.809 851.852
116.266 851.852
-1
4
120.667 830.734
122.547 830.734
122.547 831.301
120.667 831.301
-1
4
24.777 777.441
30.445 777.441
30.445 787.929
24.777 787.929
-1
4
25.629 803.805
26.195 803.805
26.195 835.554
25.629 835.554
-1
8
84.871 805.789
104.148 805.789
104.148 785.945
93.66 785.945
93.66 784.813
90.539 784.813
90.539 777.441
84.871 777.441
-1
4
123.352 834.137
126.895 834.137
126.895 837.68
123.352 837.68
-1
8
121.723 805.789
140.996 805.789
140.996 785.945
130.508 785.945
130.508 784.813
127.391 784.813
127.391 777.441
121.723 777.441
