-1
4
0.585 653.327
150.45 653.327
150.45 861.306
0.585 861.306
-1
4
28.828 683.332
30.707 683.332
30.707 683.898
28.828 683.898
-1
4
22.398 737.57
30.707 737.57
30.707 738.137
22.398 738.137
-1
4
24.777 749.664
27.328 749.664
27.328 751.364
24.777 751.364
-1
4
46.887 750.797
52.555 750.797
52.555 756.465
46.887 756.465
-1
4
58.203 664.27
58.77 664.27
58.77 690.703
58.203 690.703
-1
4
45.492 690.137
46.059 690.137
46.059 738.137
45.492 738.137
-1
4
53.125 730.387
59.926 730.387
59.926 741.727
53.125 741.727
-1
4
85.156 741.406
85.723 741.406
85.723 747.763
85.156 747.763
-1
4
81.468 750.797
83.172 750.797
83.172 753.348
81.468 753.348
-1
4
79.484 755.898
82.035 755.898
82.035 757.602
79.484 757.602
-1
4
92.266 664.61
92.832 664.61
92.832 688.094
92.266 688.094
-1
4
101.766 740.742
102.332 740.742
102.332 751.364
101.766 751.364
-1
4
125.691 750.797
127.391 750.797
127.391 753.348
125.691 753.348
-1
8
115.004 740.969
115.574 740.969
115.574 681.066
115.461 681.066
115.461 664.61
114.895 664.61
114.895 681.633
115.004 681.633
-1
4
122.402 740.742
122.969 740.742
122.969 750.344
122.402 750.344
-1
4
31.227 669.867
34.77 669.867
34.77 673.41
31.227 673.41
-1
4
22.511 743.426
24.211 743.426
24.211 745.977
22.511 745.977
-1
4
35.723 682.199
36.293 682.199
36.293 741.914
35.723 741.914
-1
4
35.266 755.898
37.816 755.898
37.816 757.602
35.266 757.602
-1
4
29.539 741.688
30.105 741.688
30.105 749.89
29.539 749.89
-1
4
38.516 684.465
47.453 684.465
47.453 685.035
38.516 685.035
-1
4
40.25 741.348
47.793 741.348
47.793 741.914
40.25 741.914
-1
4
42.637 748.527
45.188 748.527
45.188 750.23
42.637 750.23
-1
4
64.746 755.898
67.297 755.898
67.297 757.602
64.746 757.602
-1
4
86.547 671.695
87.113 671.695
87.113 683.558
86.547 683.558
-1
4
98.816 738.512
99.387 738.512
99.387 747.395
98.816 747.395
-1
4
104.715 753.914
106.415 753.914
106.415 756.465
104.715 756.465
-1
4
100.723 671.695
101.289 671.695
101.289 683.558
100.723 683.558
-1
4
109.422 683.672
109.988 683.672
109.988 741.574
109.422 741.574
-1
4
103.581 749.664
106.868 749.664
106.868 750.23
103.581 750.23
-1
4
119.453 747.68
120.02 747.68
120.02 751.817
119.453 751.817
-1
4
112.082 753.914
113.786 753.914
113.786 756.465
112.082 756.465
-1
4
117.797 682.199
121.18 682.199
121.18 682.766
117.797 682.766
-1
4
117.797 738.512
125.918 738.512
125.918 739.082
117.797 739.082
-1
4
31.227 676.953
34.77 676.953
34.77 680.5
31.227 680.5
-1
4
26.594 739.457
33.5 739.457
33.5 740.023
26.594 740.023
-1
4
32.148 743.426
37.816 743.426
37.816 749.094
32.148 749.094
-1
4
42.699 687.867
43.27 687.867
43.27 740.023
42.699 740.023
-1
4
54.258 749.664
56.809 749.664
56.809 751.364
54.258 751.364
-1
4
68.996 743.426
74.668 743.426
74.668 749.094
68.996 749.094
-1
4
76.449 681.066
82.887 681.066
82.887 681.633
76.449 681.633
-1
8
97.344 737.191
103.012 737.191
103.012 708.844
83.738 708.844
83.738 728.688
94.227 728.688
94.227 729.82
97.344 729.82
-1
4
95.004 676.953
98.547 676.953
98.547 680.5
95.004 680.5
-1
4
96.832 685.602
107.199 685.602
107.199 686.168
96.832 686.168
-1
4
91.105 749.664
93.66 749.664
93.66 751.364
91.105 751.364
-1
4
96.21 750.797
97.91 750.797
97.91 753.348
96.21 753.348
-1
4
103.582 679.081
104.148 679.081
104.148 682.426
103.582 682.426
-1
4
112.082 746.547
113.786 746.547
113.786 749.094
112.082 749.094
-1
6
112.215 742.859
114.239 742.859
114.239 742.293
112.781 742.293
112.781 681.406
112.215 681.406
-1
4
120.586 726.704
126.258 726.704
126.258 737.191
120.586 737.191
-1
4
20.523 763.269
23.078 763.269
23.078 764.969
20.523 764.969
-1
4
26.594 764.742
27.16 764.742
27.16 774.836
26.594 774.836
-1
4
32.715 833.342
33.281 833.342
33.281 835.554
32.715 835.554
-1
4
24.777 757.035
27.328 757.035
27.328 758.735
24.777 758.735
-1
8
35.574 850.363
36.141 850.363
36.141 833
36.027 833
36.027 774.004
35.461 774.004
35.461 833.57
35.574 833.57
-1
4
31.012 761.285
32.715 761.285
32.715 763.836
31.012 763.836
-1
4
35.266 763.269
37.816 763.269
37.816 764.969
35.266 764.969
-1
4
29.539 766.727
30.105 766.727
30.105 773.285
29.539 773.285
-1
4
39.52 757.035
42.066 757.035
42.066 758.735
39.52 758.735
-1
4
41.043 772.719
41.609 772.719
41.609 830.961
41.043 830.961
-1
4
45.754 761.285
47.454 761.285
47.454 763.836
45.754 763.836
-1
4
48.699 763.269
49.27 763.269
49.27 774.23
48.699 774.23
-1
4
54.258 757.035
56.809 757.035
56.809 758.735
54.258 758.735
-1
4
44.176 828.469
54.201 828.469
54.201 829.035
44.176 829.035
-1
4
59.57 841.223
63.113 841.223
63.113 844.766
59.57 844.766
-1
4
60.492 761.285
62.192 761.285
62.192 763.836
60.492 763.836
-1
4
65.313 773
72.156 773
72.156 773.57
65.313 773.57
-1
4
65.289 831.867
72.156 831.867
72.156 832.434
65.289 832.434
-1
4
74.101 758.168
75.801 758.168
75.801 760.719
74.101 760.719
-1
4
67.863 762.816
68.43 762.816
68.43 766.754
67.863 766.754
-1
4
85.18 832.207
85.746 832.207
85.746 850.023
85.18 850.023
-1
4
83.738 757.035
86.289 757.035
86.289 758.735
83.738 758.735
-1
4
82.602 761.285
84.305 761.285
84.305 763.836
82.602 763.836
-1
4
94.227 763.269
96.777 763.269
96.777 764.969
94.227 764.969
-1
4
100.293 764.742
100.859 764.742
100.859 774.836
100.293 774.836
-1
4
98.477 757.035
101.027 757.035
101.027 758.735
98.477 758.735
-1
4
103.581 758.168
105.281 758.168
105.281 760.719
103.581 760.719
-1
4
99.352 827.672
99.918 827.672
99.918 850.023
99.352 850.023
-1
4
114.742 772.719
115.309 772.719
115.309 832.094
114.742 832.094
-1
4
120.586 757.035
123.137 757.035
123.137 758.735
120.586 758.735
-1
4
123.707 763.269
126.258 763.269
126.258 764.969
123.707 764.969
-1
4
114.895 833.342
115.461 833.342
115.461 850.023
114.895 850.023
-1
4
117.535 774.609
124.441 774.609
124.441 775.176
117.535 775.176
-1
4
32.672 775.895
33.238 775.895
33.238 832.094
32.672 832.094
-1
6
38.254 833.228
38.82 833.228
38.82 771.773
36.796 771.773
36.796 772.34
38.254 772.34
-1
4
39.52 764.402
42.066 764.402
42.066 766.102
39.52 766.102
-1
4
44.621 765.535
46.32 765.535
46.32 768.09
44.621 768.09
-1
4
51.648 767.238
52.215 767.238
52.215 776.121
51.648 776.121
-1
4
54.258 764.402
56.809 764.402
56.809 766.102
54.258 766.102
-1
4
56.832 827.672
57.398 827.672
57.398 842.937
56.832 842.937
-1
4
74.02 771.66
74.586 771.66
74.586 833.228
74.02 833.228
-1
4
76.367 765.535
82.035 765.535
82.035 771.207
76.367 771.207
-1
4
82.32 833.342
82.887 833.342
82.887 835.554
82.32 835.554
-1
4
93.637 825.066
106.938 825.066
106.938 825.633
93.637 825.633
-1
4
105.848 764.402
108.398 764.402
108.398 766.102
105.848 766.102
-1
4
103.581 772.719
110.785 772.719
110.785 773.285
103.581 773.285
-1
4
101.063 828.469
110.785 828.469
110.785 829.035
101.063 829.035
-1
4
113.219 765.535
118.887 765.535
118.887 771.207
113.219 771.207
-1
4
110.668 831.074
111.234 831.074
111.234 835.554
110.668 835.554
-1
4
127.957 764.402
130.508 764.402
130.508 766.102
127.957 766.102
-1
4
125.69 767.238
128.524 767.238
128.524 767.805
125.69 767.805
-1
4
17.406 771.773
19.957 771.773
19.957 774.04
17.406 774.04
-1
4
23.53 776.5
31.504 776.5
31.504 777.066
23.53 777.066
-1
4
54.258 772.906
61.059 772.906
61.059 784.246
54.258 784.246
-1
4
91.105 772.906
97.91 772.906
97.91 784.246
91.105 784.246
-1
4
120.324 776.5
120.895 776.5
120.895 831.301
120.324 831.301
-1
4
131.074 783.112
134.762 783.112
134.762 785.379
131.074 785.379
-1
8
11.172 805.789
30.445 805.789
30.445 785.945
19.957 785.945
19.957 784.813
16.84 784.813
16.84 777.441
11.172 777.441
