-1
4
0.585 653.327
150.45 653.327
150.45 861.306
0.585 861.306
-1
4
28.828 683.332
30.707 683.332
30.707 683.898
28.828 683.898
-1
4
28.828 664.27
32.644 664.27
32.644 664.836
28.828 664.836
-1
4
38.313 662.781
41.855 662.781
41.855 666.324
38.313 666.324
-1
4
34.328 681.406
34.895 681.406
34.895 740.629
34.328 740.629
-1
4
28.066 740.742
28.633 740.742
28.633 751.364
28.066 751.364
-1
4
47.524 664.27
51.341 664.27
51.341 664.836
47.524 664.836
-1
4
41.305 687.074
41.871 687.074
41.871 740.629
41.305 740.629
-1
4
52.484 662.781
56.031 662.781
56.031 666.324
52.484 666.324
-1
4
53.125 729.254
56.809 729.254
56.809 731.521
53.125 731.521
-1
4
45.832 737.57
53.805 737.57
53.805 738.137
45.832 738.137
-1
4
65.313 740.402
72.156 740.402
72.156 740.969
65.313 740.969
-1
4
68.996 749.664
71.547 749.664
71.547 751.364
68.996 751.364
-1
4
74.101 750.797
75.801 750.797
75.801 753.348
74.101 753.348
-1
4
82.602 747.535
85.723 747.535
85.723 748.105
82.602 748.105
-1
4
79.484 755.898
82.035 755.898
82.035 757.602
79.484 757.602
-1
4
95.004 662.781
98.547 662.781
98.547 666.324
95.004 666.324
-1
4
89.973 730.387
96.777 730.387
96.777 741.727
89.973 741.727
-1
4
101.766 740.402
108.255 740.402
108.255 740.969
101.766 740.969
-1
4
120.586 749.664
123.137 749.664
123.137 751.364
120.586 751.364
-1
8
115.004 740.969
115.574 740.969
115.574 681.066
115.461 681.066
115.461 664.61
114.895 664.61
114.895 681.633
115.004 681.633
-1
4
119.191 683.332
119.758 683.332
119.758 738.137
119.191 738.137
-1
4
126.824 730.387
133.629 730.387
133.629 741.727
126.824 741.727
-1
4
118.392 664.27
122.207 664.27
122.207 664.836
118.392 664.836
-1
4
31.227 669.867
34.77 669.867
34.77 673.41
31.227 673.41
-1
4
25.117 738.512
32.105 738.512
32.105 739.082
25.117 739.082
-1
4
22.511 746.828
25.684 746.828
25.684 747.395
22.511 747.395
-1
4
38.313 669.867
41.855 669.867
41.855 673.41
38.313 673.41
-1
4
36.065 682.199
37.169 682.199
37.169 682.766
36.065 682.766
-1
4
32.148 749.664
34.699 749.664
34.699 751.364
32.148 751.364
-1
4
31.012 753.914
32.715 753.914
32.715 756.465
31.012 756.465
-1
4
45.398 669.867
48.941 669.867
48.941 673.41
45.398 673.41
-1
4
45.398 676.953
48.941 676.953
48.941 680.5
45.398 680.5
-1
4
38.516 684.465
47.453 684.465
47.453 685.035
38.516 685.035
-1
4
39.52 742.293
42.066 742.293
42.066 743.993
39.52 743.993
-1
4
38.383 746.547
40.087 746.547
40.087 749.094
38.383 749.094
-1
4
42.637 748.527
45.188 748.527
45.188 750.23
42.637 750.23
-1
4
47.227 741.688
47.793 741.688
47.793 747.763
47.227 747.763
-1
4
52.484 669.867
56.031 669.867
56.031 673.41
52.484 673.41
-1
4
44.098 689
57.398 689
57.398 689.57
44.098 689.57
-1
4
57.375 748.527
59.926 748.527
59.926 750.23
57.375 750.23
-1
4
51.648 746.828
53.805 746.828
53.805 747.395
51.648 747.395
-1
4
69.16 683.332
69.727 683.332
69.727 738.74
69.16 738.74
-1
4
61.625 749.664
64.18 749.664
64.18 751.364
61.625 751.364
-1
4
63.918 671.695
64.484 671.695
64.484 683.558
63.918 683.558
-1
4
81.309 683.332
87.113 683.332
87.113 683.898
81.309 683.898
-1
4
86.547 671.355
89.335 671.355
89.335 671.922
86.547 671.922
-1
4
83.738 749.664
86.289 749.664
86.289 751.364
83.738 751.364
-1
4
93.637 686.734
105.805 686.734
105.805 687.301
93.637 687.301
-1
4
99.159 738.512
105.805 738.512
105.805 739.082
99.159 739.082
-1
4
96.21 743.426
97.91 743.426
97.91 745.977
96.21 745.977
-1
4
102.09 669.867
105.637 669.867
105.637 673.41
102.09 673.41
-1
4
100.723 683.332
109.988 683.332
109.988 683.898
100.723 683.898
-1
4
105.848 749.664
108.398 749.664
108.398 751.364
105.848 751.364
-1
4
110.949 750.797
112.652 750.797
112.652 753.348
110.949 753.348
-1
4
109.18 669.867
112.723 669.867
112.723 673.41
109.18 673.41
-1
4
116.336 755.898
118.887 755.898
118.887 757.602
116.336 757.602
-1
4
120.93 741.688
121.496 741.688
121.496 747.906
120.93 747.906
-1
4
118.392 671.355
121.18 671.355
121.18 671.922
118.392 671.922
-1
4
133.062 743.426
134.762 743.426
134.762 745.977
133.062 745.977
-1
4
126.824 746.547
128.524 746.547
128.524 749.094
126.824 749.094
-1
4
131.074 748.527
133.629 748.527
133.629 750.23
131.074 750.23
-1
4
25.629 679.081
26.195 679.081
26.195 711.679
25.629 711.679
-1
4
17.406 749.664
19.957 749.664
19.957 751.364
17.406 751.364
-1
4
20.523 755.898
23.078 755.898
23.078 757.602
20.523 757.602
-1
4
23.645 748.586
24.211 748.586
24.211 751.817
23.645 751.817
-1
4
43.042 739.457
50.742 739.457
50.742 740.023
43.042 740.023
-1
4
50.176 749.664
55.278 749.664
55.278 750.23
50.176 750.23
-1
4
57.375 755.898
59.926 755.898
59.926 757.602
57.375 757.602
-1
4
68.148 681.066
74.586 681.066
74.586 681.633
68.148 681.633
-1
4
80.832 676.953
84.375 676.953
84.375 680.5
80.832 680.5
-1
4
76.367 742.293
78.918 742.293
78.918 743.993
76.367 743.993
-1
4
75.234 746.547
76.934 746.547
76.934 749.094
75.234 749.094
-1
4
89.406 679.081
89.973 679.081
89.973 710.828
89.406 710.828
-1
4
95.004 676.953
98.547 676.953
98.547 680.5
95.004 680.5
-1
4
97.344 748.246
100.859 748.246
100.859 748.813
97.344 748.813
-1
4
91.105 749.664
93.66 749.664
93.66 751.364
91.105 751.364
-1
4
96.21 750.797
97.91 750.797
97.91 753.348
96.21 753.348
-1
4
116.336 748.527
118.887 748.527
118.887 750.23
116.336 750.23
-1
6
112.215 742.859
114.239 742.859
114.239 742.293
112.781 742.293
112.781 681.406
112.215 681.406
-1
4
117.754 679.081
118.32 679.081
118.32 681.293
117.754 681.293
-1
4
116.742 739.457
124.441 739.457
124.441 740.023
116.742 740.023
-1
4
126.824 753.914
128.524 753.914
128.524 756.465
126.824 756.465
-1
4
124.84 679.081
125.406 679.081
125.406 710.828
124.84 710.828
-1
4
38.383 753.914
40.087 753.914
40.087 756.465
38.383 756.465
-1
4
29.878 758.168
31.582 758.168
31.582 760.719
29.878 760.719
-1
4
28.066 764.289
28.633 764.289
28.633 774.23
28.066 774.23
-1
8
35.574 850.363
36.141 850.363
36.141 833
36.027 833
36.027 774.004
35.461 774.004
35.461 833.57
35.574 833.57
-1
4
38.313 841.223
41.855 841.223
41.855 844.766
38.313 844.766
-1
4
37.249 758.168
38.949 758.168
38.949 760.719
37.249 760.719
-1
4
31.012 762.816
31.582 762.816
31.582 766.953
31.012 766.953
-1
4
42.637 763.269
45.188 763.269
45.188 764.969
42.637 764.969
-1
4
47.227 764.742
47.793 764.742
47.793 773.285
47.227 773.285
-1
4
41.043 772.719
41.609 772.719
41.609 830.961
41.043 830.961
-1
4
46.887 757.035
49.438 757.035
49.438 758.735
46.887 758.735
-1
4
47.524 849.797
51.341 849.797
51.341 850.363
47.524 850.363
-1
4
50.176 765.82
53.691 765.82
53.691 766.387
50.176 766.387
-1
4
52.484 834.137
56.031 834.137
56.031 837.68
52.484 837.68
-1
4
53.125 761.285
54.825 761.285
54.825 763.836
53.125 763.836
-1
4
44.176 828.469
54.201 828.469
54.201 829.035
44.176 829.035
-1
4
61.625 757.035
64.18 757.035
64.18 758.735
61.625 758.735
-1
4
63.043 763.269
63.613 763.269
63.613 775.648
63.043 775.648
-1
4
64.746 763.269
67.297 763.269
67.297 764.969
64.746 764.969
-1
4
63.918 831.074
64.484 831.074
64.484 842.937
63.918 842.937
-1
4
68.996 757.035
71.547 757.035
71.547 758.735
68.996 758.735
-1
4
78.879 831.867
85.746 831.867
85.746 832.434
78.879 832.434
-1
4
75.234 761.285
76.934 761.285
76.934 763.836
75.234 763.836
-1
4
88.839 758.168
90.539 758.168
90.539 760.719
88.839 760.719
-1
4
86.855 763.269
89.406 763.269
89.406 764.969
86.855 764.969
-1
4
100.293 774.609
108.332 774.609
108.332 775.176
100.293 775.176
-1
4
96.492 826.199
108.332 826.199
108.332 826.766
96.492 826.766
-1
4
95.004 834.137
98.547 834.137
98.547 837.68
95.004 837.68
-1
4
96.21 758.168
97.91 758.168
97.91 760.719
96.21 760.719
-1
4
94.227 763.269
96.777 763.269
96.777 764.969
94.227 764.969
-1
4
103.581 758.168
105.281 758.168
105.281 760.719
103.581 760.719
-1
4
101.594 763.269
104.148 763.269
104.148 764.969
101.594 764.969
-1
4
112.082 761.285
113.786 761.285
113.786 763.836
112.082 763.836
-1
4
111.306 842.711
113.75 842.711
113.75 843.277
111.306 843.277
-1
4
114.895 833
116.707 833
116.707 833.57
114.895 833.57
-1
4
120.586 757.035
123.137 757.035
123.137 758.735
120.586 758.735
-1
4
125.691 758.168
127.391 758.168
127.391 760.719
125.691 760.719
-1
4
119.453 761.285
121.153 761.285
121.153 763.836
119.453 763.836
-1
4
116.141 773.664
122.629 773.664
122.629 774.23
116.141 774.23
-1
4
131.074 763.269
133.629 763.269
133.629 764.969
131.074 764.969
-1
4
123.875 765.82
127.051 765.82
127.051 766.387
123.875 766.387
-1
4
29.855 831.867
33.238 831.867
33.238 832.434
29.855 832.434
-1
4
22.511 765.535
24.211 765.535
24.211 768.09
22.511 768.09
-1
4
25.457 775.555
33.238 775.555
33.238 776.121
25.457 776.121
-1
4
37.249 765.535
38.949 765.535
38.949 768.09
37.249 768.09
-1
4
31.012 768.656
32.715 768.656
32.715 771.207
31.012 771.207
-1
6
38.254 833.228
38.82 833.228
38.82 771.773
36.796 771.773
36.796 772.34
38.254 772.34
-1
4
59.359 765.535
61.059 765.535
61.059 768.09
59.359 768.09
-1
4
68.148 833
74.586 833
74.586 833.57
68.148 833.57
-1
4
68.996 764.402
71.547 764.402
71.547 766.102
68.996 766.102
-1
4
74.101 765.535
75.801 765.535
75.801 768.09
74.101 768.09
-1
4
72.113 770.64
74.668 770.64
74.668 772.34
72.113 772.34
-1
4
80.832 834.137
84.375 834.137
84.375 837.68
80.832 837.68
-1
4
81.468 765.535
83.172 765.535
83.172 768.09
81.468 768.09
-1
4
95.004 841.223
98.547 841.223
98.547 844.766
95.004 844.766
-1
4
97.23 767.238
99.044 767.238
99.044 767.805
97.23 767.805
-1
4
103.238 766.527
103.809 766.527
103.809 773.285
103.238 773.285
-1
4
105.848 764.402
108.398 764.402
108.398 766.102
105.848 766.102
-1
4
110.949 765.535
112.652 765.535
112.652 768.09
110.949 768.09
-1
4
108.965 770.64
111.516 770.64
111.516 772.34
108.965 772.34
-1
4
101.063 828.469
110.785 828.469
110.785 829.035
101.063 829.035
-1
4
118.32 765.535
120.02 765.535
120.02 768.09
118.32 768.09
-1
4
116.336 770.64
118.887 770.64
118.887 772.34
116.336 772.34
-1
4
110.668 830.734
113.576 830.734
113.576 831.301
110.668 831.301
-1
4
118.93 775.555
125.576 775.555
125.576 776.121
118.93 776.121
-1
4
120.613 832.207
121.18 832.207
121.18 843.277
120.613 843.277
-1
4
17.406 772.906
24.211 772.906
24.211 784.246
17.406 784.246
-1
4
54.258 772.906
61.059 772.906
61.059 784.246
54.258 784.246
-1
4
46.625 776.84
47.191 776.84
47.191 826.426
46.625 826.426
-1
4
91.105 772.906
97.91 772.906
97.91 784.246
91.105 784.246
-1
4
95.004 848.309
98.547 848.309
98.547 851.852
95.004 851.852
-1
4
104.977 776.84
105.543 776.84
105.543 824.158
104.977 824.158
-1
4
92.266 824.272
92.832 824.272
92.832 850.023
92.266 850.023
-1
4
127.957 772.906
134.762 772.906
134.762 784.246
127.957 784.246
-1
4
124.84 802.954
125.406 802.954
125.406 835.554
124.84 835.554
