-1
4
0.585 653.327
150.45 653.327
150.45 861.306
0.585 861.306
-1
4
22.398 737.57
30.707 737.57
30.707 738.137
22.398 738.137
-1
4
20.523 740.593
23.078 740.593
23.078 742.859
20.523 742.859
-1
4
34.328 681.066
36.141 681.066
36.141 681.633
34.328 681.633
-1
4
24.777 749.664
27.328 749.664
27.328 751.364
24.777 751.364
-1
4
23.645 753.914
25.344 753.914
25.344 756.465
23.645 756.465
-1
4
35.914 664.27
39.73 664.27
39.73 664.836
35.914 664.836
-1
4
41.305 686.734
51.341 686.734
51.341 687.301
41.305 687.301
-1
4
47.524 664.27
51.341 664.27
51.341 664.836
47.524 664.836
-1
4
41.305 740.402
48.927 740.402
48.927 740.969
41.305 740.969
-1
4
51.988 750.797
53.691 750.797
53.691 753.348
51.988 753.348
-1
4
50.004 755.898
52.555 755.898
52.555 757.602
50.004 757.602
-1
4
65.313 749.664
70.016 749.664
70.016 750.23
65.313 750.23
-1
4
82.602 747.535
85.723 747.535
85.723 748.105
82.602 748.105
-1
4
75.234 753.914
76.934 753.914
76.934 756.465
75.234 756.465
-1
4
79.484 755.898
82.035 755.898
82.035 757.602
79.484 757.602
-1
4
89.973 729.254
93.66 729.254
93.66 731.521
89.973 731.521
-1
4
94.227 740.593
96.777 740.593
96.777 742.859
94.227 742.859
-1
4
99.352 684.465
108.255 684.465
108.255 685.035
99.352 685.035
-1
4
101.766 740.402
108.255 740.402
108.255 740.969
101.766 740.969
-1
4
97.344 753.914
99.044 753.914
99.044 756.465
97.344 756.465
-1
4
101.594 755.898
104.148 755.898
104.148 757.602
101.594 757.602
-1
4
111.306 664.27
115.461 664.27
115.461 664.836
111.306 664.836
-1
4
118.392 664.27
122.207 664.27
122.207 664.836
118.392 664.836
-1
4
119.531 683.332
122.207 683.332
122.207 683.898
119.531 683.898
-1
4
126.824 729.254
130.508 729.254
130.508 731.521
126.824 731.521
-1
4
131.074 740.593
133.629 740.593
133.629 742.859
131.074 742.859
-1
4
119.531 737.57
127.504 737.57
127.504 738.137
119.531 738.137
-1
4
29.855 682.199
32.105 682.199
32.105 682.766
29.855 682.766
-1
4
29.855 671.355
32.644 671.355
32.644 671.922
29.855 671.922
-1
4
20.523 748.527
23.078 748.527
23.078 750.23
20.523 750.23
-1
4
29.539 741.348
35.951 741.348
35.951 741.914
29.539 741.914
-1
4
29.539 749.664
33.168 749.664
33.168 750.23
29.539 750.23
-1
4
31.012 753.914
32.715 753.914
32.715 756.465
31.012 756.465
-1
4
47.524 671.355
50.313 671.355
50.313 671.922
47.524 671.922
-1
4
46.887 679.081
47.453 679.081
47.453 684.693
46.887 684.693
-1
4
44.621 743.426
46.32 743.426
46.32 745.977
44.621 745.977
-1
4
44.621 747.535
47.793 747.535
47.793 748.105
44.621 748.105
-1
4
44.098 689
57.398 689
57.398 689.57
44.098 689.57
-1
4
44.098 738.512
52.215 738.512
52.215 739.082
44.098 739.082
-1
4
54.612 671.355
57.398 671.355
57.398 671.922
54.612 671.922
-1
4
54.258 742.293
56.809 742.293
56.809 743.993
54.258 743.993
-1
4
59.359 743.426
61.059 743.426
61.059 745.977
59.359 745.977
-1
4
57.375 748.527
59.926 748.527
59.926 750.23
57.375 750.23
-1
4
63.043 738.512
69.727 738.512
69.727 739.082
63.043 739.082
-1
4
61.696 671.355
64.484 671.355
64.484 671.922
61.696 671.922
-1
4
63.918 683.332
69.387 683.332
69.387 683.898
63.918 683.898
-1
4
60.492 753.914
62.192 753.914
62.192 756.465
60.492 756.465
-1
4
81.309 683.332
87.113 683.332
87.113 683.898
81.309 683.898
-1
4
81.309 738.988
87.988 738.988
87.988 739.555
81.309 739.555
-1
4
86.547 671.355
89.335 671.355
89.335 671.922
86.547 671.922
-1
4
83.738 749.664
86.289 749.664
86.289 751.364
83.738 751.364
-1
4
88.839 750.797
90.539 750.797
90.539 753.348
88.839 753.348
-1
4
86.855 755.898
89.406 755.898
89.406 757.602
86.855 757.602
-1
4
93.637 686.734
105.805 686.734
105.805 687.301
93.637 687.301
-1
4
99.159 738.512
105.805 738.512
105.805 739.082
99.159 739.082
-1
4
89.973 746.547
91.672 746.547
91.672 749.094
89.973 749.094
-1
4
94.227 748.527
96.777 748.527
96.777 750.23
94.227 750.23
-1
4
96.21 746.828
99.044 746.828
99.044 747.395
96.21 747.395
-1
4
100.723 671.355
103.509 671.355
103.509 671.922
100.723 671.922
-1
4
103.581 749.664
106.868 749.664
106.868 750.23
103.581 750.23
-1
4
111.306 671.355
114.09 671.355
114.09 671.922
111.306 671.922
-1
4
119.793 747.68
121.496 747.68
121.496 748.246
119.793 748.246
-1
4
113.219 749.664
115.77 749.664
115.77 751.364
113.219 751.364
-1
4
116.336 755.898
118.887 755.898
118.887 757.602
116.336 757.602
-1
4
118.392 671.355
121.18 671.355
121.18 671.922
118.392 671.922
-1
4
125.69 746.547
127.504 746.547
127.504 747.113
125.69 747.113
-1
4
10.039 726.704
15.707 726.704
15.707 737.191
10.039 737.191
-1
4
25.629 679.081
26.195 679.081
26.195 711.679
25.629 711.679
-1
4
26.594 739.457
33.5 739.457
33.5 740.023
26.594 740.023
-1
4
37.457 683.332
40.367 683.332
40.367 683.898
37.457 683.898
-1
4
35.266 748.527
37.816 748.527
37.816 750.23
35.266 750.23
-1
4
46.887 726.704
52.555 726.704
52.555 737.191
46.887 737.191
-1
4
61.059 679.081
61.625 679.081
61.625 711.679
61.059 711.679
-1
4
68.148 679.081
68.715 679.081
68.715 681.293
68.148 681.293
-1
4
68.996 742.293
71.547 742.293
71.547 743.993
68.996 743.993
-1
4
72.113 748.527
74.668 748.527
74.668 750.23
72.113 750.23
-1
4
82.32 679.081
82.887 679.081
82.887 681.293
82.32 681.293
-1
4
103.582 679.081
104.148 679.081
104.148 682.426
103.582 682.426
-1
4
110.668 681.066
112.781 681.066
112.781 681.633
110.668 681.633
-1
4
116.402 681.066
118.32 681.066
118.32 681.633
116.402 681.633
-1
4
116.742 739.457
124.441 739.457
124.441 740.023
116.742 740.023
-1
4
123.875 749.664
128.977 749.664
128.977 750.23
123.875 750.23
-1
4
133.062 750.797
134.762 750.797
134.762 753.348
133.062 753.348
-1
4
124.84 679.081
125.406 679.081
125.406 710.828
124.84 710.828
-1
4
39.52 749.664
42.066 749.664
42.066 751.364
39.52 751.364
-1
4
44.621 750.797
46.32 750.797
46.32 753.348
44.621 753.348
-1
4
38.383 753.914
40.087 753.914
40.087 756.465
38.383 756.465
-1
4
42.637 755.898
45.188 755.898
45.188 757.602
42.637 757.602
-1
4
26.594 774.609
34.633 774.609
34.633 775.176
26.594 775.176
-1
4
32.715 833
34.633 833
34.633 833.57
32.715 833.57
-1
4
17.406 757.035
19.957 757.035
19.957 758.735
17.406 758.735
-1
4
22.511 758.168
24.211 758.168
24.211 760.719
22.511 760.719
-1
4
22.056 764.402
27.16 764.402
27.16 764.969
22.056 764.969
-1
4
29.878 758.168
31.582 758.168
31.582 760.719
29.878 760.719
-1
4
37.249 758.168
38.949 758.168
38.949 760.719
37.249 760.719
-1
4
35.266 763.269
37.816 763.269
37.816 764.969
35.266 764.969
-1
4
29.539 766.387
31.24 766.387
31.24 766.953
29.539 766.953
-1
4
37.284 842.711
39.73 842.711
39.73 843.277
37.284 843.277
-1
4
44.168 764.402
47.793 764.402
47.793 764.969
44.168 764.969
-1
4
47.524 842.711
49.973 842.711
49.973 843.277
47.524 843.277
-1
4
42.438 773.664
48.927 773.664
48.927 774.23
42.438 774.23
-1
4
42.438 829.602
51.341 829.602
51.341 830.168
42.438 830.168
-1
4
47.524 849.797
51.341 849.797
51.341 850.363
47.524 850.363
-1
4
59.359 758.168
61.059 758.168
61.059 760.719
59.359 760.719
-1
4
57.375 763.269
59.926 763.269
59.926 764.969
57.375 764.969
-1
4
53.125 762.816
53.691 762.816
53.691 766.047
53.125 766.047
-1
4
63.918 830.734
69.727 830.734
69.727 831.301
63.918 831.301
-1
4
64.746 763.269
67.297 763.269
67.297 764.969
64.746 764.969
-1
4
61.696 842.711
64.484 842.711
64.484 843.277
61.696 843.277
-1
4
63.385 775.082
69.387 775.082
69.387 775.648
63.385 775.648
-1
4
65.313 766.527
68.43 766.527
68.43 767.094
65.313 767.094
-1
4
68.996 757.035
71.547 757.035
71.547 758.735
68.996 758.735
-1
4
75.234 761.285
76.934 761.285
76.934 763.836
75.234 763.836
-1
4
81.015 764.402
85.723 764.402
85.723 764.969
81.015 764.969
-1
4
78.879 773.664
85.383 773.664
85.383 774.23
78.879 774.23
-1
4
81.309 775.555
87.988 775.555
87.988 776.121
81.309 776.121
-1
4
81.309 830.734
87.113 830.734
87.113 831.301
81.309 831.301
-1
4
86.547 842.711
89.335 842.711
89.335 843.277
86.547 843.277
-1
4
91.105 757.035
93.66 757.035
93.66 758.735
91.105 758.735
-1
4
95.757 764.402
100.859 764.402
100.859 764.969
95.757 764.969
-1
4
101.766 773.664
109.73 773.664
109.73 774.23
101.766 774.23
-1
4
99.352 827.332
109.73 827.332
109.73 827.898
99.352 827.898
-1
4
99.352 849.797
103.509 849.797
103.509 850.363
99.352 850.363
-1
4
105.848 757.035
108.398 757.035
108.398 758.735
105.848 758.735
-1
4
110.949 758.168
112.652 758.168
112.652 760.719
110.949 760.719
-1
4
104.715 761.285
106.415 761.285
106.415 763.836
104.715 763.836
-1
4
108.965 763.269
111.516 763.269
111.516 764.969
108.965 764.969
-1
4
117.867 764.402
121.496 764.402
121.496 764.969
117.867 764.969
-1
4
115.082 772.719
121.156 772.719
121.156 773.285
115.082 773.285
-1
4
111.306 842.711
113.75 842.711
113.75 843.277
111.306 843.277
-1
4
114.895 833
116.707 833
116.707 833.57
114.895 833.57
-1
4
120.586 757.035
123.137 757.035
123.137 758.735
120.586 758.735
-1
4
117.535 774.609
124.441 774.609
124.441 775.176
117.535 775.176
-1
4
127.957 757.035
130.508 757.035
130.508 758.735
127.957 758.735
-1
4
133.062 758.168
134.762 758.168
134.762 760.719
133.062 760.719
-1
4
123.875 765.82
127.051 765.82
127.051 766.387
123.875 766.387
-1
4
30.195 842.711
32.644 842.711
32.644 843.277
30.195 843.277
-1
4
38.254 833
40.367 833
40.367 833.57
38.254 833.57
-1
4
31.012 768.656
32.715 768.656
32.715 771.207
31.012 771.207
-1
4
42.637 770.64
45.188 770.64
45.188 772.34
42.637 772.34
-1
4
46.887 832.207
47.453 832.207
47.453 835.554
46.887 835.554
-1
4
51.988 767.238
54.825 767.238
54.825 767.805
51.988 767.805
-1
4
45.57 827.332
57.398 827.332
57.398 827.898
45.57 827.898
-1
4
45.57 775.555
51.875 775.555
51.875 776.121
45.57 776.121
-1
4
54.612 842.711
57.398 842.711
57.398 843.277
54.612 843.277
-1
4
74.101 765.535
75.801 765.535
75.801 768.09
74.101 768.09
-1
4
67.863 768.656
69.563 768.656
69.563 771.207
67.863 771.207
-1
4
68.148 833.342
68.715 833.342
68.715 835.554
68.148 835.554
-1
4
79.484 770.64
82.035 770.64
82.035 772.34
79.484 772.34
-1
4
82.32 833.342
82.887 833.342
82.887 835.554
82.32 835.554
-1
4
93.637 825.066
106.938 825.066
106.938 825.633
93.637 825.633
-1
4
93.637 842.711
96.421 842.711
96.421 843.277
93.637 843.277
-1
4
97.23 767.238
99.044 767.238
99.044 767.805
97.23 767.805
-1
4
99.159 775.555
106.598 775.555
106.598 776.121
99.159 776.121
-1
4
103.581 766.527
106.415 766.527
106.415 767.094
103.581 767.094
-1
4
103.582 829.942
104.148 829.942
104.148 835.554
103.582 835.554
-1
4
113.219 764.402
115.77 764.402
115.77 766.102
113.219 766.102
-1
4
110.668 830.734
113.576 830.734
113.576 831.301
110.668 831.301
-1
4
133.062 765.535
134.762 765.535
134.762 768.09
133.062 768.09
-1
4
126.824 768.656
128.524 768.656
128.524 771.207
126.824 771.207
-1
4
118.392 842.711
120.84 842.711
120.84 843.277
118.392 843.277
-1
4
28.488 830.734
31.844 830.734
31.844 831.301
28.488 831.301
-1
4
17.406 771.773
19.957 771.773
19.957 774.04
17.406 774.04
-1
4
20.523 783.112
24.211 783.112
24.211 785.379
20.523 785.379
-1
4
23.53 776.5
31.504 776.5
31.504 777.066
23.53 777.066
-1
4
28.828 849.797
32.644 849.797
32.644 850.363
28.828 850.363
-1
4
54.258 771.773
56.809 771.773
56.809 774.04
54.258 774.04
-1
4
91.105 771.773
93.66 771.773
93.66 774.04
91.105 774.04
-1
4
94.227 783.112
97.91 783.112
97.91 785.379
94.227 785.379
-1
4
92.266 849.797
96.421 849.797
96.421 850.363
92.266 850.363
-1
4
131.074 783.112
134.762 783.112
134.762 785.379
131.074 785.379
-1
4
120.667 830.734
122.547 830.734
122.547 831.301
120.667 831.301
-1
4
120.667 776.5
128.637 776.5
128.637 777.066
120.667 777.066
-1
4
25.629 803.805
26.195 803.805
26.195 835.554
25.629 835.554
-1
4
61.625 777.441
67.297 777.441
67.297 787.929
61.625 787.929
-1
4
61.059 803.805
61.625 803.805
61.625 835.554
61.059 835.554
-1
4
89.406 802.954
89.973 802.954
89.973 835.554
89.406 835.554
-1
4
124.84 802.954
125.406 802.954
125.406 835.554
124.84 835.554
