-1
4
0.585 653.327
150.45 653.327
150.45 861.306
0.585 861.306
-1
4
35.574 664.27
36.141 664.27
36.141 681.293
35.574 681.293
-1
4
50.004 755.898
52.555 755.898
52.555 757.602
50.004 757.602
-1
4
41.305 687.074
41.871 687.074
41.871 740.629
41.305 740.629
-1
4
65.289 664.61
65.855 664.61
65.855 682.426
65.289 682.426
-1
4
65.313 740.742
65.879 740.742
65.879 749.89
65.313 749.89
-1
4
81.468 750.797
83.172 750.797
83.172 753.348
81.468 753.348
-1
4
75.234 753.914
76.934 753.914
76.934 756.465
75.234 756.465
-1
4
79.484 755.898
82.035 755.898
82.035 757.602
79.484 757.602
-1
4
89.973 729.254
93.66 729.254
93.66 731.521
89.973 731.521
-1
4
94.227 740.593
96.777 740.593
96.777 742.859
94.227 742.859
-1
4
99.352 664.27
103.509 664.27
103.509 664.836
99.352 664.836
-1
4
120.586 750.797
126.258 750.797
126.258 756.465
120.586 756.465
-1
4
111.306 664.27
115.461 664.27
115.461 664.836
111.306 664.836
-1
4
126.824 729.254
130.508 729.254
130.508 731.521
126.824 731.521
-1
4
131.074 740.593
133.629 740.593
133.629 742.859
131.074 742.859
-1
4
29.855 671.695
30.422 671.695
30.422 682.426
29.855 682.426
-1
4
25.117 738.854
25.684 738.854
25.684 747.055
25.117 747.055
-1
4
31.012 753.914
32.715 753.914
32.715 756.465
31.012 756.465
-1
4
35.266 755.898
37.816 755.898
37.816 757.602
35.266 757.602
-1
4
49.746 671.695
50.313 671.695
50.313 686.168
49.746 686.168
-1
4
39.52 742.293
42.066 742.293
42.066 743.993
39.52 743.993
-1
4
44.621 743.426
46.32 743.426
46.32 745.977
44.621 745.977
-1
4
44.098 689.342
44.664 689.342
44.664 738.74
44.098 738.74
-1
4
56.832 671.695
57.398 671.695
57.398 689.228
56.832 689.228
-1
4
61.625 749.664
64.18 749.664
64.18 751.364
61.625 751.364
-1
4
66.73 750.797
68.43 750.797
68.43 753.348
66.73 753.348
-1
4
86.547 671.695
87.113 671.695
87.113 683.558
86.547 683.558
-1
4
95.004 669.867
98.547 669.867
98.547 673.41
95.004 673.41
-1
4
93.637 686.734
105.805 686.734
105.805 687.301
93.637 687.301
-1
4
104.715 753.914
106.415 753.914
106.415 756.465
104.715 756.465
-1
4
100.723 671.695
101.289 671.695
101.289 683.558
100.723 683.558
-1
4
112.082 753.914
113.786 753.914
113.786 756.465
112.082 756.465
-1
8
113.609 741.914
114.176 741.914
114.176 681.066
114.09 681.066
114.09 671.695
113.523 671.695
113.523 681.633
113.609 681.633
-1
4
116.266 669.867
119.809 669.867
119.809 673.41
116.266 673.41
-1
4
125.348 738.854
125.918 738.854
125.918 747.113
125.348 747.113
-1
4
10.039 726.704
15.707 726.704
15.707 737.191
10.039 737.191
-1
4
25.629 679.081
26.195 679.081
26.195 711.679
25.629 711.679
-1
4
23.645 748.246
27.16 748.246
27.16 748.813
23.645 748.813
-1
8
32.934 739.683
33.5 739.683
33.5 681.066
33.281 681.066
33.281 679.081
32.715 679.081
32.715 681.633
32.934 681.633
-1
4
22.511 750.797
24.211 750.797
24.211 753.348
22.511 753.348
-1
4
37.117 683.332
37.684 683.332
37.684 743.993
37.117 743.993
-1
4
35.266 748.527
37.816 748.527
37.816 750.23
35.266 750.23
-1
4
39.801 679.081
40.367 679.081
40.367 683.558
39.801 683.558
-1
4
54.258 749.664
56.809 749.664
56.809 751.364
54.258 751.364
-1
4
50.176 739.797
50.742 739.797
50.742 749.89
50.176 749.89
-1
4
46.887 726.704
52.555 726.704
52.555 737.191
46.887 737.191
-1
4
68.996 742.293
71.547 742.293
71.547 743.993
68.996 743.993
-1
4
72.113 748.527
74.668 748.527
74.668 750.23
72.113 750.23
-1
4
74.02 681.406
74.586 681.406
74.586 743.993
74.02 743.993
-1
4
76.367 742.293
78.918 742.293
78.918 743.993
76.367 743.993
-1
4
81.468 743.426
83.172 743.426
83.172 745.977
81.468 745.977
-1
4
95.004 676.953
98.547 676.953
98.547 680.5
95.004 680.5
-1
4
97.344 748.246
100.859 748.246
100.859 748.813
97.344 748.813
-1
4
91.105 749.664
93.66 749.664
93.66 751.364
91.105 751.364
-1
4
96.21 750.797
97.91 750.797
97.91 753.348
96.21 753.348
-1
4
94.227 755.898
96.777 755.898
96.777 757.602
94.227 757.602
-1
4
105.848 742.293
108.398 742.293
108.398 743.993
105.848 743.993
-1
4
108.965 748.527
111.516 748.527
111.516 750.23
108.965 750.23
-1
4
110.82 682.539
111.387 682.539
111.387 743.993
110.82 743.993
-1
4
116.336 748.527
118.887 748.527
118.887 750.23
116.336 750.23
-1
4
116.402 681.406
116.969 681.406
116.969 740.023
116.402 740.023
-1
4
44.621 750.797
46.32 750.797
46.32 753.348
44.621 753.348
-1
4
26.594 764.742
27.16 764.742
27.16 774.836
26.594 774.836
-1
4
34.066 774.949
34.633 774.949
34.633 833.228
34.066 833.228
-1
4
23.645 761.285
25.344 761.285
25.344 763.836
23.645 763.836
-1
8
36.941 843.277
37.512 843.277
37.512 833
37.426 833
37.426 772.719
36.859 772.719
36.859 833.57
36.941 833.57
-1
4
35.266 763.269
37.816 763.269
37.816 764.969
35.266 764.969
-1
4
51.113 829.602
51.684 829.602
51.684 850.363
51.113 850.363
-1
4
45.754 761.285
47.454 761.285
47.454 763.836
45.754 763.836
-1
4
48.699 763.269
49.27 763.269
49.27 774.23
48.699 774.23
-1
4
43.836 774.949
44.402 774.949
44.402 829.035
43.836 829.035
-1
4
59.57 841.223
63.113 841.223
63.113 844.766
59.57 844.766
-1
4
60.492 761.285
62.192 761.285
62.192 763.836
60.492 763.836
-1
4
59.57 848.309
63.113 848.309
63.113 851.852
59.57 851.852
-1
4
74.101 758.168
75.801 758.168
75.801 760.719
74.101 760.719
-1
4
67.863 761.285
69.563 761.285
69.563 763.836
67.863 763.836
-1
4
72.113 763.269
74.668 763.269
74.668 764.969
72.113 764.969
-1
4
65.289 832.207
65.855 832.207
65.855 850.023
65.289 850.023
-1
4
83.738 758.168
89.406 758.168
89.406 763.836
83.738 763.836
-1
4
86.547 831.074
87.113 831.074
87.113 842.937
86.547 842.937
-1
4
97.344 761.285
99.044 761.285
99.044 763.836
97.344 763.836
-1
4
101.594 763.269
104.148 763.269
104.148 764.969
101.594 764.969
-1
4
109.164 774.004
109.73 774.004
109.73 827.558
109.164 827.558
-1
4
99.352 827.672
99.918 827.672
99.918 850.023
99.352 850.023
-1
4
118.32 758.168
120.02 758.168
120.02 760.719
118.32 760.719
-1
4
112.082 761.285
113.786 761.285
113.786 763.836
112.082 763.836
-1
4
113.523 832.207
114.09 832.207
114.09 843.277
113.523 843.277
-1
4
116.266 834.137
119.809 834.137
119.809 837.68
116.266 837.68
-1
4
127.957 757.035
130.508 757.035
130.508 758.735
127.957 758.735
-1
4
126.824 761.285
128.524 761.285
128.524 763.836
126.824 763.836
-1
4
131.074 763.269
133.629 763.269
133.629 764.969
131.074 764.969
-1
4
39.52 764.402
42.066 764.402
42.066 766.102
39.52 766.102
-1
4
44.621 765.535
46.32 765.535
46.32 768.09
44.621 768.09
-1
4
42.637 770.64
45.188 770.64
45.188 772.34
42.637 772.34
-1
4
39.648 770.64
40.215 770.64
40.215 832.094
39.648 832.094
-1
4
54.258 764.402
56.809 764.402
56.809 766.102
54.258 766.102
-1
4
53.125 768.656
54.825 768.656
54.825 771.207
53.125 771.207
-1
4
67.863 768.656
69.563 768.656
69.563 771.207
67.863 771.207
-1
4
72.113 770.64
74.668 770.64
74.668 772.34
72.113 772.34
-1
4
76.367 764.402
78.918 764.402
78.918 766.102
76.367 766.102
-1
4
81.468 765.535
83.172 765.535
83.172 768.09
81.468 768.09
-1
4
79.484 770.64
82.035 770.64
82.035 772.34
79.484 772.34
-1
4
76.449 770.64
77.016 770.64
77.016 833.228
76.449 833.228
-1
4
98.816 767.238
99.387 767.238
99.387 776.121
98.816 776.121
-1
4
93.637 825.066
106.938 825.066
106.938 825.633
93.637 825.633
-1
4
102.09 834.137
105.637 834.137
105.637 837.68
102.09 837.68
-1
4
102.09 841.223
105.637 841.223
105.637 844.766
102.09 844.766
-1
4
105.848 764.402
108.398 764.402
108.398 766.102
105.848 766.102
-1
4
104.715 768.656
106.415 768.656
106.415 771.207
104.715 771.207
-1
4
108.965 770.64
111.516 770.64
111.516 772.34
108.965 772.34
-1
4
116.336 770.64
118.887 770.64
118.887 772.34
116.336 772.34
-1
4
110.668 831.074
111.234 831.074
111.234 835.554
110.668 835.554
-1
4
126.824 768.656
128.524 768.656
128.524 771.207
126.824 771.207
-1
4
131.074 770.64
133.629 770.64
133.629 772.34
131.074 772.34
-1
4
118.93 775.895
119.496 775.895
119.496 832.094
118.93 832.094
-1
4
17.406 772.906
24.211 772.906
24.211 784.246
17.406 784.246
-1
4
28.488 831.074
29.055 831.074
29.055 850.363
28.488 850.363
-1
4
46.625 826.199
58.77 826.199
58.77 826.766
46.625 826.766
-1
4
57.375 783.112
61.059 783.112
61.059 785.379
57.375 785.379
-1
4
54.612 849.797
58.43 849.797
58.43 850.363
54.612 850.363
-1
4
91.105 771.773
93.66 771.773
93.66 774.04
91.105 774.04
-1
4
94.227 783.112
97.91 783.112
97.91 785.379
94.227 785.379
-1
4
59.57 834.137
63.113 834.137
63.113 837.68
59.57 837.68
