-1
4
0.585 653.327
150.45 653.327
150.45 861.306
0.585 861.306
-1
4
28.828 683.332
30.707 683.332
30.707 683.898
28.828 683.898
-1
4
28.828 664.27
32.644 664.27
32.644 664.836
28.828 664.836
-1
4
16.273 729.254
19.957 729.254
19.957 731.521
16.273 731.521
-1
4
22.398 737.57
30.707 737.57
30.707 738.137
22.398 738.137
-1
4
20.523 740.593
23.078 740.593
23.078 742.859
20.523 742.859
-1
4
34.328 681.066
36.141 681.066
36.141 681.633
34.328 681.633
-1
4
28.066 740.402
34.895 740.402
34.895 740.969
28.066 740.969
-1
4
27.895 755.898
30.445 755.898
30.445 757.602
27.895 757.602
-1
4
41.305 740.402
48.927 740.402
48.927 740.969
41.305 740.969
-1
4
54.612 664.27
58.43 664.27
58.43 664.836
54.612 664.836
-1
4
45.832 690.137
58.43 690.137
58.43 690.703
45.832 690.703
-1
4
61.696 664.27
65.855 664.27
65.855 664.836
61.696 664.836
-1
4
85.18 664.27
89.335 664.27
89.335 664.836
85.18 664.836
-1
4
99.352 684.465
108.255 684.465
108.255 685.035
99.352 685.035
-1
4
101.766 740.402
108.255 740.402
108.255 740.969
101.766 740.969
-1
4
98.477 749.664
101.027 749.664
101.027 751.364
98.477 751.364
-1
4
115.346 740.402
122.969 740.402
122.969 740.969
115.346 740.969
-1
4
119.453 753.914
121.153 753.914
121.153 756.465
119.453 756.465
-1
4
118.392 664.27
122.207 664.27
122.207 664.836
118.392 664.836
-1
4
119.531 683.332
122.207 683.332
122.207 683.898
119.531 683.898
-1
4
119.531 737.57
127.504 737.57
127.504 738.137
119.531 738.137
-1
4
29.855 671.355
32.644 671.355
32.644 671.922
29.855 671.922
-1
4
20.523 748.527
23.078 748.527
23.078 750.23
20.523 750.23
-1
4
37.284 671.355
39.73 671.355
39.73 671.922
37.284 671.922
-1
4
46.887 679.081
47.453 679.081
47.453 684.693
46.887 684.693
-1
4
38.383 746.547
40.087 746.547
40.087 749.094
38.383 749.094
-1
4
44.621 747.535
47.793 747.535
47.793 748.105
44.621 748.105
-1
4
54.258 742.293
56.809 742.293
56.809 743.993
54.258 743.993
-1
4
59.359 743.426
61.059 743.426
61.059 745.977
59.359 745.977
-1
4
51.648 746.828
53.805 746.828
53.805 747.395
51.648 747.395
-1
4
61.696 671.355
64.484 671.355
64.484 671.922
61.696 671.922
-1
4
63.918 683.332
69.387 683.332
69.387 683.898
63.918 683.898
-1
4
81.309 683.332
87.113 683.332
87.113 683.898
81.309 683.898
-1
4
81.309 738.988
87.988 738.988
87.988 739.555
81.309 739.555
-1
4
99.159 738.512
105.805 738.512
105.805 739.082
99.159 739.082
-1
4
96.21 746.828
99.044 746.828
99.044 747.395
96.21 747.395
-1
4
119.793 747.68
121.496 747.68
121.496 748.246
119.793 748.246
-1
4
131.074 748.527
133.629 748.527
133.629 750.23
131.074 750.23
-1
4
37.457 683.332
40.367 683.332
40.367 683.898
37.457 683.898
-1
4
53.973 679.081
54.543 679.081
54.543 688.434
53.973 688.434
-1
4
53.125 753.914
54.825 753.914
54.825 756.465
53.125 756.465
-1
4
57.375 755.898
59.926 755.898
59.926 757.602
57.375 757.602
-1
4
61.059 679.081
61.625 679.081
61.625 711.679
61.059 711.679
-1
4
68.148 679.081
68.715 679.081
68.715 681.293
68.148 681.293
-1
4
67.863 746.547
69.563 746.547
69.563 749.094
67.863 749.094
-1
4
82.32 679.081
82.887 679.081
82.887 681.293
82.32 681.293
-1
4
79.484 748.527
82.035 748.527
82.035 750.23
79.484 750.23
-1
4
83.738 726.704
89.406 726.704
89.406 737.191
83.738 737.191
-1
4
89.406 679.081
89.973 679.081
89.973 710.828
89.406 710.828
-1
4
89.973 753.914
91.672 753.914
91.672 756.465
89.973 756.465
-1
4
110.949 743.426
112.652 743.426
112.652 745.977
110.949 745.977
-1
4
104.715 746.547
106.415 746.547
106.415 749.094
104.715 749.094
-1
4
110.668 681.066
112.781 681.066
112.781 681.633
110.668 681.633
-1
4
116.402 681.066
118.32 681.066
118.32 681.633
116.402 681.633
-1
4
123.875 749.664
128.977 749.664
128.977 750.23
123.875 750.23
-1
4
16.273 761.285
17.973 761.285
17.973 763.836
16.273 763.836
-1
4
22.056 764.402
27.16 764.402
27.16 764.969
22.056 764.969
-1
4
28.406 773.664
36.027 773.664
36.027 774.23
28.406 774.23
-1
4
32.148 757.035
34.699 757.035
34.699 758.735
32.148 758.735
-1
4
37.249 758.168
38.949 758.168
38.949 760.719
37.249 760.719
-1
4
29.539 766.387
31.24 766.387
31.24 766.953
29.539 766.953
-1
4
41.043 830.734
50.313 830.734
50.313 831.301
41.043 831.301
-1
4
41.383 772.719
47.453 772.719
47.453 773.285
41.383 773.285
-1
4
46.887 757.035
49.438 757.035
49.438 758.735
46.887 758.735
-1
4
53.125 762.816
53.691 762.816
53.691 766.047
53.125 766.047
-1
4
61.625 757.035
64.18 757.035
64.18 758.735
61.625 758.735
-1
4
66.73 758.168
68.43 758.168
68.43 760.719
66.73 760.719
-1
4
81.468 758.168
83.172 758.168
83.172 760.719
81.468 760.719
-1
4
81.015 764.402
85.723 764.402
85.723 764.969
81.015 764.969
-1
4
100.293 774.609
108.332 774.609
108.332 775.176
100.293 775.176
-1
4
95.757 764.402
100.859 764.402
100.859 764.969
95.757 764.969
-1
4
96.492 826.539
97.059 826.539
97.059 835.554
96.492 835.554
-1
4
103.581 758.168
105.281 758.168
105.281 760.719
103.581 760.719
-1
4
113.219 757.035
115.77 757.035
115.77 758.735
113.219 758.735
-1
4
117.867 764.402
121.496 764.402
121.496 764.969
117.867 764.969
-1
4
114.895 833
116.707 833
116.707 833.57
114.895 833.57
-1
4
123.707 763.269
126.258 763.269
126.258 764.969
123.707 764.969
-1
4
116.141 773.664
122.629 773.664
122.629 774.23
116.141 774.23
-1
4
133.062 758.168
134.762 758.168
134.762 760.719
133.062 760.719
-1
4
29.855 831.867
33.238 831.867
33.238 832.434
29.855 832.434
-1
4
23.531 767.523
25.684 767.523
25.684 768.09
23.531 768.09
-1
4
38.254 833
40.367 833
40.367 833.57
38.254 833.57
-1
4
38.383 768.656
40.087 768.656
40.087 771.207
38.383 771.207
-1
4
59.359 765.535
61.059 765.535
61.059 768.09
59.359 768.09
-1
4
51.988 767.238
54.825 767.238
54.825 767.805
51.988 767.805
-1
4
45.57 827.332
57.398 827.332
57.398 827.898
45.57 827.898
-1
4
45.57 775.555
51.875 775.555
51.875 776.121
45.57 776.121
-1
4
68.996 764.402
71.547 764.402
71.547 766.102
68.996 766.102
-1
4
68.148 833.342
68.715 833.342
68.715 835.554
68.148 835.554
-1
4
82.32 833.342
82.887 833.342
82.887 835.554
82.32 835.554
-1
4
91.105 764.402
93.66 764.402
93.66 766.102
91.105 766.102
-1
4
103.582 829.942
104.148 829.942
104.148 835.554
103.582 835.554
-1
4
110.668 830.734
113.576 830.734
113.576 831.301
110.668 831.301
-1
4
118.93 831.867
121.18 831.867
121.18 832.434
118.93 832.434
-1
4
118.93 775.555
125.576 775.555
125.576 776.121
118.93 776.121
-1
4
125.69 767.238
128.524 767.238
128.524 767.805
125.69 767.805
-1
4
28.828 849.797
32.644 849.797
32.644 850.363
28.828 850.363
-1
4
118.392 849.797
122.207 849.797
122.207 850.363
118.392 850.363
-1
4
98.477 777.441
104.148 777.441
104.148 787.929
98.477 787.929
-1
4
89.406 802.954
89.973 802.954
89.973 835.554
89.406 835.554
-1
4
135.328 777.441
140.996 777.441
140.996 787.929
135.328 787.929
-1
4
124.84 802.954
125.406 802.954
125.406 835.554
124.84 835.554
