-1
4
0.585 653.327
150.45 653.327
150.45 861.306
0.585 861.306
-1
4
28.658 683.332
30.707 683.332
30.707 683.898
28.658 683.898
-1
4
28.658 664.27
33.707 664.27
33.707 664.836
28.658 664.836
-1
4
16.273 729.254
19.957 729.254
19.957 738.325
16.273 738.325
-1
4
18.314 737.57
30.707 737.57
30.707 738.137
18.314 738.137
-1
4
34.328 681.066
36.141 681.066
36.141 681.633
34.328 681.633
-1
4
28.066 740.402
34.895 740.402
34.895 740.969
28.066 740.969
-1
4
24.777 749.664
27.328 749.664
27.328 754.765
24.777 754.765
-1
4
23.645 753.914
28.745 753.914
28.745 756.465
23.645 756.465
-1
4
27.895 752.497
30.445 752.497
30.445 757.602
27.895 757.602
-1
4
35.744 664.27
40.792 664.27
40.792 664.836
35.744 664.836
-1
4
41.305 686.734
51.513 686.734
51.513 687.301
41.305 687.301
-1
4
46.461 664.27
51.513 664.27
51.513 664.836
46.461 664.836
-1
4
41.305 740.402
49.099 740.402
49.099 740.969
41.305 740.969
-1
4
45.754 753.914
50.855 753.914
50.855 756.465
45.754 756.465
-1
4
50.004 752.497
52.555 752.497
52.555 757.602
50.004 757.602
-1
4
53.548 664.27
58.6 664.27
58.6 664.836
53.548 664.836
-1
4
45.662 690.137
58.6 690.137
58.6 690.703
45.662 690.703
-1
4
57.375 733.789
59.926 733.789
59.926 742.859
57.375 742.859
-1
4
45.662 737.57
57.886 737.57
57.886 738.137
45.662 738.137
-1
4
65.289 682.199
72.156 682.199
72.156 682.766
65.289 682.766
-1
4
65.313 740.402
72.156 740.402
72.156 740.969
65.313 740.969
-1
4
60.633 664.27
65.855 664.27
65.855 664.836
60.633 664.836
-1
4
65.313 749.664
70.782 749.664
70.782 750.23
65.313 750.23
-1
4
70.698 750.797
75.801 750.797
75.801 753.348
70.698 753.348
-1
4
67.863 753.914
72.966 753.914
72.966 756.465
67.863 756.465
-1
4
72.113 752.497
74.668 752.497
74.668 757.602
72.113 757.602
-1
4
78.879 682.199
85.746 682.199
85.746 682.766
78.879 682.766
-1
4
82.602 747.535
85.723 747.535
85.723 748.105
82.602 748.105
-1
4
85.18 664.27
90.398 664.27
90.398 664.836
85.18 664.836
-1
4
76.367 749.664
78.918 749.664
78.918 754.765
76.367 754.765
-1
4
75.234 753.914
80.335 753.914
80.335 756.465
75.234 756.465
-1
4
79.484 752.497
82.035 752.497
82.035 757.602
79.484 757.602
-1
4
92.266 664.27
97.484 664.27
97.484 664.836
92.266 664.836
-1
4
92.266 687.867
104.239 687.867
104.239 688.434
92.266 688.434
-1
4
89.973 729.254
93.66 729.254
93.66 738.325
89.973 738.325
-1
4
92.014 737.57
104.239 737.57
104.239 738.137
92.014 738.137
-1
4
99.352 664.27
104.573 664.27
104.573 664.836
99.352 664.836
-1
4
99.352 684.465
108.427 684.465
108.427 685.035
99.352 685.035
-1
4
98.477 749.664
101.027 749.664
101.027 754.765
98.477 754.765
-1
4
97.344 753.914
102.447 753.914
102.447 756.465
97.344 756.465
-1
4
101.594 752.497
104.148 752.497
104.148 757.602
101.594 757.602
-1
4
110.243 664.27
115.461 664.27
115.461 664.836
110.243 664.836
-1
4
122.288 750.797
127.391 750.797
127.391 753.348
122.288 753.348
-1
4
123.707 752.497
126.258 752.497
126.258 757.602
123.707 757.602
-1
4
117.329 664.27
122.377 664.27
122.377 664.836
117.329 664.836
-1
4
119.361 683.332
122.377 683.332
122.377 683.898
119.361 683.898
-1
4
131.074 733.789
133.629 733.789
133.629 742.859
131.074 742.859
-1
4
119.361 737.57
131.588 737.57
131.588 738.137
119.361 738.137
-1
4
29.855 682.199
32.105 682.199
32.105 682.766
29.855 682.766
-1
4
29.855 671.355
33.707 671.355
33.707 671.922
29.855 671.922
-1
4
19.108 743.426
24.211 743.426
24.211 745.977
19.108 745.977
-1
4
16.273 746.547
21.376 746.547
21.376 749.094
16.273 749.094
-1
4
19.108 746.828
25.684 746.828
25.684 747.395
19.108 747.395
-1
4
37.112 671.355
40.792 671.355
40.792 671.922
37.112 671.922
-1
4
35.894 682.199
37.341 682.199
37.341 682.766
35.894 682.766
-1
4
29.539 749.664
33.934 749.664
33.934 750.23
29.539 750.23
-1
4
33.848 750.797
38.949 750.797
38.949 753.348
33.848 753.348
-1
4
31.012 753.914
36.116 753.914
36.116 756.465
31.012 756.465
-1
4
35.266 752.497
37.816 752.497
37.816 757.602
35.266 757.602
-1
4
46.461 671.355
50.313 671.355
50.313 671.922
46.461 671.922
-1
4
46.887 678.017
47.453 678.017
47.453 684.864
46.887 684.864
-1
4
40.08 685.602
50.143 685.602
50.143 686.168
40.08 686.168
-1
4
39.52 742.293
42.066 742.293
42.066 747.394
39.52 747.394
-1
4
41.22 743.426
46.32 743.426
46.32 745.977
41.22 745.977
-1
4
38.383 746.547
43.488 746.547
43.488 749.094
38.383 749.094
-1
4
47.227 741.518
47.793 741.518
47.793 747.934
47.227 747.934
-1
4
44.098 689
57.398 689
57.398 689.57
44.098 689.57
-1
4
53.548 671.355
57.398 671.355
57.398 671.922
53.548 671.922
-1
4
55.958 743.426
61.059 743.426
61.059 745.977
55.958 745.977
-1
4
57.375 745.126
59.926 745.126
59.926 750.23
57.375 750.23
-1
4
51.648 746.828
56.695 746.828
56.695 747.395
51.648 747.395
-1
4
63.043 738.512
69.727 738.512
69.727 739.082
63.043 739.082
-1
4
60.633 671.355
64.484 671.355
64.484 671.922
60.633 671.922
-1
4
63.918 683.332
69.557 683.332
69.557 683.898
63.918 683.898
-1
4
63.327 750.797
68.43 750.797
68.43 753.348
63.327 753.348
-1
4
60.492 753.914
65.595 753.914
65.595 756.465
60.492 756.465
-1
4
64.746 752.497
67.297 752.497
67.297 757.602
64.746 757.602
-1
4
81.309 683.332
87.113 683.332
87.113 683.898
81.309 683.898
-1
4
81.309 738.988
87.988 738.988
87.988 739.555
81.309 739.555
-1
4
86.547 671.355
90.398 671.355
90.398 671.922
86.547 671.922
-1
4
83.738 749.664
86.289 749.664
86.289 754.765
83.738 754.765
-1
4
82.602 753.914
87.706 753.914
87.706 756.465
82.602 756.465
-1
4
86.855 752.497
89.406 752.497
89.406 757.602
86.855 757.602
-1
4
93.637 686.734
105.805 686.734
105.805 687.301
93.637 687.301
-1
4
93.637 671.355
97.484 671.355
97.484 671.922
93.637 671.922
-1
4
92.807 743.426
97.91 743.426
97.91 745.977
92.807 745.977
-1
4
89.973 746.547
95.075 746.547
95.075 749.094
89.973 749.094
-1
4
92.807 746.828
99.216 746.828
99.216 747.395
92.807 747.395
-1
4
100.723 683.332
109.988 683.332
109.988 683.898
100.723 683.898
-1
4
100.723 671.355
104.573 671.355
104.573 671.922
100.723 671.922
-1
4
107.548 750.797
112.652 750.797
112.652 753.348
107.548 753.348
-1
4
104.715 753.914
109.816 753.914
109.816 756.465
104.715 756.465
-1
4
108.965 752.497
111.516 752.497
111.516 757.602
108.965 757.602
-1
4
103.409 749.664
107.633 749.664
107.633 750.23
103.409 750.23
-1
4
110.243 671.355
114.09 671.355
114.09 671.922
110.243 671.922
-1
4
119.623 747.68
121.496 747.68
121.496 748.246
119.623 748.246
-1
4
113.219 749.664
115.77 749.664
115.77 754.765
113.219 754.765
-1
4
112.082 753.914
117.187 753.914
117.187 756.465
112.082 756.465
-1
4
116.336 752.497
118.887 752.497
118.887 757.602
116.336 757.602
-1
4
117.797 682.199
121.18 682.199
121.18 682.766
117.797 682.766
-1
4
117.329 671.355
121.18 671.355
121.18 671.922
117.329 671.922
-1
4
127.957 742.293
130.508 742.293
130.508 747.394
127.957 747.394
-1
4
129.659 743.426
134.762 743.426
134.762 745.977
129.659 745.977
-1
4
131.074 745.126
133.629 745.126
133.629 750.23
131.074 750.23
-1
4
125.519 746.547
130.396 746.547
130.396 747.113
125.519 747.113
-1
4
10.039 714.797
15.707 714.797
15.707 737.191
10.039 737.191
-1
4
26.025 688.151
25.799 688.151
25.799 718.553
26.025 718.553
-1
4
31.227 676.953
34.77 676.953
34.77 680.5
31.227 680.5
-1
4
23.645 748.246
27.16 748.246
27.16 748.813
23.645 748.813
-1
4
17.406 749.664
19.957 749.664
19.957 754.765
17.406 754.765
-1
4
16.273 753.914
21.376 753.914
21.376 756.465
16.273 756.465
-1
4
20.523 752.497
23.078 752.497
23.078 757.602
20.523 757.602
-1
4
37.287 683.332
40.367 683.332
40.367 683.898
37.287 683.898
-1
4
32.148 742.293
34.699 742.293
34.699 747.394
32.148 747.394
-1
4
33.848 743.426
38.949 743.426
38.949 745.977
33.848 745.977
-1
4
31.012 746.547
36.116 746.547
36.116 749.094
31.012 749.094
-1
4
35.266 745.126
37.816 745.126
37.816 750.23
35.266 750.23
-1
4
53.973 678.017
54.543 678.017
54.543 688.434
53.973 688.434
-1
4
50.176 749.664
56.044 749.664
56.044 750.23
50.176 750.23
-1
4
55.958 750.797
61.059 750.797
61.059 753.348
55.958 753.348
-1
4
53.125 753.914
58.226 753.914
58.226 756.465
53.125 756.465
-1
4
57.375 752.497
59.926 752.497
59.926 757.602
57.375 757.602
-1
4
61.455 688.151
61.229 688.151
61.229 718.553
61.455 718.553
-1
4
68.148 678.017
68.715 678.017
68.715 681.463
68.148 681.463
-1
4
68.996 742.293
71.547 742.293
71.547 747.394
68.996 747.394
-1
4
70.698 743.426
75.801 743.426
75.801 745.977
70.698 745.977
-1
4
67.863 746.547
72.966 746.547
72.966 749.094
67.863 749.094
-1
4
72.113 745.126
74.668 745.126
74.668 750.23
72.113 750.23
-1
4
82.32 678.017
82.887 678.017
82.887 681.463
82.32 681.463
-1
4
76.367 742.293
78.918 742.293
78.918 747.394
76.367 747.394
-1
4
78.067 743.426
83.172 743.426
83.172 745.977
78.067 745.977
-1
4
75.234 746.547
80.335 746.547
80.335 749.094
75.234 749.094
-1
4
79.484 745.126
82.035 745.126
82.035 750.23
79.484 750.23
-1
4
83.738 714.797
89.406 714.797
89.406 737.191
83.738 737.191
-1
4
89.803 686.961
89.576 686.961
89.576 713.791
89.803 713.791
-1
4
100.293 739.457
107.199 739.457
107.199 740.023
100.293 740.023
-1
4
97.344 748.246
100.859 748.246
100.859 748.813
97.344 748.813
-1
4
96.492 678.017
97.059 678.017
97.059 686.168
96.492 686.168
-1
4
91.105 749.664
93.66 749.664
93.66 754.765
91.105 754.765
-1
4
89.973 753.914
95.075 753.914
95.075 756.465
89.973 756.465
-1
4
94.227 752.497
96.777 752.497
96.777 757.602
94.227 757.602
-1
4
103.582 678.017
104.148 678.017
104.148 682.596
103.582 682.596
-1
4
105.848 742.293
108.398 742.293
108.398 747.394
105.848 747.394
-1
4
107.548 743.426
112.652 743.426
112.652 745.977
107.548 745.977
-1
4
104.715 746.547
109.816 746.547
109.816 749.094
104.715 749.094
-1
4
108.965 745.126
111.516 745.126
111.516 750.23
108.965 750.23
-1
4
110.668 681.066
112.781 681.066
112.781 681.633
110.668 681.633
-1
4
113.219 742.293
115.77 742.293
115.77 747.394
113.219 747.394
-1
4
114.919 743.426
120.02 743.426
120.02 745.977
114.919 745.977
-1
4
112.082 746.547
117.187 746.547
117.187 749.094
112.082 749.094
-1
4
116.336 745.126
118.887 745.126
118.887 750.23
116.336 750.23
-1
4
116.402 681.066
118.32 681.066
118.32 681.633
116.402 681.633
-1
4
116.572 739.457
124.441 739.457
124.441 740.023
116.572 740.023
-1
4
123.875 749.664
129.743 749.664
129.743 750.23
123.875 750.23
-1
4
129.659 750.797
134.762 750.797
134.762 753.348
129.659 753.348
-1
4
126.824 753.914
131.927 753.914
131.927 756.465
126.824 756.465
-1
4
131.074 752.497
133.629 752.497
133.629 757.602
131.074 757.602
-1
4
125.236 686.961
125.01 686.961
125.01 713.791
125.236 713.791
-1
4
39.52 749.664
42.066 749.664
42.066 754.765
39.52 754.765
-1
4
41.22 750.797
46.32 750.797
46.32 753.348
41.22 753.348
-1
4
38.383 753.914
43.488 753.914
43.488 756.465
38.383 756.465
-1
4
32.715 833
34.633 833
34.633 833.57
32.715 833.57
-1
4
17.406 757.035
19.957 757.035
19.957 762.136
17.406 762.136
-1
4
19.108 758.168
24.211 758.168
24.211 760.719
19.108 760.719
-1
4
16.273 761.285
21.376 761.285
21.376 763.836
16.273 763.836
-1
4
21.29 764.402
27.16 764.402
27.16 764.969
21.29 764.969
-1
4
24.777 757.035
27.328 757.035
27.328 762.136
24.777 762.136
-1
4
26.477 758.168
31.582 758.168
31.582 760.719
26.477 760.719
-1
4
23.645 761.285
28.745 761.285
28.745 763.836
23.645 763.836
-1
4
28.236 773.664
36.027 773.664
36.027 774.23
28.236 774.23
-1
4
35.744 849.797
40.792 849.797
40.792 850.363
35.744 850.363
-1
4
32.148 757.035
34.699 757.035
34.699 762.136
32.148 762.136
-1
4
33.848 758.168
38.949 758.168
38.949 760.719
33.848 760.719
-1
4
35.266 759.868
37.816 759.868
37.816 764.969
35.266 764.969
-1
4
29.539 766.387
31.411 766.387
31.411 766.953
29.539 766.953
-1
4
37.112 842.711
40.792 842.711
40.792 843.277
37.112 843.277
-1
4
41.043 830.734
50.313 830.734
50.313 831.301
41.043 831.301
-1
4
39.52 757.035
42.066 757.035
42.066 762.136
39.52 762.136
-1
4
41.22 758.168
46.32 758.168
46.32 760.719
41.22 760.719
-1
4
38.383 761.285
43.488 761.285
43.488 763.836
38.383 763.836
-1
4
43.402 764.402
47.793 764.402
47.793 764.969
43.402 764.969
-1
4
46.461 842.711
50.143 842.711
50.143 843.277
46.461 843.277
-1
4
46.887 757.035
49.438 757.035
49.438 762.136
46.887 762.136
-1
4
48.587 758.168
53.691 758.168
53.691 760.719
48.587 760.719
-1
4
50.004 759.868
52.555 759.868
52.555 764.969
50.004 764.969
-1
4
42.438 773.664
49.099 773.664
49.099 774.23
42.438 774.23
-1
4
42.438 829.602
51.513 829.602
51.513 830.168
42.438 830.168
-1
4
46.461 849.797
51.513 849.797
51.513 850.363
46.461 850.363
-1
4
50.176 765.82
53.691 765.82
53.691 766.387
50.176 766.387
-1
4
54.258 757.035
56.809 757.035
56.809 762.136
54.258 762.136
-1
4
55.958 758.168
61.059 758.168
61.059 760.719
55.958 760.719
-1
4
57.375 759.868
59.926 759.868
59.926 764.969
57.375 764.969
-1
4
53.973 828.469
54.543 828.469
54.543 836.617
53.973 836.617
-1
4
63.918 830.734
69.727 830.734
69.727 831.301
63.918 831.301
-1
4
61.625 757.035
64.18 757.035
64.18 762.136
61.625 762.136
-1
4
63.327 758.168
68.43 758.168
68.43 760.719
63.327 760.719
-1
4
64.746 759.868
67.297 759.868
67.297 764.969
64.746 764.969
-1
4
60.633 842.711
64.484 842.711
64.484 843.277
60.633 843.277
-1
4
63.214 775.082
69.557 775.082
69.557 775.648
63.214 775.648
-1
4
65.313 766.527
68.43 766.527
68.43 767.094
65.313 767.094
-1
4
65.289 831.867
72.156 831.867
72.156 832.434
65.289 832.434
-1
4
68.996 757.035
71.547 757.035
71.547 762.136
68.996 762.136
-1
4
70.698 758.168
75.801 758.168
75.801 760.719
70.698 760.719
-1
4
72.113 759.868
74.668 759.868
74.668 764.969
72.113 764.969
-1
4
60.633 849.797
65.855 849.797
65.855 850.363
60.633 850.363
-1
4
78.879 831.867
85.746 831.867
85.746 832.434
78.879 832.434
-1
4
76.367 757.035
78.918 757.035
78.918 762.136
76.367 762.136
-1
4
78.067 758.168
83.172 758.168
83.172 760.719
78.067 760.719
-1
4
75.234 761.285
80.335 761.285
80.335 763.836
75.234 763.836
-1
4
80.249 764.402
85.723 764.402
85.723 764.969
80.249 764.969
-1
4
78.879 773.664
85.553 773.664
85.553 774.23
78.879 774.23
-1
4
85.18 849.797
90.398 849.797
90.398 850.363
85.18 850.363
-1
4
81.309 775.555
87.988 775.555
87.988 776.121
81.309 776.121
-1
4
81.309 830.734
87.113 830.734
87.113 831.301
81.309 831.301
-1
4
83.738 757.035
86.289 757.035
86.289 762.136
83.738 762.136
-1
4
85.438 758.168
90.539 758.168
90.539 760.719
85.438 760.719
-1
4
82.602 761.285
87.706 761.285
87.706 763.836
82.602 763.836
-1
4
86.547 842.711
90.398 842.711
90.398 843.277
86.547 843.277
-1
4
91.105 757.035
93.66 757.035
93.66 762.136
91.105 762.136
-1
4
92.807 758.168
97.91 758.168
97.91 760.719
92.807 760.719
-1
4
89.973 761.285
95.075 761.285
95.075 763.836
89.973 763.836
-1
4
94.992 764.402
100.859 764.402
100.859 764.969
94.992 764.969
-1
4
96.492 826.369
97.059 826.369
97.059 836.617
96.492 836.617
-1
4
101.766 773.664
109.73 773.664
109.73 774.23
101.766 774.23
-1
4
99.352 827.332
109.73 827.332
109.73 827.898
99.352 827.898
-1
4
100.178 758.168
105.281 758.168
105.281 760.719
100.178 760.719
-1
4
97.344 761.285
102.447 761.285
102.447 763.836
97.344 763.836
-1
4
99.352 849.797
104.573 849.797
104.573 850.363
99.352 850.363
-1
4
105.848 757.035
108.398 757.035
108.398 762.136
105.848 762.136
-1
4
107.548 758.168
112.652 758.168
112.652 760.719
107.548 760.719
-1
4
104.715 761.285
109.816 761.285
109.816 763.836
104.715 763.836
-1
4
108.965 759.868
111.516 759.868
111.516 764.969
108.965 764.969
-1
4
113.523 831.867
115.309 831.867
115.309 832.434
113.523 832.434
-1
4
113.219 757.035
115.77 757.035
115.77 762.136
113.219 762.136
-1
4
114.919 758.168
120.02 758.168
120.02 760.719
114.919 760.719
-1
4
112.082 761.285
117.187 761.285
117.187 763.836
112.082 763.836
-1
4
117.101 764.402
121.496 764.402
121.496 764.969
117.101 764.969
-1
4
110.243 842.711
113.92 842.711
113.92 843.277
110.243 843.277
-1
4
114.895 833
116.707 833
116.707 833.57
114.895 833.57
-1
4
120.586 757.035
123.137 757.035
123.137 762.136
120.586 762.136
-1
4
122.288 758.168
127.391 758.168
127.391 760.719
122.288 760.719
-1
4
123.707 759.868
126.258 759.868
126.258 764.969
123.707 764.969
-1
4
116.141 773.664
122.799 773.664
122.799 774.23
116.141 774.23
-1
4
110.243 849.797
115.461 849.797
115.461 850.363
110.243 850.363
-1
4
127.957 757.035
130.508 757.035
130.508 762.136
127.957 762.136
-1
4
129.659 758.168
134.762 758.168
134.762 760.719
129.659 760.719
-1
4
131.074 759.868
133.629 759.868
133.629 764.969
131.074 764.969
-1
4
123.875 765.82
127.221 765.82
127.221 766.387
123.875 766.387
-1
4
29.855 831.867
33.238 831.867
33.238 832.434
29.855 832.434
-1
4
17.406 764.402
19.957 764.402
19.957 769.505
17.406 769.505
-1
4
16.273 768.656
21.376 768.656
21.376 771.207
16.273 771.207
-1
4
20.523 767.237
23.078 767.237
23.078 772.34
20.523 772.34
-1
4
20.639 767.523
25.684 767.523
25.684 768.09
20.639 768.09
-1
4
30.025 842.711
33.707 842.711
33.707 843.277
30.025 843.277
-1
4
38.254 833
40.367 833
40.367 833.57
38.254 833.57
-1
4
32.148 764.402
34.699 764.402
34.699 769.505
32.148 769.505
-1
4
33.848 765.535
38.949 765.535
38.949 768.09
33.848 768.09
-1
4
31.012 768.656
36.116 768.656
36.116 771.207
31.012 771.207
-1
4
35.266 767.237
37.816 767.237
37.816 772.34
35.266 772.34
-1
4
39.52 764.402
42.066 764.402
42.066 769.505
39.52 769.505
-1
4
41.22 765.535
46.32 765.535
46.32 768.09
41.22 768.09
-1
4
38.383 768.656
43.488 768.656
43.488 771.207
38.383 771.207
-1
4
42.637 767.237
45.188 767.237
45.188 772.34
42.637 772.34
-1
4
46.887 832.037
47.453 832.037
47.453 836.617
46.887 836.617
-1
4
55.958 765.535
61.059 765.535
61.059 768.09
55.958 768.09
-1
4
53.125 768.656
58.226 768.656
58.226 771.207
53.125 771.207
-1
4
57.375 767.237
59.926 767.237
59.926 772.34
57.375 772.34
-1
4
51.818 767.238
58.226 767.238
58.226 767.805
51.818 767.805
-1
4
45.4 827.332
57.398 827.332
57.398 827.898
45.4 827.898
-1
4
45.4 775.555
52.045 775.555
52.045 776.121
45.4 776.121
-1
4
53.548 842.711
57.398 842.711
57.398 843.277
53.548 843.277
-1
4
68.996 764.402
71.547 764.402
71.547 769.505
68.996 769.505
-1
4
70.698 765.535
75.801 765.535
75.801 768.09
70.698 768.09
-1
4
67.863 768.656
72.966 768.656
72.966 771.207
67.863 771.207
-1
4
72.113 767.237
74.668 767.237
74.668 772.34
72.113 772.34
-1
4
68.148 833.171
68.715 833.171
68.715 836.617
68.148 836.617
-1
4
76.367 764.402
78.918 764.402
78.918 769.505
76.367 769.505
-1
4
78.067 765.535
83.172 765.535
83.172 768.09
78.067 768.09
-1
4
75.234 768.656
80.335 768.656
80.335 771.207
75.234 771.207
-1
4
79.484 767.237
82.035 767.237
82.035 772.34
79.484 772.34
-1
4
82.32 833.171
82.887 833.171
82.887 836.617
82.32 836.617
-1
4
93.637 825.066
106.938 825.066
106.938 825.633
93.637 825.633
-1
4
91.105 764.402
93.66 764.402
93.66 769.505
91.105 769.505
-1
4
89.973 768.656
95.075 768.656
95.075 771.207
89.973 771.207
-1
4
94.227 767.237
96.777 767.237
96.777 772.34
94.227 772.34
-1
4
93.637 842.711
97.484 842.711
97.484 843.277
93.637 843.277
-1
4
94.338 767.238
99.216 767.238
99.216 767.805
94.338 767.805
-1
4
107.548 765.535
112.652 765.535
112.652 768.09
107.548 768.09
-1
4
104.715 768.656
109.816 768.656
109.816 771.207
104.715 771.207
-1
4
103.409 766.527
109.816 766.527
109.816 767.094
103.409 767.094
-1
4
103.582 829.772
104.148 829.772
104.148 836.617
103.582 836.617
-1
4
100.723 842.711
104.573 842.711
104.573 843.277
100.723 843.277
-1
4
100.893 828.469
110.955 828.469
110.955 829.035
100.893 829.035
-1
4
114.919 765.535
120.02 765.535
120.02 768.09
114.919 768.09
-1
4
112.082 768.656
117.187 768.656
117.187 771.207
112.082 771.207
-1
4
116.336 767.237
118.887 767.237
118.887 772.34
116.336 772.34
-1
4
110.668 830.734
113.747 830.734
113.747 831.301
110.668 831.301
-1
4
118.93 831.867
121.18 831.867
121.18 832.434
118.93 832.434
-1
4
125.519 767.238
131.927 767.238
131.927 767.805
125.519 767.805
-1
4
117.329 842.711
121.01 842.711
121.01 843.277
117.329 843.277
-1
4
28.488 830.734
31.844 830.734
31.844 831.301
28.488 831.301
-1
4
17.406 771.773
19.957 771.773
19.957 780.844
17.406 780.844
-1
4
19.448 776.5
31.674 776.5
31.674 777.066
19.448 777.066
-1
4
28.658 849.797
33.707 849.797
33.707 850.363
28.658 850.363
-1
4
92.266 849.797
97.484 849.797
97.484 850.363
92.266 850.363
-1
4
131.074 776.308
134.762 776.308
134.762 785.379
131.074 785.379
-1
4
120.495 830.734
122.547 830.734
122.547 831.301
120.495 831.301
-1
4
120.495 776.5
132.72 776.5
132.72 777.066
120.495 777.066
-1
4
117.329 849.797
122.377 849.797
122.377 850.363
117.329 850.363
-1
4
26.025 825.633
25.799 825.633
25.799 827.673
26.025 827.673
-1
4
61.625 777.441
67.297 777.441
67.297 799.836
61.625 799.836
-1
4
61.455 825.633
61.229 825.633
61.229 827.673
61.455 827.673
-1
4
89.803 825.633
89.576 825.633
89.576 826.483
89.803 826.483
-1
4
125.236 825.633
125.01 825.633
125.01 826.483
125.236 826.483
