-1
4
0.585 653.327
150.45 653.327
150.45 861.306
0.585 861.306
-1
4
31.227 662.781
34.77 662.781
34.77 666.324
31.227 666.324
-1
4
28.488 664.27
29.055 664.27
29.055 683.898
28.488 683.898
-1
4
24.777 750.797
30.445 750.797
30.445 756.465
24.777 756.465
-1
4
34.328 681.406
34.895 681.406
34.895 740.629
34.328 740.629
-1
4
46.887 750.797
52.555 750.797
52.555 756.465
46.887 756.465
-1
4
52.484 662.781
56.031 662.781
56.031 666.324
52.484 666.324
-1
4
68.996 750.797
74.668 750.797
74.668 756.465
68.996 756.465
-1
4
71.59 682.539
72.156 682.539
72.156 740.629
71.59 740.629
-1
4
65.289 664.61
65.855 664.61
65.855 682.426
65.289 682.426
-1
4
65.313 740.742
65.879 740.742
65.879 749.89
65.313 749.89
-1
4
76.367 750.797
82.035 750.797
82.035 756.465
76.367 756.465
-1
4
78.879 682.539
79.445 682.539
79.445 741.293
78.879 741.293
-1
4
95.004 662.781
98.547 662.781
98.547 666.324
95.004 666.324
-1
4
92.266 664.61
92.832 664.61
92.832 688.094
92.266 688.094
-1
4
109.18 662.781
112.723 662.781
112.723 666.324
109.18 666.324
-1
4
120.586 750.797
126.258 750.797
126.258 756.465
120.586 756.465
-1
4
116.266 662.781
119.809 662.781
119.809 666.324
116.266 666.324
-1
4
121.98 664.27
122.547 664.27
122.547 683.898
121.98 683.898
-1
4
17.406 743.426
23.078 743.426
23.078 749.094
17.406 749.094
-1
4
31.539 682.539
32.105 682.539
32.105 738.74
31.539 738.74
-1
4
25.117 738.854
25.684 738.854
25.684 747.055
25.117 747.055
-1
4
36.941 671.355
37.512 671.355
37.512 682.766
36.941 682.766
-1
4
32.148 750.797
37.816 750.797
37.816 756.465
32.148 756.465
-1
4
39.91 685.602
40.477 685.602
40.477 741.914
39.91 741.914
-1
4
39.52 743.426
45.188 743.426
45.188 749.094
39.52 749.094
-1
4
54.258 743.426
59.926 743.426
59.926 749.094
54.258 749.094
-1
4
83.738 750.797
89.406 750.797
89.406 756.465
83.738 756.465
-1
4
95.004 669.867
98.547 669.867
98.547 673.41
95.004 673.41
-1
4
91.105 743.426
96.777 743.426
96.777 749.094
91.105 749.094
-1
4
103.238 741.348
103.809 741.348
103.809 750.23
103.238 750.23
-1
4
100.723 671.695
101.289 671.695
101.289 683.558
100.723 683.558
-1
4
109.422 683.672
109.988 683.672
109.988 741.574
109.422 741.574
-1
4
113.219 750.797
118.887 750.797
118.887 756.465
113.219 756.465
-1
8
113.609 741.914
114.176 741.914
114.176 681.066
114.09 681.066
114.09 671.695
113.523 671.695
113.523 681.633
113.609 681.633
-1
4
17.406 750.797
23.078 750.797
23.078 756.465
17.406 756.465
-1
4
32.148 743.426
37.816 743.426
37.816 749.094
32.148 749.094
-1
4
52.484 676.953
56.031 676.953
56.031 680.5
52.484 680.5
-1
4
42.699 687.867
43.27 687.867
43.27 740.023
42.699 740.023
-1
4
54.258 750.797
59.926 750.797
59.926 756.465
54.258 756.465
-1
8
60.492 737.191
66.164 737.191
66.164 708.844
46.887 708.844
46.887 728.688
57.375 728.688
57.375 729.82
60.492 729.82
-1
4
68.996 743.426
74.668 743.426
74.668 749.094
68.996 749.094
-1
4
76.367 743.426
82.035 743.426
82.035 749.094
76.367 749.094
-1
8
97.344 737.191
103.012 737.191
103.012 708.844
83.738 708.844
83.738 728.688
94.227 728.688
94.227 729.82
97.344 729.82
-1
4
95.004 676.953
98.547 676.953
98.547 680.5
95.004 680.5
-1
4
91.105 750.797
96.777 750.797
96.777 756.465
91.105 756.465
-1
4
100.293 739.797
100.859 739.797
100.859 748.473
100.293 748.473
-1
4
105.848 743.426
111.516 743.426
111.516 749.094
105.848 749.094
-1
4
113.219 743.426
118.887 743.426
118.887 749.094
113.219 749.094
-1
4
127.957 750.797
133.629 750.797
133.629 756.465
127.957 756.465
-1
4
24.777 758.168
30.445 758.168
30.445 763.836
24.777 763.836
-1
4
38.313 848.309
41.855 848.309
41.855 851.852
38.313 851.852
-1
8
35.574 850.363
36.141 850.363
36.141 833
36.027 833
36.027 774.004
35.461 774.004
35.461 833.57
35.574 833.57
-1
4
32.148 758.168
37.816 758.168
37.816 763.836
32.148 763.836
-1
4
39.52 758.168
45.188 758.168
45.188 763.836
39.52 763.836
-1
4
41.043 772.719
41.609 772.719
41.609 830.961
41.043 830.961
-1
4
49.746 831.074
50.313 831.074
50.313 843.277
49.746 843.277
-1
4
46.887 758.168
52.555 758.168
52.555 763.836
46.887 763.836
-1
4
54.258 758.168
59.926 758.168
59.926 763.836
54.258 763.836
-1
4
50.176 766.16
50.742 766.16
50.742 774.836
50.176 774.836
-1
4
61.625 758.168
67.297 758.168
67.297 763.836
61.625 763.836
-1
4
68.996 758.168
74.668 758.168
74.668 763.836
68.996 763.836
-1
4
71.59 773.342
72.156 773.342
72.156 832.094
71.59 832.094
-1
4
65.289 832.207
65.855 832.207
65.855 850.023
65.289 850.023
-1
4
76.367 758.168
82.035 758.168
82.035 763.836
76.367 763.836
-1
4
87.918 848.309
91.461 848.309
91.461 851.852
87.918 851.852
-1
4
78.879 774.004
79.445 774.004
79.445 832.094
78.879 832.094
-1
4
83.738 758.168
89.406 758.168
89.406 763.836
83.738 763.836
-1
4
87.918 841.223
91.461 841.223
91.461 844.766
87.918 844.766
-1
4
91.105 758.168
96.777 758.168
96.777 763.836
91.105 763.836
-1
4
102.09 848.309
105.637 848.309
105.637 851.852
102.09 851.852
-1
4
113.219 758.168
118.887 758.168
118.887 763.836
113.219 763.836
-1
4
114.742 772.719
115.309 772.719
115.309 832.094
114.742 832.094
-1
4
120.586 758.168
126.258 758.168
126.258 763.836
120.586 763.836
-1
4
114.895 833.342
115.461 833.342
115.461 850.023
114.895 850.023
-1
4
123.875 766.16
124.441 766.16
124.441 774.836
123.875 774.836
-1
4
17.406 765.535
23.078 765.535
23.078 771.207
17.406 771.207
-1
4
25.117 767.863
25.684 767.863
25.684 776.121
25.117 776.121
-1
4
32.148 765.535
37.816 765.535
37.816 771.207
32.148 771.207
-1
4
38.313 834.137
41.855 834.137
41.855 837.68
38.313 837.68
-1
4
39.52 765.535
45.188 765.535
45.188 771.207
39.52 771.207
-1
4
54.258 765.535
59.926 765.535
59.926 771.207
54.258 771.207
-1
4
68.996 765.535
74.668 765.535
74.668 771.207
68.996 771.207
-1
4
76.367 765.535
82.035 765.535
82.035 771.207
76.367 771.207
-1
4
80.832 834.137
84.375 834.137
84.375 837.68
80.832 837.68
-1
4
91.105 765.535
96.777 765.535
96.777 771.207
91.105 771.207
-1
4
106.371 775.555
106.938 775.555
106.938 825.293
106.371 825.293
-1
4
105.848 765.535
111.516 765.535
111.516 771.207
105.848 771.207
-1
4
110.559 772.719
111.125 772.719
111.125 829.035
110.559 829.035
-1
4
100.723 828.469
101.289 828.469
101.289 842.937
100.723 842.937
-1
4
113.219 765.535
118.887 765.535
118.887 771.207
113.219 771.207
-1
4
109.18 834.137
112.723 834.137
112.723 837.68
109.18 837.68
-1
4
127.957 765.535
133.629 765.535
133.629 771.207
127.957 771.207
-1
4
120.613 832.207
121.18 832.207
121.18 843.277
120.613 843.277
-1
4
58.203 826.539
58.77 826.539
58.77 850.363
58.203 850.363
-1
4
46.625 776.84
47.191 776.84
47.191 826.426
46.625 826.426
-1
4
24.141 834.137
27.684 834.137
27.684 837.68
24.141 837.68
-1
8
11.172 805.789
30.445 805.789
30.445 785.945
19.957 785.945
19.957 784.813
16.84 784.813
16.84 777.441
11.172 777.441
-1
8
121.723 805.789
140.996 805.789
140.996 785.945
130.508 785.945
130.508 784.813
127.391 784.813
127.391 777.441
121.723 777.441
