-1
4
0.585 653.327
150.45 653.327
150.45 861.306
0.585 861.306
-1
4
28.828 664.27
32.644 664.27
32.644 664.836
28.828 664.836
-1
4
34.328 681.066
36.141 681.066
36.141 681.633
34.328 681.633
-1
4
29.878 750.797
31.582 750.797
31.582 753.348
29.878 753.348
-1
4
23.645 753.914
25.344 753.914
25.344 756.465
23.645 756.465
-1
4
35.914 664.27
39.73 664.27
39.73 664.836
35.914 664.836
-1
4
41.305 686.734
51.341 686.734
51.341 687.301
41.305 687.301
-1
4
47.524 664.27
51.341 664.27
51.341 664.836
47.524 664.836
-1
4
41.305 740.402
48.927 740.402
48.927 740.969
41.305 740.969
-1
4
46.887 749.664
49.438 749.664
49.438 751.364
46.887 751.364
-1
4
51.988 750.797
53.691 750.797
53.691 753.348
51.988 753.348
-1
4
45.754 753.914
47.454 753.914
47.454 756.465
45.754 756.465
-1
4
50.004 755.898
52.555 755.898
52.555 757.602
50.004 757.602
-1
4
54.612 664.27
58.43 664.27
58.43 664.836
54.612 664.836
-1
4
45.832 690.137
58.43 690.137
58.43 690.703
45.832 690.703
-1
4
53.125 729.254
56.809 729.254
56.809 731.521
53.125 731.521
-1
4
57.375 740.593
59.926 740.593
59.926 742.859
57.375 742.859
-1
4
65.313 740.402
72.156 740.402
72.156 740.969
65.313 740.969
-1
4
61.696 664.27
65.855 664.27
65.855 664.836
61.696 664.836
-1
4
65.313 749.664
70.016 749.664
70.016 750.23
65.313 750.23
-1
4
67.863 753.914
69.563 753.914
69.563 756.465
67.863 756.465
-1
4
82.602 747.535
85.723 747.535
85.723 748.105
82.602 748.105
-1
4
85.18 664.27
89.335 664.27
89.335 664.836
85.18 664.836
-1
4
76.367 749.664
78.918 749.664
78.918 751.364
76.367 751.364
-1
4
75.234 753.914
76.934 753.914
76.934 756.465
75.234 756.465
-1
4
92.266 664.27
96.421 664.27
96.421 664.836
92.266 664.836
-1
4
99.352 664.27
103.509 664.27
103.509 664.836
99.352 664.836
-1
4
101.766 740.402
108.255 740.402
108.255 740.969
101.766 740.969
-1
4
103.581 750.797
105.281 750.797
105.281 753.348
103.581 753.348
-1
4
97.344 753.914
99.044 753.914
99.044 756.465
97.344 756.465
-1
4
101.594 755.898
104.148 755.898
104.148 757.602
101.594 757.602
-1
4
111.306 664.27
115.461 664.27
115.461 664.836
111.306 664.836
-1
4
115.346 740.402
122.969 740.402
122.969 740.969
115.346 740.969
-1
4
119.453 753.914
121.153 753.914
121.153 756.465
119.453 756.465
-1
4
118.392 664.27
122.207 664.27
122.207 664.836
118.392 664.836
-1
4
119.531 683.332
122.207 683.332
122.207 683.898
119.531 683.898
-1
4
126.824 729.254
130.508 729.254
130.508 731.521
126.824 731.521
-1
4
131.074 740.593
133.629 740.593
133.629 742.859
131.074 742.859
-1
4
119.531 737.57
127.504 737.57
127.504 738.137
119.531 738.137
-1
4
29.855 682.199
32.105 682.199
32.105 682.766
29.855 682.766
-1
4
25.117 738.512
32.105 738.512
32.105 739.082
25.117 739.082
-1
4
17.406 742.293
19.957 742.293
19.957 743.993
17.406 743.993
-1
4
22.511 746.828
25.684 746.828
25.684 747.395
22.511 747.395
-1
4
37.284 671.355
39.73 671.355
39.73 671.922
37.284 671.922
-1
4
29.539 741.348
35.951 741.348
35.951 741.914
29.539 741.914
-1
4
47.524 671.355
50.313 671.355
50.313 671.922
47.524 671.922
-1
4
46.887 679.081
47.453 679.081
47.453 684.693
46.887 684.693
-1
4
44.621 743.426
46.32 743.426
46.32 745.977
44.621 745.977
-1
4
44.621 747.535
47.793 747.535
47.793 748.105
44.621 748.105
-1
4
44.098 738.512
52.215 738.512
52.215 739.082
44.098 739.082
-1
4
54.612 671.355
57.398 671.355
57.398 671.922
54.612 671.922
-1
4
51.648 746.828
53.805 746.828
53.805 747.395
51.648 747.395
-1
4
61.696 671.355
64.484 671.355
64.484 671.922
61.696 671.922
-1
4
63.918 683.332
69.387 683.332
69.387 683.898
63.918 683.898
-1
4
61.625 749.664
64.18 749.664
64.18 751.364
61.625 751.364
-1
4
60.492 753.914
62.192 753.914
62.192 756.465
60.492 756.465
-1
4
81.309 683.332
87.113 683.332
87.113 683.898
81.309 683.898
-1
4
81.309 738.988
87.988 738.988
87.988 739.555
81.309 739.555
-1
4
86.547 671.355
89.335 671.355
89.335 671.922
86.547 671.922
-1
4
83.738 749.664
86.289 749.664
86.289 751.364
83.738 751.364
-1
4
82.602 753.914
84.305 753.914
84.305 756.465
82.602 756.465
-1
4
86.855 755.898
89.406 755.898
89.406 757.602
86.855 757.602
-1
4
93.637 686.734
105.805 686.734
105.805 687.301
93.637 687.301
-1
4
93.637 671.355
96.421 671.355
96.421 671.922
93.637 671.922
-1
4
99.159 738.512
105.805 738.512
105.805 739.082
99.159 739.082
-1
4
91.105 742.293
93.66 742.293
93.66 743.993
91.105 743.993
-1
4
96.21 743.426
97.91 743.426
97.91 745.977
96.21 745.977
-1
4
100.723 683.332
109.988 683.332
109.988 683.898
100.723 683.898
-1
4
100.723 671.355
103.509 671.355
103.509 671.922
100.723 671.922
-1
4
108.965 755.898
111.516 755.898
111.516 757.602
108.965 757.602
-1
4
111.306 671.355
114.09 671.355
114.09 671.922
111.306 671.922
-1
4
119.793 747.68
121.496 747.68
121.496 748.246
119.793 748.246
-1
4
113.219 749.664
115.77 749.664
115.77 751.364
113.219 751.364
-1
4
118.392 671.355
121.18 671.355
121.18 671.922
118.392 671.922
-1
4
131.074 748.527
133.629 748.527
133.629 750.23
131.074 750.23
-1
4
125.69 746.547
127.504 746.547
127.504 747.113
125.69 747.113
-1
4
24.141 676.953
27.684 676.953
27.684 680.5
24.141 680.5
-1
4
10.039 726.704
15.707 726.704
15.707 737.191
10.039 737.191
-1
4
17.406 749.664
19.957 749.664
19.957 751.364
17.406 751.364
-1
4
23.645 748.586
24.211 748.586
24.211 751.817
23.645 751.817
-1
4
37.457 683.332
40.367 683.332
40.367 683.898
37.457 683.898
-1
4
37.249 743.426
38.949 743.426
38.949 745.977
37.249 745.977
-1
4
31.012 746.547
32.715 746.547
32.715 749.094
31.012 749.094
-1
4
35.266 748.527
37.816 748.527
37.816 750.23
35.266 750.23
-1
4
53.973 679.081
54.543 679.081
54.543 688.434
53.973 688.434
-1
4
59.57 676.953
63.113 676.953
63.113 680.5
59.57 680.5
-1
4
68.148 679.081
68.715 679.081
68.715 681.293
68.148 681.293
-1
4
68.996 742.293
71.547 742.293
71.547 743.993
68.996 743.993
-1
4
74.101 743.426
75.801 743.426
75.801 745.977
74.101 745.977
-1
4
72.113 748.527
74.668 748.527
74.668 750.23
72.113 750.23
-1
4
82.32 679.081
82.887 679.081
82.887 681.293
82.32 681.293
-1
4
81.468 743.426
83.172 743.426
83.172 745.977
81.468 745.977
-1
4
87.918 676.953
91.461 676.953
91.461 680.5
87.918 680.5
-1
4
83.738 726.704
89.406 726.704
89.406 737.191
83.738 737.191
-1
4
97.344 748.586
97.91 748.586
97.91 751.817
97.344 751.817
-1
4
105.848 742.293
108.398 742.293
108.398 743.993
105.848 743.993
-1
4
110.949 743.426
112.652 743.426
112.652 745.977
110.949 745.977
-1
4
104.715 746.547
106.415 746.547
106.415 749.094
104.715 749.094
-1
4
108.965 748.527
111.516 748.527
111.516 750.23
108.965 750.23
-1
4
110.668 681.066
112.781 681.066
112.781 681.633
110.668 681.633
-1
4
118.32 743.426
120.02 743.426
120.02 745.977
118.32 745.977
-1
4
116.402 681.066
118.32 681.066
118.32 681.633
116.402 681.633
-1
4
123.875 749.664
128.977 749.664
128.977 750.23
123.875 750.23
-1
4
126.824 753.914
128.524 753.914
128.524 756.465
126.824 756.465
-1
4
123.352 676.953
126.895 676.953
126.895 680.5
123.352 680.5
-1
4
39.52 749.664
42.066 749.664
42.066 751.364
39.52 751.364
-1
4
17.406 757.035
19.957 757.035
19.957 758.735
17.406 758.735
-1
4
29.878 758.168
31.582 758.168
31.582 760.719
29.878 760.719
-1
4
23.645 761.285
25.344 761.285
25.344 763.836
23.645 763.836
-1
4
27.895 763.269
30.445 763.269
30.445 764.969
27.895 764.969
-1
4
28.406 773.664
36.027 773.664
36.027 774.23
28.406 774.23
-1
4
35.914 849.797
39.73 849.797
39.73 850.363
35.914 850.363
-1
4
37.249 758.168
38.949 758.168
38.949 760.719
37.249 760.719
-1
4
29.539 766.387
31.24 766.387
31.24 766.953
29.539 766.953
-1
4
37.284 842.711
39.73 842.711
39.73 843.277
37.284 843.277
-1
4
44.168 764.402
47.793 764.402
47.793 764.969
44.168 764.969
-1
4
50.004 763.269
52.555 763.269
52.555 764.969
50.004 764.969
-1
4
42.438 773.664
48.927 773.664
48.927 774.23
42.438 774.23
-1
4
42.438 829.602
51.341 829.602
51.341 830.168
42.438 830.168
-1
4
59.359 758.168
61.059 758.168
61.059 760.719
59.359 760.719
-1
4
63.918 830.734
69.727 830.734
69.727 831.301
63.918 831.301
-1
4
66.73 758.168
68.43 758.168
68.43 760.719
66.73 760.719
-1
4
63.385 775.082
69.387 775.082
69.387 775.648
63.385 775.648
-1
4
65.313 766.527
68.43 766.527
68.43 767.094
65.313 767.094
-1
4
72.113 763.269
74.668 763.269
74.668 764.969
72.113 764.969
-1
4
61.696 849.797
65.855 849.797
65.855 850.363
61.696 850.363
-1
4
78.879 773.664
85.383 773.664
85.383 774.23
78.879 774.23
-1
4
85.18 849.797
89.335 849.797
89.335 850.363
85.18 850.363
-1
4
81.309 830.734
87.113 830.734
87.113 831.301
81.309 831.301
-1
4
86.547 842.711
89.335 842.711
89.335 843.277
86.547 843.277
-1
4
91.105 757.035
93.66 757.035
93.66 758.735
91.105 758.735
-1
4
89.973 761.285
91.672 761.285
91.672 763.836
89.973 763.836
-1
4
96.492 826.539
97.059 826.539
97.059 835.554
96.492 835.554
-1
4
101.766 773.664
109.73 773.664
109.73 774.23
101.766 774.23
-1
4
99.352 827.332
109.73 827.332
109.73 827.898
99.352 827.898
-1
4
97.344 761.285
99.044 761.285
99.044 763.836
97.344 763.836
-1
4
101.594 763.269
104.148 763.269
104.148 764.969
101.594 764.969
-1
4
99.352 849.797
103.509 849.797
103.509 850.363
99.352 850.363
-1
4
117.867 764.402
121.496 764.402
121.496 764.969
117.867 764.969
-1
4
111.306 842.711
113.75 842.711
113.75 843.277
111.306 843.277
-1
4
114.895 833
116.707 833
116.707 833.57
114.895 833.57
-1
4
125.691 758.168
127.391 758.168
127.391 760.719
125.691 760.719
-1
4
116.141 773.664
122.629 773.664
122.629 774.23
116.141 774.23
-1
4
111.306 849.797
115.461 849.797
115.461 850.363
111.306 850.363
-1
4
133.062 758.168
134.762 758.168
134.762 760.719
133.062 760.719
-1
4
123.875 765.82
127.051 765.82
127.051 766.387
123.875 766.387
-1
4
29.855 831.867
33.238 831.867
33.238 832.434
29.855 832.434
-1
4
23.531 767.523
25.684 767.523
25.684 768.09
23.531 768.09
-1
4
25.457 775.555
33.238 775.555
33.238 776.121
25.457 776.121
-1
4
30.195 842.711
32.644 842.711
32.644 843.277
30.195 843.277
-1
4
38.254 833
40.367 833
40.367 833.57
38.254 833.57
-1
4
31.012 768.656
32.715 768.656
32.715 771.207
31.012 771.207
-1
4
38.383 768.656
40.087 768.656
40.087 771.207
38.383 771.207
-1
4
42.637 770.64
45.188 770.64
45.188 772.34
42.637 772.34
-1
4
46.887 832.207
47.453 832.207
47.453 835.554
46.887 835.554
-1
4
53.125 768.656
54.825 768.656
54.825 771.207
53.125 771.207
-1
4
57.375 770.64
59.926 770.64
59.926 772.34
57.375 772.34
-1
4
45.57 827.332
57.398 827.332
57.398 827.898
45.57 827.898
-1
4
45.57 775.555
51.875 775.555
51.875 776.121
45.57 776.121
-1
4
54.612 842.711
57.398 842.711
57.398 843.277
54.612 843.277
-1
4
67.863 768.656
69.563 768.656
69.563 771.207
67.863 771.207
-1
4
68.148 833.342
68.715 833.342
68.715 835.554
68.148 835.554
-1
4
76.367 764.402
78.918 764.402
78.918 766.102
76.367 766.102
-1
4
81.468 765.535
83.172 765.535
83.172 768.09
81.468 768.09
-1
4
75.234 768.656
76.934 768.656
76.934 771.207
75.234 771.207
-1
4
79.484 770.64
82.035 770.64
82.035 772.34
79.484 772.34
-1
4
93.637 842.711
96.421 842.711
96.421 843.277
93.637 843.277
-1
4
97.23 767.238
99.044 767.238
99.044 767.805
97.23 767.805
-1
4
110.949 765.535
112.652 765.535
112.652 768.09
110.949 768.09
-1
4
104.715 768.656
106.415 768.656
106.415 771.207
104.715 771.207
-1
4
108.965 770.64
111.516 770.64
111.516 772.34
108.965 772.34
-1
4
103.581 766.527
106.415 766.527
106.415 767.094
103.581 767.094
-1
4
103.582 829.942
104.148 829.942
104.148 835.554
103.582 835.554
-1
4
100.723 842.711
103.509 842.711
103.509 843.277
100.723 843.277
-1
4
116.336 770.64
118.887 770.64
118.887 772.34
116.336 772.34
-1
4
110.668 830.734
113.576 830.734
113.576 831.301
110.668 831.301
-1
4
126.824 768.656
128.524 768.656
128.524 771.207
126.824 771.207
-1
4
118.392 842.711
120.84 842.711
120.84 843.277
118.392 843.277
-1
4
20.523 783.112
24.211 783.112
24.211 785.379
20.523 785.379
-1
4
28.828 849.797
32.644 849.797
32.644 850.363
28.828 850.363
-1
4
57.375 783.112
61.059 783.112
61.059 785.379
57.375 785.379
-1
4
54.612 849.797
58.43 849.797
58.43 850.363
54.612 850.363
-1
4
92.266 823.93
105.543 823.93
105.543 824.5
92.266 824.5
-1
4
91.105 771.773
93.66 771.773
93.66 774.04
91.105 774.04
-1
4
97.23 776.5
105.543 776.5
105.543 777.066
97.23 777.066
-1
4
94.227 783.112
97.91 783.112
97.91 785.379
94.227 785.379
-1
4
92.266 849.797
96.421 849.797
96.421 850.363
92.266 850.363
-1
4
120.667 830.734
122.547 830.734
122.547 831.301
120.667 831.301
-1
4
120.667 776.5
128.637 776.5
128.637 777.066
120.667 777.066
-1
4
118.392 849.797
122.207 849.797
122.207 850.363
118.392 850.363
-1
4
24.141 834.137
27.684 834.137
27.684 837.68
24.141 837.68
-1
4
59.57 834.137
63.113 834.137
63.113 837.68
59.57 837.68
-1
4
87.918 834.137
91.461 834.137
91.461 837.68
87.918 837.68
-1
4
123.352 834.137
126.895 834.137
126.895 837.68
123.352 837.68
