-1
4
49.746 831.074
50.312 831.074
50.312 842.937
49.746 842.937
-1
4
46.887 758.168
52.555 758.168
52.555 763.836
46.887 763.836
-1
4
42.438 773.664
43.008 773.664
43.008 830.168
42.438 830.168
-1
4
51.117 829.602
51.684 829.602
51.684 850.363
51.117 850.363
-1
4
45.398 848.309
48.941 848.309
48.941 851.852
45.398 851.852
-1
4
46.887 757.035
49.438 757.035
49.438 758.735
46.887 758.735
-1
4
51.988 758.168
53.691 758.168
53.691 760.719
51.988 760.719
-1
4
45.754 761.285
47.454 761.285
47.454 763.836
45.754 763.836
-1
4
48.703 763.269
49.27 763.269
49.27 774.23
48.703 774.23
-1
4
50.008 763.269
52.555 763.269
52.555 764.969
50.008 764.969
-1
4
42.78 829.602
51.344 829.602
51.344 830.168
42.78 830.168
-1
4
47.524 849.797
51.344 849.797
51.344 850.363
47.524 850.363
-1
4
42.78 773.664
48.93 773.664
48.93 774.23
42.78 774.23
-1
4
54.258 758.168
59.926 758.168
59.926 763.836
54.258 763.836
-1
4
50.176 765.82
53.691 765.82
53.691 766.387
50.176 766.387
-1
4
43.836 774.609
50.742 774.609
50.742 775.176
43.836 775.176
-1
4
52.484 834.137
56.031 834.137
56.031 837.68
52.484 837.68
-1
4
54.258 757.035
56.809 757.035
56.809 758.735
54.258 758.735
-1
4
59.359 758.168
61.062 758.168
61.062 760.719
59.359 760.719
-1
4
53.125 761.285
54.825 761.285
54.825 763.836
53.125 763.836
-1
4
57.375 763.269
59.926 763.269
59.926 764.969
57.375 764.969
-1
4
43.836 774.949
44.402 774.949
44.402 829.035
43.836 829.035
-1
4
50.176 766.16
50.742 766.16
50.742 774.836
50.176 774.836
-1
4
53.973 828.469
54.543 828.469
54.543 835.554
53.973 835.554
-1
4
53.125 762.816
53.691 762.816
53.691 766.047
53.125 766.047
-1
4
44.176 828.469
54.201 828.469
54.201 829.035
44.176 829.035
-1
4
61.629 758.168
67.297 758.168
67.297 763.836
61.629 763.836
-1
4
63.918 830.734
69.727 830.734
69.727 831.301
63.918 831.301
-1
4
59.574 841.223
63.117 841.223
63.117 844.766
59.574 844.766
-1
4
61.629 757.035
64.18 757.035
64.18 758.735
61.629 758.735
-1
4
66.73 758.168
68.43 758.168
68.43 760.719
66.73 760.719
-1
4
60.496 761.285
62.196 761.285
62.196 763.836
60.496 763.836
-1
4
63.043 763.269
63.613 763.269
63.613 775.648
63.043 775.648
-1
4
64.746 763.269
67.297 763.269
67.297 764.969
64.746 764.969
-1
4
69.16 775.082
69.727 775.082
69.727 830.961
69.16 830.961
-1
4
61.7 842.711
64.484 842.711
64.484 843.277
61.7 843.277
-1
4
63.385 775.082
69.387 775.082
69.387 775.648
63.385 775.648
-1
4
63.918 831.074
64.484 831.074
64.484 842.937
63.918 842.937
-1
4
68.996 758.168
74.668 758.168
74.668 763.836
68.996 763.836
-1
4
65.312 766.527
68.43 766.527
68.43 767.094
65.312 767.094
-1
4
65.312 773
72.156 773
72.156 773.57
65.312 773.57
-1
4
65.289 831.867
72.156 831.867
72.156 832.434
65.289 832.434
-1
4
59.574 848.309
63.117 848.309
63.117 851.852
59.574 851.852
-1
4
68.996 757.035
71.551 757.035
71.551 758.735
68.996 758.735
-1
4
74.101 758.168
75.801 758.168
75.801 760.719
74.101 760.719
-1
4
67.863 761.285
69.563 761.285
69.563 763.836
67.863 763.836
-1
4
72.117 763.269
74.668 763.269
74.668 764.969
72.117 764.969
-1
4
65.312 766.867
65.879 766.867
65.879 773.228
65.312 773.228
-1
4
71.59 773.342
72.156 773.342
72.156 832.094
71.59 832.094
-1
4
61.7 849.797
65.855 849.797
65.855 850.363
61.7 850.363
-1
4
67.863 762.816
68.43 762.816
68.43 766.754
67.863 766.754
-1
4
65.289 832.207
65.855 832.207
65.855 850.023
65.289 850.023
-1
4
76.367 758.168
82.039 758.168
82.039 763.836
76.367 763.836
-1
4
78.879 831.867
85.746 831.867
85.746 832.434
78.879 832.434
-1
4
87.918 848.309
91.465 848.309
91.465 851.852
87.918 851.852
-1
4
76.367 757.035
78.918 757.035
78.918 758.735
76.367 758.735
-1
4
81.472 758.168
83.172 758.168
83.172 760.719
81.472 760.719
-1
4
75.234 761.285
76.934 761.285
76.934 763.836
75.234 763.836
-1
4
79.484 763.269
82.039 763.269
82.039 764.969
79.484 764.969
-1
4
85.156 764.742
85.723 764.742
85.723 774.23
85.156 774.23
-1
4
81.017 764.402
85.723 764.402
85.723 764.969
81.017 764.969
-1
4
78.879 773.664
85.383 773.664
85.383 774.23
78.879 774.23
-1
4
78.879 774.004
79.445 774.004
79.445 832.094
78.879 832.094
-1
4
85.18 849.797
89.337 849.797
89.337 850.363
85.18 850.363
-1
4
85.18 832.207
85.746 832.207
85.746 850.023
85.18 850.023
-1
4
83.738 758.168
89.406 758.168
89.406 763.836
83.738 763.836
-1
4
81.309 775.555
87.988 775.555
87.988 776.121
81.309 776.121
-1
4
81.309 830.734
87.117 830.734
87.117 831.301
81.309 831.301
-1
4
87.918 841.223
91.465 841.223
91.465 844.766
87.918 844.766
-1
4
83.738 757.035
86.289 757.035
86.289 758.735
83.738 758.735
-1
4
88.839 758.168
90.543 758.168
90.543 760.719
88.839 760.719
-1
4
82.605 761.285
84.305 761.285
84.305 763.836
82.605 763.836
-1
4
86.855 763.269
89.406 763.269
89.406 764.969
86.855 764.969
-1
4
81.309 775.895
81.875 775.895
81.875 830.961
81.309 830.961
-1
4
86.551 842.711
89.337 842.711
89.337 843.277
86.551 843.277
-1
4
87.422 764.289
87.988 764.289
87.988 775.781
87.422 775.781
-1
4
86.551 831.074
87.117 831.074
87.117 842.937
86.551 842.937
-1
4
91.109 758.168
96.777 758.168
96.777 763.836
91.109 763.836
-1
4
100.293 774.609
108.336 774.609
108.336 775.176
100.293 775.176
-1
4
96.496 826.199
108.336 826.199
108.336 826.766
96.496 826.766
-1
4
95.008 834.137
98.551 834.137
98.551 837.68
95.008 837.68
-1
4
91.109 757.035
93.66 757.035
93.66 758.735
91.109 758.735
-1
4
96.21 758.168
97.91 758.168
97.91 760.719
96.21 760.719
-1
4
89.973 761.285
91.676 761.285
91.676 763.836
89.973 763.836
-1
4
94.227 763.269
96.777 763.269
96.777 764.969
94.227 764.969
-1
4
95.757 764.402
100.859 764.402
100.859 764.969
95.757 764.969
-1
4
100.293 764.742
100.859 764.742
100.859 774.836
100.293 774.836
-1
4
107.77 774.949
108.336 774.949
108.336 826.426
107.77 826.426
-1
4
96.496 826.539
97.062 826.539
97.062 835.554
96.496 835.554
-1
4
98.477 758.168
104.148 758.168
104.148 763.836
98.477 763.836
-1
4
101.766 773.664
109.73 773.664
109.73 774.23
101.766 774.23
-1
4
99.352 827.332
109.73 827.332
109.73 827.898
99.352 827.898
-1
4
102.094 848.309
105.637 848.309
105.637 851.852
102.094 851.852
-1
4
98.477 757.035
101.031 757.035
101.031 758.735
98.477 758.735
-1
4
103.581 758.168
105.281 758.168
105.281 760.719
103.581 760.719
-1
4
97.344 761.285
99.044 761.285
99.044 763.836
97.344 763.836
-1
4
101.598 763.269
104.148 763.269
104.148 764.969
101.598 764.969
-1
4
109.164 774.004
109.73 774.004
109.73 827.558
109.164 827.558
-1
4
99.352 849.797
103.511 849.797
103.511 850.363
99.352 850.363
-1
4
101.766 764.289
102.332 764.289
102.332 773.89
101.766 773.89
-1
4
99.352 827.672
99.918 827.672
99.918 850.023
99.352 850.023
-1
4
105.848 758.168
111.52 758.168
111.52 763.836
105.848 763.836
-1
4
103.238 766.672
103.809 766.672
103.809 773.285
103.238 773.285
-1
4
110.559 772.719
111.125 772.719
111.125 829.035
110.559 829.035
-1
4
102.094 841.223
105.637 841.223
105.637 844.766
102.094 844.766
-1
4
105.848 757.035
108.398 757.035
108.398 758.735
105.848 758.735
-1
4
110.953 758.168
112.652 758.168
112.652 760.719
110.953 760.719
-1
4
104.715 761.285
106.415 761.285
106.415 763.836
104.715 763.836
-1
4
108.965 763.269
111.52 763.269
111.52 764.969
108.965 764.969
-1
4
103.581 766.672
105.281 766.672
105.281 767.238
103.581 767.238
-1
4
103.581 772.719
110.785 772.719
110.785 773.285
103.581 773.285
-1
4
100.723 828.469
101.289 828.469
101.289 842.937
100.723 842.937
-1
4
100.723 842.711
103.511 842.711
103.511 843.277
100.723 843.277
-1
4
104.715 762.816
105.281 762.816
105.281 766.898
104.715 766.898
-1
4
101.063 828.469
110.785 828.469
110.785 829.035
101.063 829.035
-1
4
113.219 758.168
118.887 758.168
118.887 763.836
113.219 763.836
-1
4
113.527 831.867
115.312 831.867
115.312 832.434
113.527 832.434
-1
4
109.18 841.223
112.723 841.223
112.723 844.766
109.18 844.766
-1
4
113.219 757.035
115.77 757.035
115.77 758.735
113.219 758.735
-1
4
118.32 758.168
120.02 758.168
120.02 760.719
118.32 760.719
-1
4
112.086 761.285
113.786 761.285
113.786 763.836
112.086 763.836
-1
4
116.336 763.269
118.887 763.269
118.887 764.969
116.336 764.969
-1
4
120.93 764.742
121.496 764.742
121.496 773.285
120.93 773.285
-1
4
117.867 764.402
121.496 764.402
121.496 764.969
117.867 764.969
-1
4
114.746 772.719
115.312 772.719
115.312 832.094
114.746 832.094
-1
4
113.527 832.207
114.094 832.207
114.094 843.277
113.527 843.277
-1
4
115.086 772.719
121.156 772.719
121.156 773.285
115.086 773.285
-1
4
111.306 842.711
113.754 842.711
113.754 843.277
111.306 843.277
-1
4
120.59 758.168
126.258 758.168
126.258 763.836
120.59 763.836
-1
4
114.895 833
116.707 833
116.707 833.57
114.895 833.57
-1
4
109.18 848.309
112.723 848.309
112.723 851.852
109.18 851.852
-1
4
120.59 757.035
123.141 757.035
123.141 758.735
120.59 758.735
-1
4
125.691 758.168
127.391 758.168
127.391 760.719
125.691 760.719
-1
4
119.453 761.285
121.157 761.285
121.157 763.836
119.453 763.836
-1
4
122.402 763.269
122.969 763.269
122.969 774.23
122.402 774.23
-1
4
123.707 763.269
126.258 763.269
126.258 764.969
123.707 764.969
-1
4
116.141 773.664
122.629 773.664
122.629 774.23
116.141 774.23
-1
4
114.895 833.342
115.465 833.342
115.465 850.363
114.895 850.363
-1
4
116.141 774.004
116.707 774.004
116.707 833.228
116.141 833.228
-1
4
111.306 849.797
115.123 849.797
115.123 850.363
111.306 850.363
-1
4
127.961 758.168
133.629 758.168
133.629 763.836
127.961 763.836
-1
4
117.535 774.609
124.445 774.609
124.445 775.176
117.535 775.176
-1
4
116.266 834.137
119.809 834.137
119.809 837.68
116.266 837.68
-1
4
127.961 757.035
130.512 757.035
130.512 758.735
127.961 758.735
-1
4
133.062 758.168
134.762 758.168
134.762 760.719
133.062 760.719
-1
4
126.824 761.285
128.528 761.285
128.528 763.836
126.824 763.836
-1
4
131.078 763.269
133.629 763.269
133.629 764.969
131.078 764.969
-1
4
123.879 765.82
127.051 765.82
127.051 766.387
123.879 766.387
-1
4
126.824 762.816
127.391 762.816
127.391 766.387
126.824 766.387
-1
8
117.754 835.554
118.32 835.554
118.32 833
118.102 833
118.102 774.949
117.535 774.949
117.535 833.57
117.754 833.57
-1
4
123.879 766.16
124.445 766.16
124.445 774.836
123.879 774.836
-1
4
17.406 765.535
23.078 765.535
23.078 771.207
17.406 771.207
-1
4
29.855 831.867
33.238 831.867
33.238 832.434
29.855 832.434
-1
4
31.227 841.223
34.77 841.223
34.77 844.766
31.227 844.766
-1
4
17.406 764.402
19.961 764.402
19.961 766.102
17.406 766.102
-1
4
22.511 765.535
24.211 765.535
24.211 768.09
22.511 768.09
-1
4
16.273 768.656
17.973 768.656
17.973 771.207
16.273 771.207
-1
4
20.527 770.64
23.078 770.64
23.078 772.34
20.527 772.34
-1
4
25.117 767.863
25.684 767.863
25.684 776.121
25.117 776.121
-1
4
23.531 767.523
25.684 767.523
25.684 768.09
23.531 768.09
-1
4
25.457 775.555
33.238 775.555
33.238 776.121
25.457 776.121
-1
4
29.855 832.207
30.422 832.207
30.422 843.277
29.855 843.277
-1
4
32.672 775.895
33.238 775.895
33.238 832.094
32.672 832.094
-1
4
30.195 842.711
32.644 842.711
32.644 843.277
30.195 843.277
-1
4
32.148 765.535
37.816 765.535
37.816 771.207
32.148 771.207
-1
4
38.254 833
40.367 833
40.367 833.57
38.254 833.57
-1
4
38.312 834.137
41.855 834.137
41.855 837.68
38.312 837.68
-1
4
32.148 764.402
34.699 764.402
34.699 766.102
32.148 766.102
-1
4
37.249 765.535
38.949 765.535
38.949 768.09
37.249 768.09
-1
4
31.012 768.656
32.715 768.656
32.715 771.207
31.012 771.207
-1
4
35.266 770.64
37.816 770.64
37.816 772.34
35.266 772.34
-1
4
39.801 833.342
40.367 833.342
40.367 835.554
39.801 835.554
-1
6
38.254 833.228
38.82 833.228
38.82 771.773
36.796 771.773
36.796 772.34
38.254 772.34
-1
4
39.52 765.535
45.188 765.535
45.188 771.207
39.52 771.207
-1
4
39.648 831.867
47.453 831.867
47.453 832.434
39.648 832.434
-1
4
45.398 834.137
48.941 834.137
48.941 837.68
45.398 837.68
-1
4
39.52 764.402
42.066 764.402
42.066 766.102
39.52 766.102
-1
4
44.621 765.535
46.32 765.535
46.32 768.09
44.621 768.09
-1
4
38.383 768.656
40.087 768.656
40.087 771.207
38.383 771.207
-1
4
42.637 770.64
45.188 770.64
45.188 772.34
42.637 772.34
-1
4
39.648 770.64
40.215 770.64
40.215 832.094
39.648 832.094
-1
4
46.887 832.207
47.453 832.207
47.453 835.554
46.887 835.554
-1
4
54.258 765.535
59.926 765.535
59.926 771.207
54.258 771.207
-1
4
51.648 767.238
52.215 767.238
52.215 776.121
51.648 776.121
-1
4
45.23 775.555
45.797 775.555
45.797 827.898
45.23 827.898
-1
4
52.484 841.223
56.031 841.223
56.031 844.766
52.484 844.766
-1
4
54.258 764.402
56.809 764.402
56.809 766.102
54.258 766.102
-1
4
59.359 765.535
61.062 765.535
61.062 768.09
59.359 768.09
-1
4
53.125 768.656
54.825 768.656
54.825 771.207
53.125 771.207
-1
4
57.375 770.64
59.926 770.64
59.926 772.34
57.375 772.34
-1
4
51.988 767.238
54.825 767.238
54.825 767.805
51.988 767.805
-1
4
45.57 827.332
57.398 827.332
57.398 827.898
45.57 827.898
-1
4
45.57 775.555
51.875 775.555
51.875 776.121
45.57 776.121
-1
4
54.612 842.711
57.398 842.711
57.398 843.277
54.612 843.277
-1
4
56.832 827.672
57.398 827.672
57.398 842.937
56.832 842.937
-1
4
68.996 765.535
74.668 765.535
74.668 771.207
68.996 771.207
-1
4
68.148 833
74.586 833
74.586 833.57
68.148 833.57
-1
4
66.66 834.137
70.203 834.137
70.203 837.68
66.66 837.68
-1
4
68.996 764.402
71.551 764.402
71.551 766.102
68.996 766.102
-1
4
74.101 765.535
75.801 765.535
75.801 768.09
74.101 768.09
-1
4
67.863 768.656
69.563 768.656
69.563 771.207
67.863 771.207
-1
4
72.117 770.64
74.668 770.64
74.668 772.34
72.117 772.34
-1
4
68.148 833.342
68.715 833.342
68.715 835.554
68.148 835.554
-1
4
74.02 771.66
74.586 771.66
74.586 833.228
74.02 833.228
-1
4
93.637 671.695
94.203 671.695
94.203 686.961
93.637 686.961
-1
4
98.82 738.854
99.387 738.854
99.387 747.055
98.82 747.055
-1
4
102.094 669.867
105.637 669.867
105.637 673.41
102.094 673.41
-1
4
100.723 683.332
109.992 683.332
109.992 683.898
100.723 683.898
-1
4
103.238 741.348
103.809 741.348
103.809 750.23
103.238 750.23
-1
4
105.848 750.797
111.52 750.797
111.52 756.465
105.848 756.465
-1
4
100.723 671.355
103.511 671.355
103.511 671.922
100.723 671.922
-1
4
103.581 741.348
109.992 741.348
109.992 741.914
103.581 741.914
-1
4
105.848 749.664
108.398 749.664
108.398 751.364
105.848 751.364
-1
4
110.953 750.797
112.652 750.797
112.652 753.348
110.953 753.348
-1
4
104.715 753.914
106.415 753.914
106.415 756.465
104.715 756.465
-1
4
108.965 755.898
111.52 755.898
111.52 757.602
108.965 757.602
-1
4
100.723 671.695
101.289 671.695
101.289 683.558
100.723 683.558
-1
4
109.426 683.672
109.992 683.672
109.992 741.574
109.426 741.574
-1
4
103.581 749.664
106.868 749.664
106.868 750.23
103.581 750.23
-1
4
109.18 669.867
112.723 669.867
112.723 673.41
109.18 673.41
-1
4
113.219 750.797
118.887 750.797
118.887 756.465
113.219 756.465
-1
4
111.306 671.355
114.094 671.355
114.094 671.922
111.306 671.922
-1
4
113.953 741.348
121.496 741.348
121.496 741.914
113.953 741.914
-1
4
119.793 747.68
121.496 747.68
121.496 748.246
119.793 748.246
-1
4
119.453 747.68
120.02 747.68
120.02 751.817
119.453 751.817
-1
4
113.219 749.664
115.77 749.664
115.77 751.364
113.219 751.364
-1
4
118.32 750.797
120.02 750.797
120.02 753.348
118.32 753.348
-1
4
112.086 753.914
113.786 753.914
113.786 756.465
112.086 756.465
-1
4
116.336 755.898
118.887 755.898
118.887 757.602
116.336 757.602
-1
8
113.613 741.914
114.18 741.914
114.18 681.066
114.094 681.066
114.094 671.695
113.527 671.695
113.527 681.633
113.613 681.633
-1
4
120.93 741.688
121.496 741.688
121.496 747.906
120.93 747.906
-1
4
116.266 669.867
119.809 669.867
119.809 673.41
116.266 673.41
-1
4
117.797 682.199
121.18 682.199
121.18 682.766
117.797 682.766
-1
4
117.797 738.512
125.918 738.512
125.918 739.082
117.797 739.082
-1
4
127.961 743.426
133.629 743.426
133.629 749.094
127.961 749.094
-1
4
118.392 671.355
121.18 671.355
121.18 671.922
118.392 671.922
-1
4
117.797 682.539
118.363 682.539
118.363 738.74
117.797 738.74
-1
4
127.961 742.293
130.512 742.293
130.512 743.993
127.961 743.993
-1
4
133.062 743.426
134.762 743.426
134.762 745.977
133.062 745.977
-1
4
126.824 746.547
128.528 746.547
128.528 749.094
126.824 749.094
-1
4
131.078 748.527
133.629 748.527
133.629 750.23
131.078 750.23
-1
4
125.352 738.854
125.918 738.854
125.918 746.773
125.352 746.773
-1
4
125.352 746.547
127.506 746.547
127.506 747.113
125.352 747.113
-1
4
120.613 671.695
121.18 671.695
121.18 682.426
120.613 682.426
-1
4
24.141 676.953
27.684 676.953
27.684 680.5
24.141 680.5
-1
8
23.645 737.191
29.312 737.191
29.312 708.844
10.039 708.844
10.039 728.688
20.527 728.688
20.527 729.82
23.645 729.82
-1
4
10.039 726.704
15.707 726.704
15.707 737.191
10.039 737.191
-1
4
25.629 679.081
26.195 679.081
26.195 711.679
25.629 711.679
-1
4
31.227 676.953
34.77 676.953
34.77 680.5
31.227 680.5
-1
4
26.594 739.457
33.5 739.457
33.5 740.023
26.594 740.023
-1
4
23.645 748.246
27.16 748.246
27.16 748.812
23.645 748.812
-1
4
17.406 750.797
23.078 750.797
23.078 756.465
17.406 756.465
-1
8
32.934 739.683
33.5 739.683
33.5 681.066
33.281 681.066
33.281 679.081
32.715 679.081
32.715 681.633
32.934 681.633
-1
4
26.594 739.797
27.16 739.797
27.16 748.472
26.594 748.472
-1
4
17.406 749.664
19.961 749.664
19.961 751.364
17.406 751.364
-1
4
22.511 750.797
24.211 750.797
24.211 753.348
22.511 753.348
-1
4
16.273 753.914
17.973 753.914
17.973 756.465
16.273 756.465
-1
4
20.527 755.898
23.078 755.898
23.078 757.602
20.527 757.602
-1
4
23.645 748.586
24.211 748.586
24.211 751.817
23.645 751.817
-1
4
38.312 676.953
41.855 676.953
41.855 680.5
38.312 680.5
-1
4
32.148 743.426
37.816 743.426
37.816 749.094
32.148 749.094
-1
4
37.457 683.332
40.367 683.332
40.367 683.898
37.457 683.898
-1
4
37.117 683.332
37.684 683.332
37.684 743.993
37.117 743.993
-1
4
32.148 742.293
34.699 742.293
34.699 743.993
32.148 743.993
-1
4
37.249 743.426
38.949 743.426
38.949 745.977
37.249 745.977
-1
4
31.012 746.547
32.715 746.547
32.715 749.094
31.012 749.094
-1
4
35.266 748.527
37.816 748.527
37.816 750.23
35.266 750.23
-1
4
39.801 679.081
40.367 679.081
40.367 683.558
39.801 683.558
-1
4
45.398 676.953
48.941 676.953
48.941 680.5
45.398 680.5
-1
4
38.516 684.465
47.453 684.465
47.453 685.035
38.516 685.035
-1
4
39.52 743.426
45.188 743.426
45.188 749.094
39.52 749.094
-1
4
46.887 679.081
47.453 679.081
47.453 684.693
46.887 684.693
-1
4
39.52 742.293
42.066 742.293
42.066 743.993
39.52 743.993
-1
4
44.621 743.426
46.32 743.426
46.32 745.977
44.621 745.977
-1
4
38.383 746.547
40.087 746.547
40.087 749.094
38.383 749.094
-1
4
42.637 748.527
45.188 748.527
45.188 750.23
42.637 750.23
-1
6
38.516 742.859
40.538 742.859
40.538 742.293
39.082 742.293
39.082 684.807
38.516 684.807
-1
4
52.484 676.953
56.031 676.953
56.031 680.5
52.484 680.5
-1
4
42.699 687.867
43.27 687.867
43.27 740.023
42.699 740.023
-1
4
54.258 750.797
59.926 750.797
59.926 756.465
54.258 756.465
-1
4
53.973 679.081
54.543 679.081
54.543 688.434
53.973 688.434
-1
4
43.042 739.457
50.742 739.457
50.742 740.023
43.042 740.023
-1
4
50.176 749.664
55.278 749.664
55.278 750.23
50.176 750.23
-1
4
54.258 749.664
56.809 749.664
56.809 751.364
54.258 751.364
-1
4
59.359 750.797
61.062 750.797
61.062 753.348
59.359 753.348
-1
4
53.125 753.914
54.825 753.914
54.825 756.465
53.125 756.465
-1
4
57.375 755.898
59.926 755.898
59.926 757.602
57.375 757.602
-1
4
43.042 687.867
54.201 687.867
54.201 688.434
43.042 688.434
-1
4
50.176 739.797
50.742 739.797
50.742 749.89
50.176 749.89
-1
4
59.574 676.953
63.117 676.953
63.117 680.5
59.574 680.5
-1
8
60.496 737.191
66.164 737.191
66.164 708.844
46.887 708.844
46.887 728.688
57.375 728.688
57.375 729.82
60.496 729.82
-1
4
46.887 726.704
52.555 726.704
52.555 737.191
46.887 737.191
-1
4
61.062 679.081
61.629 679.081
61.629 711.679
61.062 711.679
-1
4
66.66 676.953
70.203 676.953
70.203 680.5
66.66 680.5
-1
4
68.148 681.066
74.586 681.066
74.586 681.633
68.148 681.633
-1
4
68.996 743.426
74.668 743.426
74.668 749.094
68.996 749.094
-1
4
68.148 679.081
68.715 679.081
68.715 681.293
68.148 681.293
-1
4
68.996 742.293
71.551 742.293
71.551 743.993
68.996 743.993
-1
4
74.101 743.426
75.801 743.426
75.801 745.977
74.101 745.977
-1
4
67.863 746.547
69.563 746.547
69.563 749.094
67.863 749.094
-1
4
72.117 748.527
74.668 748.527
74.668 750.23
72.117 750.23
-1
4
74.02 681.406
74.586 681.406
74.586 743.993
74.02 743.993
-1
4
80.832 676.953
84.375 676.953
84.375 680.5
80.832 680.5
-1
4
76.449 681.066
82.887 681.066
82.887 681.633
76.449 681.633
-1
4
76.367 743.426
82.039 743.426
82.039 749.094
76.367 749.094
-1
4
82.32 679.081
82.887 679.081
82.887 681.293
82.32 681.293
-1
4
76.367 742.293
78.918 742.293
78.918 743.993
76.367 743.993
-1
4
81.472 743.426
83.172 743.426
83.172 745.977
81.472 745.977
-1
4
75.234 746.547
76.934 746.547
76.934 749.094
75.234 749.094
-1
4
79.484 748.527
82.039 748.527
82.039 750.23
79.484 750.23
-1
4
76.449 681.406
77.016 681.406
77.016 742.973
76.449 742.973
-1
4
87.918 676.953
91.465 676.953
91.465 680.5
87.918 680.5
-1
8
97.344 737.191
103.012 737.191
103.012 708.844
83.738 708.844
83.738 728.688
94.227 728.688
94.227 729.82
97.344 729.82
-1
4
83.738 726.704
89.406 726.704
89.406 737.191
83.738 737.191
-1
4
89.406 679.081
89.973 679.081
89.973 710.828
89.406 710.828
-1
4
95.008 676.953
98.551 676.953
98.551 680.5
95.008 680.5
-1
4
96.496 685.602
107.199 685.602
107.199 686.168
96.496 686.168
-1
4
100.293 739.457
107.199 739.457
107.199 740.023
100.293 740.023
-1
4
97.344 748.246
100.859 748.246
100.859 748.812
97.344 748.812
-1
4
91.109 750.797
96.777 750.797
96.777 756.465
91.109 756.465
-1
4
96.496 679.081
97.062 679.081
97.062 685.828
96.496 685.828
-1
4
106.633 685.942
107.199 685.942
107.199 739.683
106.633 739.683
-1
4
100.293 739.797
100.859 739.797
100.859 748.472
100.293 748.472
-1
4
91.109 749.664
93.66 749.664
93.66 751.364
91.109 751.364
-1
4
96.21 750.797
97.91 750.797
97.91 753.348
96.21 753.348
-1
4
89.973 753.914
91.676 753.914
91.676 756.465
89.973 756.465
-1
4
94.227 755.898
96.777 755.898
96.777 757.602
94.227 757.602
-1
4
97.344 748.586
97.91 748.586
97.91 751.817
97.344 751.817
-1
4
102.094 676.953
105.637 676.953
105.637 680.5
102.094 680.5
-1
4
103.582 682.199
111.387 682.199
111.387 682.766
103.582 682.766
-1
4
105.848 743.426
111.52 743.426
111.52 749.094
105.848 749.094
-1
4
103.582 679.081
104.148 679.081
104.148 682.426
103.582 682.426
-1
4
105.848 742.293
108.398 742.293
108.398 743.993
105.848 743.993
-1
4
110.953 743.426
112.652 743.426
112.652 745.977
110.953 745.977
-1
4
104.715 746.547
106.415 746.547
106.415 749.094
104.715 749.094
-1
4
108.965 748.527
111.52 748.527
111.52 750.23
108.965 750.23
-1
4
110.82 682.539
111.387 682.539
111.387 743.993
110.82 743.993
-1
4
109.18 676.953
112.723 676.953
112.723 680.5
109.18 680.5
-1
4
110.668 681.066
112.781 681.066
112.781 681.633
110.668 681.633
-1
4
113.219 743.426
118.887 743.426
118.887 749.094
113.219 749.094
-1
4
110.668 679.081
111.234 679.081
111.234 681.293
110.668 681.293
-1
4
113.219 742.293
115.77 742.293
115.77 743.993
113.219 743.993
-1
4
118.32 743.426
120.02 743.426
120.02 745.977
118.32 745.977
-1
4
112.086 746.547
113.786 746.547
113.786 749.094
112.086 749.094
-1
4
116.336 748.527
118.887 748.527
118.887 750.23
116.336 750.23
-1
6
112.215 742.859
114.239 742.859
114.239 742.293
112.781 742.293
112.781 681.406
112.215 681.406
-1
4
116.266 676.953
119.809 676.953
119.809 680.5
116.266 680.5
-1
4
116.402 681.066
118.32 681.066
118.32 681.633
116.402 681.633
-1
4
127.961 750.797
133.629 750.797
133.629 756.465
127.961 756.465
-1
4
116.402 681.406
116.969 681.406
116.969 740.023
116.402 740.023
-1
4
117.754 679.081
118.32 679.081
118.32 681.293
117.754 681.293
-1
4
116.742 739.457
124.445 739.457
124.445 740.023
116.742 740.023
-1
4
123.879 749.664
128.981 749.664
128.981 750.23
123.879 750.23
-1
4
127.961 749.664
130.512 749.664
130.512 751.364
127.961 751.364
-1
4
133.062 750.797
134.762 750.797
134.762 753.348
133.062 753.348
-1
4
126.824 753.914
128.528 753.914
128.528 756.465
126.824 756.465
-1
4
131.078 755.898
133.629 755.898
133.629 757.602
131.078 757.602
-1
4
123.879 739.797
124.445 739.797
124.445 749.89
123.879 749.89
-1
4
123.352 676.953
126.895 676.953
126.895 680.5
123.352 680.5
-1
8
134.195 737.191
139.863 737.191
139.863 708.844
120.59 708.844
120.59 728.688
131.078 728.688
131.078 729.82
134.195 729.82
-1
4
120.59 726.704
126.258 726.704
126.258 737.191
120.59 737.191
-1
4
124.84 679.081
125.406 679.081
125.406 710.828
124.84 710.828
-1
4
17.406 758.168
23.078 758.168
23.078 763.836
17.406 763.836
-1
4
26.594 774.609
34.633 774.609
34.633 775.176
26.594 775.176
-1
4
32.715 833
34.633 833
34.633 833.57
32.715 833.57
-1
4
31.227 834.137
34.77 834.137
34.77 837.68
31.227 837.68
-1
4
17.406 757.035
19.961 757.035
19.961 758.735
17.406 758.735
-1
4
22.511 758.168
24.211 758.168
24.211 760.719
22.511 760.719
-1
4
16.273 761.285
17.973 761.285
17.973 763.836
16.273 763.836
-1
4
20.527 763.269
23.078 763.269
23.078 764.969
20.527 764.969
-1
4
22.058 764.402
27.16 764.402
27.16 764.969
22.058 764.969
-1
4
26.594 764.742
27.16 764.742
27.16 774.836
26.594 774.836
-1
4
34.066 774.949
34.633 774.949
34.633 833.228
34.066 833.228
-1
4
32.715 833.342
33.281 833.342
33.281 835.554
32.715 835.554
-1
4
24.777 758.168
30.445 758.168
30.445 763.836
24.777 763.836
-1
4
38.312 848.309
41.855 848.309
41.855 851.852
38.312 851.852
-1
4
24.777 757.035
27.328 757.035
27.328 758.735
24.777 758.735
-1
4
29.878 758.168
31.582 758.168
31.582 760.719
29.878 760.719
-1
4
23.645 761.285
25.344 761.285
25.344 763.836
23.645 763.836
-1
4
27.895 763.269
30.445 763.269
30.445 764.969
27.895 764.969
-1
4
28.406 773.664
36.027 773.664
36.027 774.23
28.406 774.23
-1
4
28.066 764.289
28.633 764.289
28.633 774.23
28.066 774.23
-1
8
35.574 850.363
36.141 850.363
36.141 833
36.027 833
36.027 774.004
35.461 774.004
35.461 833.57
35.574 833.57
-1
4
35.914 849.797
39.729 849.797
39.729 850.363
35.914 850.363
-1
4
32.148 758.168
37.816 758.168
37.816 763.836
32.148 763.836
-1
4
38.312 841.223
41.855 841.223
41.855 844.766
38.312 844.766
-1
8
36.941 843.277
37.512 843.277
37.512 833
37.426 833
37.426 772.719
36.859 772.719
36.859 833.57
36.941 833.57
-1
4
32.148 757.035
34.699 757.035
34.699 758.735
32.148 758.735
-1
4
37.249 758.168
38.949 758.168
38.949 760.719
37.249 760.719
-1
4
31.012 761.285
32.715 761.285
32.715 763.836
31.012 763.836
-1
4
35.266 763.269
37.816 763.269
37.816 764.969
35.266 764.969
-1
4
29.539 766.387
31.24 766.387
31.24 766.953
29.539 766.953
-1
4
31.012 762.816
31.582 762.816
31.582 766.953
31.012 766.953
-1
4
29.539 766.727
30.105 766.727
30.105 773.285
29.539 773.285
-1
4
29.879 772.719
37.086 772.719
37.086 773.285
29.879 773.285
-1
4
37.284 842.711
39.729 842.711
39.729 843.277
37.284 843.277
-1
4
39.52 758.168
45.188 758.168
45.188 763.836
39.52 763.836
-1
4
41.043 830.734
50.312 830.734
50.312 831.301
41.043 831.301
-1
4
45.398 841.223
48.941 841.223
48.941 844.766
45.398 844.766
-1
4
39.52 757.035
42.066 757.035
42.066 758.735
39.52 758.735
-1
4
44.621 758.168
46.32 758.168
46.32 760.719
44.621 760.719
-1
4
38.383 761.285
40.087 761.285
40.087 763.836
38.383 763.836
-1
4
42.637 763.269
45.188 763.269
45.188 764.969
42.637 764.969
-1
4
47.227 764.742
47.793 764.742
47.793 773.285
47.227 773.285
-1
4
44.168 764.402
47.793 764.402
47.793 764.969
44.168 764.969
-1
4
41.043 772.719
41.609 772.719
41.609 830.961
41.043 830.961
-1
4
47.524 842.711
50.312 842.711
50.312 843.277
47.524 843.277
-1
4
41.383 772.719
47.453 772.719
47.453 773.285
41.383 773.285
-1
4
120.59 749.664
123.141 749.664
123.141 751.364
120.59 751.364
-1
4
125.691 750.797
127.391 750.797
127.391 753.348
125.691 753.348
-1
4
119.453 753.914
121.157 753.914
121.157 756.465
119.453 756.465
-1
4
123.707 755.898
126.258 755.898
126.258 757.602
123.707 757.602
-1
4
111.306 664.27
115.123 664.27
115.123 664.836
111.306 664.836
-1
4
122.402 740.742
122.969 740.742
122.969 750.344
122.402 750.344
-1
4
116.266 662.781
119.809 662.781
119.809 666.324
116.266 666.324
-1
4
121.984 664.27
122.551 664.27
122.551 683.898
121.984 683.898
-1
4
119.195 683.332
119.762 683.332
119.762 738.137
119.195 738.137
-1
4
126.824 730.387
133.629 730.387
133.629 741.727
126.824 741.727
-1
4
118.392 664.27
122.211 664.27
122.211 664.836
118.392 664.836
-1
4
119.535 683.332
122.211 683.332
122.211 683.898
119.535 683.898
-1
4
126.824 729.254
130.512 729.254
130.512 731.521
126.824 731.521
-1
4
131.078 740.593
133.629 740.593
133.629 742.859
131.078 742.859
-1
4
119.535 737.57
127.504 737.57
127.504 738.137
119.535 738.137
-1
4
31.227 669.867
34.77 669.867
34.77 673.41
31.227 673.41
-1
4
29.855 682.199
32.105 682.199
32.105 682.766
29.855 682.766
-1
4
25.117 738.512
32.105 738.512
32.105 739.082
25.117 739.082
-1
4
17.406 743.426
23.078 743.426
23.078 749.094
17.406 749.094
-1
4
29.855 671.355
32.644 671.355
32.644 671.922
29.855 671.922
-1
4
31.539 682.539
32.105 682.539
32.105 738.74
31.539 738.74
-1
4
17.406 742.293
19.961 742.293
19.961 743.993
17.406 743.993
-1
4
22.511 743.426
24.211 743.426
24.211 745.977
22.511 745.977
-1
4
16.273 746.547
17.973 746.547
17.973 749.094
16.273 749.094
-1
4
22.511 746.828
25.684 746.828
25.684 747.395
22.511 747.395
-1
4
20.527 748.527
23.078 748.527
23.078 750.23
20.527 750.23
-1
4
29.855 671.695
30.422 671.695
30.422 682.426
29.855 682.426
-1
4
25.117 738.854
25.684 738.854
25.684 747.055
25.117 747.055
-1
4
38.312 669.867
41.855 669.867
41.855 673.41
38.312 673.41
-1
4
36.941 671.355
37.512 671.355
37.512 682.766
36.941 682.766
-1
4
35.723 682.199
36.293 682.199
36.293 741.914
35.723 741.914
-1
4
32.148 750.797
37.816 750.797
37.816 756.465
32.148 756.465
-1
4
37.284 671.355
39.729 671.355
39.729 671.922
37.284 671.922
-1
4
29.539 741.348
35.951 741.348
35.951 741.914
29.539 741.914
-1
4
36.065 682.199
37.169 682.199
37.169 682.766
36.065 682.766
-1
4
29.539 749.664
33.168 749.664
33.168 750.23
29.539 750.23
-1
4
32.148 749.664
34.699 749.664
34.699 751.364
32.148 751.364
-1
4
37.249 750.797
38.949 750.797
38.949 753.348
37.249 753.348
-1
4
31.012 753.914
32.715 753.914
32.715 756.465
31.012 756.465
-1
4
35.266 755.898
37.816 755.898
37.816 757.602
35.266 757.602
-1
4
29.539 741.688
30.105 741.688
30.105 749.89
29.539 749.89
-1
4
45.398 669.867
48.941 669.867
48.941 673.41
45.398 673.41
-1
4
39.91 685.602
40.477 685.602
40.477 741.914
39.91 741.914
-1
4
45.754 747.395
47.793 747.395
47.793 747.961
45.754 747.961
-1
4
39.52 750.797
45.188 750.797
45.188 756.465
39.52 756.465
-1
4
47.524 671.355
50.312 671.355
50.312 671.922
47.524 671.922
-1
4
40.25 685.602
50.312 685.602
50.312 686.168
40.25 686.168
-1
4
40.25 741.348
47.793 741.348
47.793 741.914
40.25 741.914
-1
4
39.52 749.664
42.066 749.664
42.066 751.364
39.52 751.364
-1
4
44.621 750.797
46.32 750.797
46.32 753.348
44.621 753.348
-1
4
38.383 753.914
40.087 753.914
40.087 756.465
38.383 756.465
-1
4
42.637 755.898
45.188 755.898
45.188 757.602
42.637 757.602
-1
4
49.746 671.695
50.312 671.695
50.312 685.828
49.746 685.828
-1
4
47.227 741.688
47.793 741.688
47.793 747.621
47.227 747.621
-1
4
45.754 747.735
46.32 747.735
46.32 751.817
45.754 751.817
-1
4
52.484 669.867
56.031 669.867
56.031 673.41
52.484 673.41
-1
4
44.098 689
57.398 689
57.398 689.57
44.098 689.57
-1
4
44.098 738.512
52.215 738.512
52.215 739.082
44.098 739.082
-1
4
54.258 743.426
59.926 743.426
59.926 749.094
54.258 749.094
-1
4
54.612 671.355
57.398 671.355
57.398 671.922
54.612 671.922
-1
4
44.098 689.342
44.664 689.342
44.664 738.74
44.098 738.74
-1
4
54.258 742.293
56.809 742.293
56.809 743.993
54.258 743.993
-1
4
59.359 743.426
61.062 743.426
61.062 745.977
59.359 745.977
-1
4
53.125 746.547
54.825 746.547
54.825 749.094
53.125 749.094
-1
4
57.375 748.527
59.926 748.527
59.926 750.23
57.375 750.23
-1
4
51.648 738.854
52.215 738.854
52.215 747.055
51.648 747.055
-1
4
51.648 746.828
53.805 746.828
53.805 747.395
51.648 747.395
-1
4
56.832 671.695
57.398 671.695
57.398 689.228
56.832 689.228
-1
4
59.574 669.867
63.117 669.867
63.117 673.41
59.574 673.41
-1
4
63.043 738.512
69.727 738.512
69.727 739.082
63.043 739.082
-1
4
61.629 750.797
67.297 750.797
67.297 756.465
61.629 756.465
-1
4
61.7 671.355
64.484 671.355
64.484 671.922
61.7 671.922
-1
4
63.918 683.332
69.387 683.332
69.387 683.898
63.918 683.898
-1
4
69.16 683.332
69.727 683.332
69.727 738.74
69.16 738.74
-1
4
61.629 749.664
64.18 749.664
64.18 751.364
61.629 751.364
-1
4
66.73 750.797
68.43 750.797
68.43 753.348
66.73 753.348
-1
4
60.496 753.914
62.196 753.914
62.196 756.465
60.496 756.465
-1
4
64.746 755.898
67.297 755.898
67.297 757.602
64.746 757.602
-1
4
63.918 671.695
64.484 671.695
64.484 683.558
63.918 683.558
-1
4
63.043 738.854
63.613 738.854
63.613 750.344
63.043 750.344
-1
4
87.918 669.867
91.465 669.867
91.465 673.41
87.918 673.41
-1
4
81.309 683.332
87.117 683.332
87.117 683.898
81.309 683.898
-1
4
81.309 738.988
87.988 738.988
87.988 739.555
81.309 739.555
-1
4
83.738 750.797
89.406 750.797
89.406 756.465
83.738 756.465
-1
4
86.551 671.355
89.337 671.355
89.337 671.922
86.551 671.922
-1
4
81.309 683.672
81.875 683.672
81.875 739.215
81.309 739.215
-1
4
83.738 749.664
86.289 749.664
86.289 751.364
83.738 751.364
-1
4
88.839 750.797
90.543 750.797
90.543 753.348
88.839 753.348
-1
4
82.605 753.914
84.305 753.914
84.305 756.465
82.605 756.465
-1
4
86.855 755.898
89.406 755.898
89.406 757.602
86.855 757.602
-1
4
87.422 739.328
87.988 739.328
87.988 751.364
87.422 751.364
-1
4
86.551 671.695
87.117 671.695
87.117 683.558
86.551 683.558
-1
4
95.008 669.867
98.551 669.867
98.551 673.41
95.008 673.41
-1
4
93.637 686.734
105.805 686.734
105.805 687.301
93.637 687.301
-1
4
98.82 738.512
105.805 738.512
105.805 739.082
98.82 739.082
-1
4
91.109 743.426
96.777 743.426
96.777 749.094
91.109 749.094
-1
4
93.637 671.355
96.425 671.355
96.425 671.922
93.637 671.922
-1
4
105.238 687.074
105.805 687.074
105.805 738.74
105.238 738.74
-1
4
91.109 742.293
93.66 742.293
93.66 743.993
91.109 743.993
-1
4
96.21 743.426
97.91 743.426
97.91 745.977
96.21 745.977
-1
4
89.973 746.547
91.676 746.547
91.676 749.094
89.973 749.094
-1
4
96.21 746.828
99.387 746.828
99.387 747.395
96.21 747.395
-1
4
94.227 748.527
96.777 748.527
96.777 750.23
94.227 750.23
-1
4
28.488 664.27
29.055 664.27
29.055 683.898
28.488 683.898
-1
4
16.273 730.387
23.078 730.387
23.078 741.727
16.273 741.727
-1
4
28.828 683.332
30.707 683.332
30.707 683.898
28.828 683.898
-1
4
28.828 664.27
32.644 664.27
32.644 664.836
28.828 664.836
-1
4
16.273 729.254
19.961 729.254
19.961 731.521
16.273 731.521
-1
4
22.398 737.57
30.707 737.57
30.707 738.137
22.398 738.137
-1
4
20.527 740.593
23.078 740.593
23.078 742.859
20.527 742.859
-1
4
30.141 683.672
30.707 683.672
30.707 737.797
30.141 737.797
-1
4
38.312 662.781
41.855 662.781
41.855 666.324
38.312 666.324
-1
4
34.328 681.066
36.141 681.066
36.141 681.633
34.328 681.633
-1
4
28.066 740.402
34.895 740.402
34.895 740.969
28.066 740.969
-1
4
24.777 750.797
30.445 750.797
30.445 756.465
24.777 756.465
-1
4
35.574 664.27
36.141 664.27
36.141 681.293
35.574 681.293
-1
4
34.328 681.406
34.895 681.406
34.895 740.629
34.328 740.629
-1
4
24.777 749.664
27.328 749.664
27.328 751.364
24.777 751.364
-1
4
29.878 750.797
31.582 750.797
31.582 753.348
29.878 753.348
-1
4
23.645 753.914
25.344 753.914
25.344 756.465
23.645 756.465
-1
4
27.895 755.898
30.445 755.898
30.445 757.602
27.895 757.602
-1
4
28.066 740.742
28.633 740.742
28.633 751.364
28.066 751.364
-1
4
35.914 664.27
39.729 664.27
39.729 664.836
35.914 664.836
-1
4
45.398 662.781
48.941 662.781
48.941 666.324
45.398 666.324
-1
4
41.305 686.734
51.684 686.734
51.684 687.301
41.305 687.301
-1
4
41.305 740.402
49.27 740.402
49.27 740.969
41.305 740.969
-1
4
46.887 750.797
52.555 750.797
52.555 756.465
46.887 756.465
-1
4
51.117 664.27
51.684 664.27
51.684 686.961
51.117 686.961
-1
4
41.305 687.074
41.871 687.074
41.871 740.629
41.305 740.629
-1
4
46.887 749.664
49.438 749.664
49.438 751.364
46.887 751.364
-1
4
51.988 750.797
53.691 750.797
53.691 753.348
51.988 753.348
-1
4
45.754 753.914
47.454 753.914
47.454 756.465
45.754 756.465
-1
4
50.008 755.898
52.555 755.898
52.555 757.602
50.008 757.602
-1
4
47.524 664.27
51.344 664.27
51.344 664.836
47.524 664.836
-1
4
48.703 740.742
49.27 740.742
49.27 750.344
48.703 750.344
-1
4
52.484 662.781
56.031 662.781
56.031 666.324
52.484 666.324
-1
4
58.203 664.27
58.77 664.27
58.77 690.703
58.203 690.703
-1
4
45.492 690.137
46.059 690.137
46.059 738.137
45.492 738.137
-1
4
53.125 730.387
59.926 730.387
59.926 741.727
53.125 741.727
-1
4
54.612 664.27
58.43 664.27
58.43 664.836
54.612 664.836
-1
4
45.832 690.137
58.43 690.137
58.43 690.703
45.832 690.703
-1
4
53.125 729.254
56.809 729.254
56.809 731.521
53.125 731.521
-1
4
57.375 740.593
59.926 740.593
59.926 742.859
57.375 742.859
-1
4
45.832 737.57
53.805 737.57
53.805 738.137
45.832 738.137
-1
4
59.574 662.781
63.117 662.781
63.117 666.324
59.574 666.324
-1
4
65.289 682.199
72.156 682.199
72.156 682.766
65.289 682.766
-1
4
65.312 740.402
72.156 740.402
72.156 740.969
65.312 740.969
-1
4
68.996 750.797
74.668 750.797
74.668 756.465
68.996 756.465
-1
4
61.7 664.27
65.855 664.27
65.855 664.836
61.7 664.836
-1
4
65.312 740.742
65.879 740.742
65.879 750.23
65.312 750.23
-1
4
71.59 682.539
72.156 682.539
72.156 740.629
71.59 740.629
-1
4
68.996 749.664
71.551 749.664
71.551 751.364
68.996 751.364
-1
4
74.101 750.797
75.801 750.797
75.801 753.348
74.101 753.348
-1
4
67.863 753.914
69.563 753.914
69.563 756.465
67.863 756.465
-1
4
72.117 755.898
74.668 755.898
74.668 757.602
72.117 757.602
-1
4
65.289 664.61
65.855 664.61
65.855 682.426
65.289 682.426
-1
4
65.652 749.664
70.018 749.664
70.018 750.23
65.652 750.23
-1
4
87.918 662.781
91.465 662.781
91.465 666.324
87.918 666.324
-1
4
78.879 682.199
85.746 682.199
85.746 682.766
78.879 682.766
-1
4
78.879 741.066
85.723 741.066
85.723 741.633
78.879 741.633
-1
4
82.605 747.535
85.723 747.535
85.723 748.105
82.605 748.105
-1
4
76.367 750.797
82.039 750.797
82.039 756.465
76.367 756.465
-1
4
85.18 664.27
89.337 664.27
89.337 664.836
85.18 664.836
-1
4
78.879 682.539
79.445 682.539
79.445 741.293
78.879 741.293
-1
4
85.156 741.406
85.723 741.406
85.723 747.763
85.156 747.763
-1
4
76.367 749.664
78.918 749.664
78.918 751.364
76.367 751.364
-1
4
81.472 750.797
83.172 750.797
83.172 753.348
81.472 753.348
-1
4
75.234 753.914
76.934 753.914
76.934 756.465
75.234 756.465
-1
4
79.484 755.898
82.039 755.898
82.039 757.602
79.484 757.602
-1
4
85.18 664.61
85.746 664.61
85.746 682.426
85.18 682.426
-1
4
82.605 747.877
83.172 747.877
83.172 751.817
82.605 751.817
-1
4
95.008 662.781
98.551 662.781
98.551 666.324
95.008 666.324
-1
4
92.266 687.867
104.41 687.867
104.41 688.434
92.266 688.434
-1
4
89.973 730.387
96.777 730.387
96.777 741.727
89.973 741.727
-1
4
92.266 664.27
96.425 664.27
96.425 664.836
92.266 664.836
-1
4
89.973 729.254
93.66 729.254
93.66 731.521
89.973 731.521
-1
4
96.097 737.57
104.41 737.57
104.41 738.137
96.097 738.137
-1
4
94.227 740.593
96.777 740.593
96.777 742.859
94.227 742.859
-1
4
92.266 664.61
92.832 664.61
92.832 688.094
92.266 688.094
-1
4
103.844 688.207
104.41 688.207
104.41 737.797
103.844 737.797
-1
4
102.094 662.781
105.637 662.781
105.637 666.324
102.094 666.324
-1
4
108.027 684.465
108.598 684.465
108.598 740.969
108.027 740.969
-1
4
98.477 750.797
104.148 750.797
104.148 756.465
98.477 756.465
-1
4
99.352 664.27
103.511 664.27
103.511 664.836
99.352 664.836
-1
4
99.352 684.465
108.255 684.465
108.255 685.035
99.352 685.035
-1
4
101.766 740.402
108.255 740.402
108.255 740.969
101.766 740.969
-1
4
98.477 749.664
101.031 749.664
101.031 751.364
98.477 751.364
-1
4
103.581 750.797
105.281 750.797
105.281 753.348
103.581 753.348
-1
4
97.344 753.914
99.044 753.914
99.044 756.465
97.344 756.465
-1
4
101.598 755.898
104.148 755.898
104.148 757.602
101.598 757.602
-1
4
99.352 664.61
99.918 664.61
99.918 684.693
99.352 684.693
-1
4
101.766 740.742
102.332 740.742
102.332 751.364
101.766 751.364
-1
4
109.18 662.781
112.723 662.781
112.723 666.324
109.18 666.324
-1
4
115.008 740.402
122.969 740.402
122.969 740.969
115.008 740.969
-1
4
120.59 750.797
126.258 750.797
126.258 756.465
120.59 756.465
-1
8
115.008 740.629
115.574 740.629
115.574 681.066
115.465 681.066
115.465 664.27
114.895 664.27
114.895 681.633
115.008 681.633
-1
4
31.227 662.781
34.77 662.781
34.77 666.324
31.227 666.324
-1
4
76.367 765.535
82.039 765.535
82.039 771.207
76.367 771.207
-1
4
76.449 833
82.887 833
82.887 833.57
76.449 833.57
-1
4
80.832 834.137
84.375 834.137
84.375 837.68
80.832 837.68
-1
4
76.367 764.402
78.918 764.402
78.918 766.102
76.367 766.102
-1
4
81.472 765.535
83.172 765.535
83.172 768.09
81.472 768.09
-1
4
75.234 768.656
76.934 768.656
76.934 771.207
75.234 771.207
-1
4
79.484 770.64
82.039 770.64
82.039 772.34
79.484 772.34
-1
4
76.449 770.64
77.016 770.64
77.016 833.228
76.449 833.228
-1
4
82.32 833.342
82.887 833.342
82.887 835.554
82.32 835.554
-1
4
91.109 765.535
96.777 765.535
96.777 771.207
91.109 771.207
-1
4
98.82 767.238
99.387 767.238
99.387 776.121
98.82 776.121
-1
4
93.637 825.066
106.938 825.066
106.938 825.633
93.637 825.633
-1
4
95.008 841.223
98.551 841.223
98.551 844.766
95.008 844.766
-1
4
91.109 764.402
93.66 764.402
93.66 766.102
91.109 766.102
-1
4
96.21 765.535
97.91 765.535
97.91 768.09
96.21 768.09
-1
4
89.973 768.656
91.676 768.656
91.676 771.207
89.973 771.207
-1
4
94.227 770.64
96.777 770.64
96.777 772.34
94.227 772.34
-1
4
106.371 775.555
106.938 775.555
106.938 825.293
106.371 825.293
-1
4
93.637 842.711
96.425 842.711
96.425 843.277
93.637 843.277
-1
4
97.23 767.238
99.047 767.238
99.047 767.805
97.23 767.805
-1
4
99.16 775.555
106.598 775.555
106.598 776.121
99.16 776.121
-1
4
93.637 825.406
94.203 825.406
94.203 842.937
93.637 842.937
-1
4
105.848 765.535
111.52 765.535
111.52 771.207
105.848 771.207
-1
4
102.094 834.137
105.637 834.137
105.637 837.68
102.094 837.68
-1
4
105.848 764.402
108.398 764.402
108.398 766.102
105.848 766.102
-1
4
110.953 765.535
112.652 765.535
112.652 768.09
110.953 768.09
-1
4
104.715 768.656
106.415 768.656
106.415 771.207
104.715 771.207
-1
4
108.965 770.64
111.52 770.64
111.52 772.34
108.965 772.34
-1
4
103.582 829.602
112.18 829.602
112.18 830.168
103.582 830.168
-1
4
103.582 829.942
104.148 829.942
104.148 835.554
103.582 835.554
-1
6
111.953 830.168
112.52 830.168
112.52 771.773
110.498 771.773
110.498 772.34
111.953 772.34
-1
4
113.219 765.535
118.887 765.535
118.887 771.207
113.219 771.207
-1
4
109.18 834.137
112.723 834.137
112.723 837.68
109.18 837.68
-1
4
113.219 764.402
115.77 764.402
115.77 766.102
113.219 766.102
-1
4
118.32 765.535
120.02 765.535
120.02 768.09
118.32 768.09
-1
4
112.086 768.656
113.786 768.656
113.786 771.207
112.086 771.207
-1
4
113.348 770.64
113.918 770.64
113.918 831.301
113.348 831.301
-1
4
116.336 770.64
118.887 770.64
118.887 772.34
116.336 772.34
-1
4
110.668 830.734
113.576 830.734
113.576 831.301
110.668 831.301
-1
4
110.668 831.074
111.234 831.074
111.234 835.554
110.668 835.554
-1
4
127.961 765.535
133.629 765.535
133.629 771.207
127.961 771.207
-1
4
118.934 775.555
125.918 775.555
125.918 776.121
118.934 776.121
-1
4
118.934 831.867
121.18 831.867
121.18 832.434
118.934 832.434
-1
4
116.266 841.223
119.809 841.223
119.809 844.766
116.266 844.766
-1
4
127.961 764.402
130.512 764.402
130.512 766.102
127.961 766.102
-1
4
133.062 765.535
134.762 765.535
134.762 768.09
133.062 768.09
-1
4
125.352 767.238
128.528 767.238
128.528 767.805
125.352 767.805
-1
4
126.824 768.656
128.528 768.656
128.528 771.207
126.824 771.207
-1
4
131.078 770.64
133.629 770.64
133.629 772.34
131.078 772.34
-1
4
120.613 832.207
121.18 832.207
121.18 843.277
120.613 843.277
-1
4
118.934 775.895
119.5 775.895
119.5 832.094
118.934 832.094
-1
4
125.352 767.578
125.918 767.578
125.918 775.781
125.352 775.781
-1
4
118.392 842.711
120.84 842.711
120.84 843.277
118.392 843.277
-1
4
17.406 772.906
24.211 772.906
24.211 784.246
17.406 784.246
-1
4
28.488 830.734
31.844 830.734
31.844 831.301
28.488 831.301
-1
4
31.227 848.309
34.77 848.309
34.77 851.852
31.227 851.852
-1
4
17.406 771.773
19.961 771.773
19.961 774.04
17.406 774.04
-1
4
20.527 783.112
24.211 783.112
24.211 785.379
20.527 785.379
-1
4
31.277 776.5
31.844 776.5
31.844 830.961
31.277 830.961
-1
4
28.488 831.074
29.055 831.074
29.055 850.363
28.488 850.363
-1
4
23.53 776.5
31.504 776.5
31.504 777.066
23.53 777.066
-1
4
28.828 849.797
32.644 849.797
32.644 850.363
28.828 850.363
-1
4
54.258 772.906
61.062 772.906
61.062 784.246
54.258 784.246
-1
4
46.625 776.5
47.195 776.5
47.195 826.766
46.625 826.766
-1
4
52.484 848.309
56.031 848.309
56.031 851.852
52.484 851.852
-1
4
54.258 771.773
56.809 771.773
56.809 774.04
54.258 774.04
-1
4
57.375 783.112
61.062 783.112
61.062 785.379
57.375 785.379
-1
4
46.967 826.199
58.77 826.199
58.77 826.766
46.967 826.766
-1
4
46.967 776.5
54.938 776.5
54.938 777.066
46.967 777.066
-1
4
58.203 826.539
58.77 826.539
58.77 850.363
58.203 850.363
-1
4
54.612 849.797
58.43 849.797
58.43 850.363
54.612 850.363
-1
4
91.109 772.906
97.91 772.906
97.91 784.246
91.109 784.246
-1
4
92.266 823.93
105.543 823.93
105.543 824.5
92.266 824.5
-1
4
95.008 848.309
98.551 848.309
98.551 851.852
95.008 851.852
-1
4
91.109 771.773
93.66 771.773
93.66 774.04
91.109 774.04
-1
4
97.23 776.5
105.543 776.5
105.543 777.066
97.23 777.066
-1
4
94.227 783.112
97.91 783.112
97.91 785.379
94.227 785.379
-1
4
92.266 849.797
96.425 849.797
96.425 850.363
92.266 850.363
-1
4
104.977 776.84
105.543 776.84
105.543 824.158
104.977 824.158
-1
4
92.266 824.272
92.832 824.272
92.832 850.023
92.266 850.023
-1
4
127.961 772.906
134.762 772.906
134.762 784.246
127.961 784.246
-1
4
120.328 830.734
122.551 830.734
122.551 831.301
120.328 831.301
-1
4
116.266 848.309
119.809 848.309
119.809 851.852
116.266 851.852
-1
4
127.961 771.773
130.512 771.773
130.512 774.04
127.961 774.04
-1
4
131.078 783.112
134.762 783.112
134.762 785.379
131.078 785.379
-1
4
120.328 776.5
120.895 776.5
120.895 830.961
120.328 830.961
-1
4
121.984 831.074
122.551 831.074
122.551 850.363
121.984 850.363
-1
4
120.668 776.5
128.641 776.5
128.641 777.066
120.668 777.066
-1
4
118.392 849.797
122.211 849.797
122.211 850.363
118.392 850.363
-1
4
24.141 834.137
27.684 834.137
27.684 837.68
24.141 837.68
-1
8
11.172 805.789
30.445 805.789
30.445 785.945
19.961 785.945
19.961 784.812
16.84 784.812
16.84 777.441
11.172 777.441
-1
4
24.777 777.441
30.445 777.441
30.445 787.929
24.777 787.929
-1
4
25.629 803.805
26.195 803.805
26.195 835.554
25.629 835.554
-1
4
59.574 834.137
63.117 834.137
63.117 837.68
59.574 837.68
-1
8
48.02 805.789
67.297 805.789
67.297 785.945
56.809 785.945
56.809 784.812
53.691 784.812
53.691 777.441
48.02 777.441
-1
4
61.629 777.441
67.297 777.441
67.297 787.929
61.629 787.929
-1
4
61.062 803.805
61.629 803.805
61.629 835.554
61.062 835.554
-1
4
87.918 834.137
91.465 834.137
91.465 837.68
87.918 837.68
-1
8
84.871 805.789
104.148 805.789
104.148 785.945
93.66 785.945
93.66 784.812
90.543 784.812
90.543 777.441
84.871 777.441
-1
4
98.477 777.441
104.148 777.441
104.148 787.929
98.477 787.929
-1
4
89.406 802.954
89.973 802.954
89.973 835.554
89.406 835.554
-1
4
123.352 834.137
126.895 834.137
126.895 837.68
123.352 837.68
-1
8
121.723 805.789
140.996 805.789
140.996 785.945
130.512 785.945
130.512 784.812
127.391 784.812
127.391 777.441
121.723 777.441
-1
4
135.328 777.441
140.996 777.441
140.996 787.929
135.328 787.929
-1
4
124.84 802.954
125.406 802.954
125.406 835.554
124.84 835.554
