-1
4
0.585 653.327
150.45 653.327
150.45 861.306
0.585 861.306
-1
4
24.777 750.797
30.445 750.797
30.445 756.465
24.777 756.465
-1
4
46.887 750.797
52.555 750.797
52.555 756.465
46.887 756.465
-1
4
45.492 690.137
46.059 690.137
46.059 738.137
45.492 738.137
-1
4
98.477 750.797
104.148 750.797
104.148 756.465
98.477 756.465
-1
4
120.586 750.797
126.258 750.797
126.258 756.465
120.586 756.465
-1
4
35.723 682.199
36.293 682.199
36.293 741.914
35.723 741.914
-1
4
29.539 741.518
30.105 741.518
30.105 750.06
29.539 750.06
-1
4
39.91 685.602
40.477 685.602
40.477 741.914
39.91 741.914
-1
4
44.098 689.171
44.664 689.171
44.664 738.911
44.098 738.911
-1
4
51.648 738.683
52.215 738.683
52.215 747.225
51.648 747.225
-1
4
98.816 738.512
99.387 738.512
99.387 747.395
98.816 747.395
-1
8
32.934 739.853
33.5 739.853
33.5 681.066
33.281 681.066
33.281 678.017
32.715 678.017
32.715 681.633
32.934 681.633
-1
4
26.594 739.627
27.16 739.627
27.16 748.643
26.594 748.643
-1
6
112.215 742.859
115.005 742.859
115.005 742.293
112.781 742.293
112.781 681.236
112.215 681.236
-1
8
134.195 737.191
139.863 737.191
139.863 708.844
120.586 708.844
120.586 728.688
131.074 728.688
131.074 729.82
134.195 729.82
-1
4
26.594 764.572
27.16 764.572
27.16 775.006
26.594 775.006
-1
4
24.777 758.168
30.445 758.168
30.445 763.836
24.777 763.836
-1
8
35.574 850.363
36.141 850.363
36.141 833
36.027 833
36.027 773.834
35.461 773.834
35.461 833.57
35.574 833.57
-1
4
46.887 758.168
52.555 758.168
52.555 763.836
46.887 763.836
-1
4
42.438 773.834
43.004 773.834
43.004 829.998
42.438 829.998
-1
4
43.836 774.779
44.402 774.779
44.402 829.035
43.836 829.035
-1
4
50.176 765.99
50.742 765.99
50.742 775.006
50.176 775.006
-1
4
100.293 764.572
100.859 764.572
100.859 775.006
100.293 775.006
-1
8
117.754 836.617
118.32 836.617
118.32 833
118.102 833
118.102 774.779
117.535 774.779
117.535 833.57
117.754 833.57
-1
4
123.875 765.99
124.441 765.99
124.441 775.006
123.875 775.006
-1
4
25.117 767.693
25.684 767.693
25.684 776.121
25.117 776.121
-1
4
32.672 775.725
33.238 775.725
33.238 832.264
32.672 832.264
-1
4
39.648 767.237
40.215 767.237
40.215 832.264
39.648 832.264
-1
4
45.23 775.555
45.797 775.555
45.797 827.898
45.23 827.898
-1
4
98.816 767.238
99.387 767.238
99.387 776.121
98.816 776.121
-1
4
106.371 775.555
106.938 775.555
106.938 825.463
106.371 825.463
-1
4
110.559 772.719
111.125 772.719
111.125 829.035
110.559 829.035
-1
4
127.957 765.535
133.629 765.535
133.629 771.207
127.957 771.207
-1
4
31.277 776.5
31.844 776.5
31.844 831.131
31.277 831.131
-1
4
28.488 830.904
29.055 830.904
29.055 850.363
28.488 850.363
-1
4
54.258 772.906
61.059 772.906
61.059 784.246
54.258 784.246
-1
4
46.625 776.67
47.191 776.67
47.191 826.596
46.625 826.596
-1
4
116.266 848.309
119.809 848.309
119.809 851.852
116.266 851.852
