-1
4
0.585 653.327
150.45 653.327
150.45 861.306
0.585 861.306
-1
4
30.141 683.672
30.707 683.672
30.707 737.797
30.141 737.797
-1
4
24.777 749.664
27.328 749.664
27.328 751.364
24.777 751.364
-1
4
23.645 753.914
25.344 753.914
25.344 756.465
23.645 756.465
-1
4
51.113 664.27
51.684 664.27
51.684 687.301
51.113 687.301
-1
4
58.203 664.27
58.77 664.27
58.77 690.703
58.203 690.703
-1
4
45.492 690.137
46.059 690.137
46.059 738.137
45.492 738.137
-1
4
53.125 730.387
59.926 730.387
59.926 741.727
53.125 741.727
-1
4
71.59 682.539
72.156 682.539
72.156 740.629
71.59 740.629
-1
4
68.996 749.664
71.547 749.664
71.547 751.364
68.996 751.364
-1
4
74.101 750.797
75.801 750.797
75.801 753.348
74.101 753.348
-1
4
67.863 753.914
69.563 753.914
69.563 756.465
67.863 756.465
-1
4
72.113 755.898
74.668 755.898
74.668 757.602
72.113 757.602
-1
4
85.156 741.406
85.723 741.406
85.723 747.763
85.156 747.763
-1
4
85.18 664.61
85.746 664.61
85.746 682.426
85.18 682.426
-1
4
82.602 747.877
83.172 747.877
83.172 751.817
82.602 751.817
-1
4
92.266 664.27
96.421 664.27
96.421 664.836
92.266 664.836
-1
4
92.266 687.867
104.068 687.867
104.068 688.434
92.266 688.434
-1
4
96.097 737.57
104.068 737.57
104.068 738.137
96.097 738.137
-1
4
103.581 750.797
105.281 750.797
105.281 753.348
103.581 753.348
-1
4
17.406 742.293
19.957 742.293
19.957 743.993
17.406 743.993
-1
4
22.511 743.426
24.211 743.426
24.211 745.977
22.511 745.977
-1
4
36.941 671.355
37.512 671.355
37.512 682.766
36.941 682.766
-1
4
29.539 741.348
35.951 741.348
35.951 741.914
29.539 741.914
-1
4
29.539 749.664
33.168 749.664
33.168 750.23
29.539 750.23
-1
6
38.516 742.859
40.538 742.859
40.538 742.293
39.082 742.293
39.082 684.807
38.516 684.807
-1
4
47.227 741.688
47.793 741.688
47.793 747.763
47.227 747.763
-1
4
57.375 748.527
59.926 748.527
59.926 750.23
57.375 750.23
-1
4
63.043 738.512
69.727 738.512
69.727 739.082
63.043 739.082
-1
4
60.492 753.914
62.192 753.914
62.192 756.465
60.492 756.465
-1
4
88.839 750.797
90.539 750.797
90.539 753.348
88.839 753.348
-1
4
82.602 753.914
84.305 753.914
84.305 756.465
82.602 756.465
-1
4
86.855 755.898
89.406 755.898
89.406 757.602
86.855 757.602
-1
4
93.637 671.355
96.421 671.355
96.421 671.922
93.637 671.922
-1
4
91.105 742.293
93.66 742.293
93.66 743.993
91.105 743.993
-1
4
96.21 743.426
97.91 743.426
97.91 745.977
96.21 745.977
-1
4
89.973 746.547
91.672 746.547
91.672 749.094
89.973 749.094
-1
4
94.227 748.527
96.777 748.527
96.777 750.23
94.227 750.23
-1
4
100.723 683.332
109.988 683.332
109.988 683.898
100.723 683.898
-1
4
113.219 749.664
115.77 749.664
115.77 751.364
113.219 751.364
-1
4
118.32 750.797
120.02 750.797
120.02 753.348
118.32 753.348
-1
4
120.93 741.688
121.496 741.688
121.496 747.906
120.93 747.906
-1
4
117.797 682.199
121.18 682.199
121.18 682.766
117.797 682.766
-1
4
117.797 738.512
125.918 738.512
125.918 739.082
117.797 739.082
-1
4
118.392 671.355
121.18 671.355
121.18 671.922
118.392 671.922
-1
4
127.957 742.293
130.508 742.293
130.508 743.993
127.957 743.993
-1
4
133.062 743.426
134.762 743.426
134.762 745.977
133.062 745.977
-1
4
126.824 746.547
128.524 746.547
128.524 749.094
126.824 749.094
-1
4
26.594 739.457
33.5 739.457
33.5 740.023
26.594 740.023
-1
4
17.406 749.664
19.957 749.664
19.957 751.364
17.406 751.364
-1
4
43.042 739.457
50.742 739.457
50.742 740.023
43.042 740.023
-1
4
50.176 749.664
55.278 749.664
55.278 750.23
50.176 750.23
-1
4
74.101 743.426
75.801 743.426
75.801 745.977
74.101 745.977
-1
4
76.449 681.066
82.887 681.066
82.887 681.633
76.449 681.633
-1
4
87.918 676.953
91.461 676.953
91.461 680.5
87.918 680.5
-1
4
100.293 739.457
107.199 739.457
107.199 740.023
100.293 740.023
-1
4
96.832 685.602
107.199 685.602
107.199 686.168
96.832 686.168
-1
4
110.668 679.081
111.234 679.081
111.234 681.293
110.668 681.293
-1
4
113.219 742.293
115.77 742.293
115.77 743.993
113.219 743.993
-1
4
116.266 676.953
119.809 676.953
119.809 680.5
116.266 680.5
-1
4
127.957 750.797
133.629 750.797
133.629 756.465
127.957 756.465
-1
4
120.586 726.704
126.258 726.704
126.258 737.191
120.586 737.191
-1
4
124.84 679.081
125.406 679.081
125.406 710.828
124.84 710.828
-1
4
39.52 749.664
42.066 749.664
42.066 751.364
39.52 751.364
-1
4
38.383 753.914
40.087 753.914
40.087 756.465
38.383 756.465
-1
4
42.637 755.898
45.188 755.898
45.188 757.602
42.637 757.602
-1
4
17.406 757.035
19.957 757.035
19.957 758.735
17.406 758.735
-1
4
22.511 758.168
24.211 758.168
24.211 760.719
22.511 760.719
-1
4
20.523 763.269
23.078 763.269
23.078 764.969
20.523 764.969
-1
8
35.574 850.363
36.141 850.363
36.141 833
36.027 833
36.027 774.004
35.461 774.004
35.461 833.57
35.574 833.57
-1
4
31.012 761.285
32.715 761.285
32.715 763.836
31.012 763.836
-1
4
29.539 766.727
30.105 766.727
30.105 773.285
29.539 773.285
-1
4
38.383 761.285
40.087 761.285
40.087 763.836
38.383 763.836
-1
4
42.637 763.269
45.188 763.269
45.188 764.969
42.637 764.969
-1
4
49.746 831.074
50.313 831.074
50.313 843.277
49.746 843.277
-1
4
42.438 773.664
48.927 773.664
48.927 774.23
42.438 774.23
-1
4
54.258 758.168
59.926 758.168
59.926 763.836
54.258 763.836
-1
4
50.176 765.82
53.691 765.82
53.691 766.387
50.176 766.387
-1
4
44.176 828.469
54.201 828.469
54.201 829.035
44.176 829.035
-1
4
64.746 763.269
67.297 763.269
67.297 764.969
64.746 764.969
-1
4
69.16 775.082
69.727 775.082
69.727 830.961
69.16 830.961
-1
4
63.918 831.074
64.484 831.074
64.484 842.937
63.918 842.937
-1
4
65.313 766.867
65.879 766.867
65.879 773.228
65.313 773.228
-1
4
76.367 758.168
82.035 758.168
82.035 763.836
76.367 763.836
-1
4
87.918 848.309
91.461 848.309
91.461 851.852
87.918 851.852
-1
4
78.879 774.004
79.445 774.004
79.445 832.094
78.879 832.094
-1
4
85.18 832.207
85.746 832.207
85.746 850.023
85.18 850.023
-1
4
87.422 764.289
87.988 764.289
87.988 775.781
87.422 775.781
-1
4
91.105 758.168
96.777 758.168
96.777 763.836
91.105 763.836
-1
4
100.293 764.742
100.859 764.742
100.859 774.836
100.293 774.836
-1
4
99.352 827.332
109.73 827.332
109.73 827.898
99.352 827.898
-1
4
98.477 757.035
101.027 757.035
101.027 758.735
98.477 758.735
-1
4
105.848 758.168
111.516 758.168
111.516 763.836
105.848 763.836
-1
4
113.523 831.867
115.309 831.867
115.309 832.434
113.523 832.434
-1
4
116.336 763.269
118.887 763.269
118.887 764.969
116.336 764.969
-1
4
115.082 772.719
121.156 772.719
121.156 773.285
115.082 773.285
-1
4
111.306 842.711
113.75 842.711
113.75 843.277
111.306 843.277
-1
4
120.586 758.168
126.258 758.168
126.258 763.836
120.586 763.836
-1
4
111.306 849.797
115.461 849.797
115.461 850.363
111.306 850.363
-1
4
117.535 774.609
124.441 774.609
124.441 775.176
117.535 775.176
-1
4
123.875 765.82
127.051 765.82
127.051 766.387
123.875 766.387
-1
4
16.273 768.656
17.973 768.656
17.973 771.207
16.273 771.207
-1
4
20.523 770.64
23.078 770.64
23.078 772.34
20.523 772.34
-1
4
29.855 832.207
30.422 832.207
30.422 843.277
29.855 843.277
-1
4
32.672 775.895
33.238 775.895
33.238 832.094
32.672 832.094
-1
4
35.266 770.64
37.816 770.64
37.816 772.34
35.266 772.34
-1
4
39.801 833.342
40.367 833.342
40.367 835.554
39.801 835.554
-1
4
46.887 832.207
47.453 832.207
47.453 835.554
46.887 835.554
-1
4
57.375 770.64
59.926 770.64
59.926 772.34
57.375 772.34
-1
4
54.612 842.711
57.398 842.711
57.398 843.277
54.612 843.277
-1
4
74.101 765.535
75.801 765.535
75.801 768.09
74.101 768.09
-1
4
74.02 771.66
74.586 771.66
74.586 833.228
74.02 833.228
-1
4
96.21 765.535
97.91 765.535
97.91 768.09
96.21 768.09
-1
4
89.973 768.656
91.672 768.656
91.672 771.207
89.973 771.207
-1
4
94.227 770.64
96.777 770.64
96.777 772.34
94.227 772.34
-1
4
93.637 842.711
96.421 842.711
96.421 843.277
93.637 843.277
-1
4
103.238 766.527
103.809 766.527
103.809 773.285
103.238 773.285
-1
4
110.949 765.535
112.652 765.535
112.652 768.09
110.949 768.09
-1
6
111.953 830.168
112.52 830.168
112.52 771.773
110.496 771.773
110.496 772.34
111.953 772.34
-1
4
116.266 841.223
119.809 841.223
119.809 844.766
116.266 844.766
-1
4
46.625 776.5
54.938 776.5
54.938 777.066
46.625 777.066
-1
4
95.004 848.309
98.547 848.309
98.547 851.852
95.004 851.852
-1
4
104.977 776.84
105.543 776.84
105.543 824.158
104.977 824.158
-1
4
127.957 771.773
130.508 771.773
130.508 774.04
127.957 774.04
-1
4
131.074 783.112
134.762 783.112
134.762 785.379
131.074 785.379
-1
4
120.667 776.5
128.637 776.5
128.637 777.066
120.667 777.066
-1
4
121.98 831.074
122.547 831.074
122.547 850.363
121.98 850.363
-1
8
11.172 805.789
30.445 805.789
30.445 785.945
19.957 785.945
19.957 784.813
16.84 784.813
16.84 777.441
11.172 777.441
-1
4
61.625 777.441
67.297 777.441
67.297 787.929
61.625 787.929
-1
4
61.059 803.805
61.625 803.805
61.625 835.554
61.059 835.554
