-1
4
0.585 653.327
150.45 653.327
150.45 861.306
0.585 861.306
-1
4
52.484 834.137
56.031 834.137
56.031 837.68
52.484 837.68
-1
4
54.258 757.035
56.809 757.035
56.809 758.735
54.258 758.735
-1
4
53.125 762.816
53.691 762.816
53.691 766.047
53.125 766.047
-1
4
44.176 828.469
54.201 828.469
54.201 829.035
44.176 829.035
-1
4
60.496 761.285
62.196 761.285
62.196 763.836
60.496 763.836
-1
4
63.918 831.074
64.484 831.074
64.484 842.937
63.918 842.937
-1
4
65.312 773
72.156 773
72.156 773.57
65.312 773.57
-1
4
67.863 761.285
69.563 761.285
69.563 763.836
67.863 763.836
-1
4
78.879 831.867
85.746 831.867
85.746 832.434
78.879 832.434
-1
4
75.234 761.285
76.934 761.285
76.934 763.836
75.234 763.836
-1
4
79.484 763.269
82.039 763.269
82.039 764.969
79.484 764.969
-1
4
85.156 764.742
85.723 764.742
85.723 774.23
85.156 774.23
-1
4
100.293 774.609
108.336 774.609
108.336 775.176
100.293 775.176
-1
4
96.496 826.199
108.336 826.199
108.336 826.766
96.496 826.766
-1
4
96.21 758.168
97.91 758.168
97.91 760.719
96.21 760.719
-1
4
103.581 758.168
105.281 758.168
105.281 760.719
103.581 760.719
-1
4
101.598 763.269
104.148 763.269
104.148 764.969
101.598 764.969
-1
4
103.238 766.672
103.809 766.672
103.809 773.285
103.238 773.285
-1
4
116.336 763.269
118.887 763.269
118.887 764.969
116.336 764.969
-1
4
120.93 764.742
121.496 764.742
121.496 773.285
120.93 773.285
-1
4
114.746 772.719
115.312 772.719
115.312 832.094
114.746 832.094
-1
4
126.824 762.816
127.391 762.816
127.391 766.387
126.824 766.387
-1
8
117.754 835.554
118.32 835.554
118.32 833
118.102 833
118.102 774.949
117.535 774.949
117.535 833.57
117.754 833.57
-1
4
37.249 765.535
38.949 765.535
38.949 768.09
37.249 768.09
-1
6
38.254 833.228
38.82 833.228
38.82 771.773
36.796 771.773
36.796 772.34
38.254 772.34
-1
4
42.637 770.64
45.188 770.64
45.188 772.34
42.637 772.34
-1
4
53.125 768.656
54.825 768.656
54.825 771.207
53.125 771.207
-1
4
74.02 771.66
74.586 771.66
74.586 833.228
74.02 833.228
-1
4
103.238 741.348
103.809 741.348
103.809 750.23
103.238 750.23
-1
4
105.848 749.664
108.398 749.664
108.398 751.364
105.848 751.364
-1
4
120.93 741.688
121.496 741.688
121.496 747.906
120.93 747.906
-1
4
117.797 682.199
121.18 682.199
121.18 682.766
117.797 682.766
-1
4
117.797 738.512
125.918 738.512
125.918 739.082
117.797 739.082
-1
4
17.406 749.664
19.961 749.664
19.961 751.364
17.406 751.364
-1
4
35.266 748.527
37.816 748.527
37.816 750.23
35.266 750.23
-1
6
38.516 742.859
40.538 742.859
40.538 742.293
39.082 742.293
39.082 684.807
38.516 684.807
-1
4
54.258 749.664
56.809 749.664
56.809 751.364
54.258 751.364
-1
4
43.042 687.867
54.201 687.867
54.201 688.434
43.042 688.434
-1
4
74.02 681.406
74.586 681.406
74.586 743.993
74.02 743.993
-1
4
76.449 681.406
77.016 681.406
77.016 742.973
76.449 742.973
-1
4
96.496 685.602
107.199 685.602
107.199 686.168
96.496 686.168
-1
4
100.293 739.457
107.199 739.457
107.199 740.023
100.293 740.023
-1
4
103.582 682.199
111.387 682.199
111.387 682.766
103.582 682.766
-1
4
113.219 742.293
115.77 742.293
115.77 743.993
113.219 743.993
-1
4
112.086 746.547
113.786 746.547
113.786 749.094
112.086 749.094
-1
4
116.336 748.527
118.887 748.527
118.887 750.23
116.336 750.23
-1
4
116.266 676.953
119.809 676.953
119.809 680.5
116.266 680.5
-1
4
131.078 755.898
133.629 755.898
133.629 757.602
131.078 757.602
-1
4
20.527 763.269
23.078 763.269
23.078 764.969
20.527 764.969
-1
4
32.715 833.342
33.281 833.342
33.281 835.554
32.715 835.554
-1
4
28.066 764.289
28.633 764.289
28.633 774.23
28.066 774.23
-1
8
35.574 850.363
36.141 850.363
36.141 833
36.027 833
36.027 774.004
35.461 774.004
35.461 833.57
35.574 833.57
-1
4
31.012 761.285
32.715 761.285
32.715 763.836
31.012 763.836
-1
4
41.043 830.734
50.312 830.734
50.312 831.301
41.043 831.301
-1
4
38.383 761.285
40.087 761.285
40.087 763.836
38.383 763.836
-1
4
42.637 763.269
45.188 763.269
45.188 764.969
42.637 764.969
-1
4
47.227 764.742
47.793 764.742
47.793 773.285
47.227 773.285
-1
4
120.59 749.664
123.141 749.664
123.141 751.364
120.59 751.364
-1
4
125.691 750.797
127.391 750.797
127.391 753.348
125.691 753.348
-1
4
116.266 662.781
119.809 662.781
119.809 666.324
116.266 666.324
-1
4
131.078 740.593
133.629 740.593
133.629 742.859
131.078 742.859
-1
4
36.065 682.199
37.169 682.199
37.169 682.766
36.065 682.766
-1
4
29.539 749.664
33.168 749.664
33.168 750.23
29.539 750.23
-1
4
44.621 750.797
46.32 750.797
46.32 753.348
44.621 753.348
-1
4
54.258 742.293
56.809 742.293
56.809 743.993
54.258 743.993
-1
4
64.746 755.898
67.297 755.898
67.297 757.602
64.746 757.602
-1
4
63.918 671.695
64.484 671.695
64.484 683.558
63.918 683.558
-1
4
87.918 669.867
91.465 669.867
91.465 673.41
87.918 673.41
-1
4
88.839 750.797
90.543 750.797
90.543 753.348
88.839 753.348
-1
4
82.605 753.914
84.305 753.914
84.305 756.465
82.605 756.465
-1
4
91.109 742.293
93.66 742.293
93.66 743.993
91.109 743.993
-1
4
96.21 746.828
99.387 746.828
99.387 747.395
96.21 747.395
-1
4
30.141 683.672
30.707 683.672
30.707 737.797
30.141 737.797
-1
4
34.328 681.406
34.895 681.406
34.895 740.629
34.328 740.629
-1
4
23.645 753.914
25.344 753.914
25.344 756.465
23.645 756.465
-1
4
50.008 755.898
52.555 755.898
52.555 757.602
50.008 757.602
-1
4
48.703 740.742
49.27 740.742
49.27 750.344
48.703 750.344
-1
4
45.492 690.137
46.059 690.137
46.059 738.137
45.492 738.137
-1
4
74.101 750.797
75.801 750.797
75.801 753.348
74.101 753.348
-1
4
72.117 755.898
74.668 755.898
74.668 757.602
72.117 757.602
-1
4
78.879 682.199
85.746 682.199
85.746 682.766
78.879 682.766
-1
4
85.156 741.406
85.723 741.406
85.723 747.763
85.156 747.763
-1
4
82.605 747.877
83.172 747.877
83.172 751.817
82.605 751.817
-1
4
103.844 688.207
104.41 688.207
104.41 737.797
103.844 737.797
-1
4
98.477 749.664
101.031 749.664
101.031 751.364
98.477 751.364
-1
4
79.484 770.64
82.039 770.64
82.039 772.34
79.484 772.34
-1
4
76.449 770.64
77.016 770.64
77.016 833.228
76.449 833.228
-1
4
91.109 764.402
93.66 764.402
93.66 766.102
91.109 766.102
-1
4
94.227 770.64
96.777 770.64
96.777 772.34
94.227 772.34
-1
4
93.637 825.406
94.203 825.406
94.203 842.937
93.637 842.937
-1
4
105.848 764.402
108.398 764.402
108.398 766.102
105.848 766.102
-1
6
111.953 830.168
112.52 830.168
112.52 771.773
110.498 771.773
110.498 772.34
111.953 772.34
-1
4
126.824 768.656
128.528 768.656
128.528 771.207
126.824 771.207
-1
4
28.488 831.074
29.055 831.074
29.055 850.363
28.488 850.363
-1
4
23.53 776.5
31.504 776.5
31.504 777.066
23.53 777.066
-1
4
46.625 776.5
47.195 776.5
47.195 826.766
46.625 826.766
-1
4
57.375 783.112
61.062 783.112
61.062 785.379
57.375 785.379
-1
4
97.23 776.5
105.543 776.5
105.543 777.066
97.23 777.066
-1
4
131.078 783.112
134.762 783.112
134.762 785.379
131.078 785.379
