-1
4
31.227 662.781
34.77 662.781
34.77 666.324
31.227 666.324
-1
4
28.488 664.27
29.055 664.27
29.055 683.898
28.488 683.898
-1
4
16.273 730.387
23.078 730.387
23.078 741.727
16.273 741.727
-1
4
28.658 683.332
30.707 683.332
30.707 683.898
28.658 683.898
-1
4
28.658 664.27
33.707 664.27
33.707 664.836
28.658 664.836
-1
4
16.273 729.254
19.957 729.254
19.957 738.325
16.273 738.325
-1
4
18.314 737.57
30.707 737.57
30.707 738.137
18.314 738.137
-1
4
20.523 733.789
23.078 733.789
23.078 742.859
20.523 742.859
-1
4
30.141 683.502
30.707 683.502
30.707 737.967
30.141 737.967
-1
4
38.313 662.781
41.855 662.781
41.855 666.324
38.313 666.324
-1
4
34.328 681.066
36.141 681.066
36.141 681.633
34.328 681.633
-1
4
28.066 740.402
34.895 740.402
34.895 740.969
28.066 740.969
-1
4
24.777 750.797
30.445 750.797
30.445 756.465
24.777 756.465
-1
4
35.574 664.27
36.141 664.27
36.141 681.463
35.574 681.463
-1
4
34.328 681.236
34.895 681.236
34.895 740.799
34.328 740.799
-1
4
24.777 749.664
27.328 749.664
27.328 754.765
24.777 754.765
-1
4
26.477 750.797
31.582 750.797
31.582 753.348
26.477 753.348
-1
4
23.645 753.914
28.745 753.914
28.745 756.465
23.645 756.465
-1
4
27.895 752.497
30.445 752.497
30.445 757.602
27.895 757.602
-1
4
28.066 740.572
28.633 740.572
28.633 754.765
28.066 754.765
-1
4
35.744 664.27
40.792 664.27
40.792 664.836
35.744 664.836
-1
4
45.398 662.781
48.941 662.781
48.941 666.324
45.398 666.324
-1
4
51.113 664.27
51.684 664.27
51.684 687.301
51.113 687.301
-1
4
46.887 750.797
52.555 750.797
52.555 756.465
46.887 756.465
-1
4
41.305 686.734
51.513 686.734
51.513 687.301
41.305 687.301
-1
4
46.461 664.27
51.513 664.27
51.513 664.836
46.461 664.836
-1
4
41.305 740.402
49.099 740.402
49.099 740.969
41.305 740.969
-1
4
48.699 740.402
49.27 740.402
49.27 750.457
48.699 750.457
-1
4
46.887 749.664
49.438 749.664
49.438 754.765
46.887 754.765
-1
4
48.587 750.797
53.691 750.797
53.691 753.348
48.587 753.348
-1
4
45.754 753.914
50.855 753.914
50.855 756.465
45.754 756.465
-1
4
50.004 752.497
52.555 752.497
52.555 757.602
50.004 757.602
-1
4
41.305 686.904
41.871 686.904
41.871 740.799
41.305 740.799
-1
4
52.484 662.781
56.031 662.781
56.031 666.324
52.484 666.324
-1
4
58.203 664.27
58.77 664.27
58.77 690.703
58.203 690.703
-1
4
45.492 690.137
46.059 690.137
46.059 738.137
45.492 738.137
-1
4
53.125 730.387
59.926 730.387
59.926 741.727
53.125 741.727
-1
4
53.548 664.27
58.6 664.27
58.6 664.836
53.548 664.836
-1
4
45.662 690.137
58.6 690.137
58.6 690.703
45.662 690.703
-1
4
53.125 729.254
56.809 729.254
56.809 738.325
53.125 738.325
-1
4
57.375 733.789
59.926 733.789
59.926 742.859
57.375 742.859
-1
4
45.662 737.57
57.886 737.57
57.886 738.137
45.662 738.137
-1
4
59.57 662.781
63.113 662.781
63.113 666.324
59.57 666.324
-1
4
65.289 682.199
72.156 682.199
72.156 682.766
65.289 682.766
-1
4
65.313 740.402
72.156 740.402
72.156 740.969
65.313 740.969
-1
4
68.996 750.797
74.668 750.797
74.668 756.465
68.996 756.465
-1
4
60.633 664.27
65.855 664.27
65.855 664.836
60.633 664.836
-1
4
71.59 682.369
72.156 682.369
72.156 740.799
71.59 740.799
-1
4
65.313 749.664
70.782 749.664
70.782 750.23
65.313 750.23
-1
4
68.996 749.664
71.547 749.664
71.547 754.765
68.996 754.765
-1
4
70.698 750.797
75.801 750.797
75.801 753.348
70.698 753.348
-1
4
67.863 753.914
72.966 753.914
72.966 756.465
67.863 756.465
-1
4
72.113 752.497
74.668 752.497
74.668 757.602
72.113 757.602
-1
4
65.289 664.44
65.855 664.44
65.855 682.596
65.289 682.596
-1
4
65.313 740.572
65.879 740.572
65.879 750.06
65.313 750.06
-1
4
87.918 662.781
91.461 662.781
91.461 666.324
87.918 666.324
-1
4
78.879 682.199
85.746 682.199
85.746 682.766
78.879 682.766
-1
4
78.879 741.066
85.723 741.066
85.723 741.633
78.879 741.633
-1
4
82.602 747.535
85.723 747.535
85.723 748.105
82.602 748.105
-1
4
76.367 750.797
82.035 750.797
82.035 756.465
76.367 756.465
-1
4
85.18 664.27
90.398 664.27
90.398 664.836
85.18 664.836
-1
4
78.879 682.369
79.445 682.369
79.445 741.463
78.879 741.463
-1
4
85.156 741.236
85.723 741.236
85.723 747.934
85.156 747.934
-1
4
76.367 749.664
78.918 749.664
78.918 754.765
76.367 754.765
-1
4
78.067 750.797
83.172 750.797
83.172 753.348
78.067 753.348
-1
4
75.234 753.914
80.335 753.914
80.335 756.465
75.234 756.465
-1
4
79.484 752.497
82.035 752.497
82.035 757.602
79.484 757.602
-1
4
85.18 664.44
85.746 664.44
85.746 682.596
85.18 682.596
-1
4
82.602 747.706
83.172 747.706
83.172 752.583
82.602 752.583
-1
4
95.004 662.781
98.547 662.781
98.547 666.324
95.004 666.324
-1
4
103.84 687.867
104.41 687.867
104.41 738.137
103.84 738.137
-1
4
89.973 730.387
96.777 730.387
96.777 741.727
89.973 741.727
-1
4
92.266 664.27
97.484 664.27
97.484 664.836
92.266 664.836
-1
4
92.266 687.867
104.239 687.867
104.239 688.434
92.266 688.434
-1
4
89.973 729.254
93.66 729.254
93.66 738.325
89.973 738.325
-1
4
94.227 733.789
96.777 733.789
96.777 742.859
94.227 742.859
-1
4
92.014 737.57
104.239 737.57
104.239 738.137
92.014 738.137
-1
4
92.266 664.44
92.832 664.44
92.832 688.264
92.266 688.264
-1
4
102.09 662.781
105.637 662.781
105.637 666.324
102.09 666.324
-1
4
108.027 684.465
108.598 684.465
108.598 740.969
108.027 740.969
-1
4
98.477 750.797
104.148 750.797
104.148 756.465
98.477 756.465
-1
4
99.352 664.27
104.573 664.27
104.573 664.836
99.352 664.836
-1
4
99.352 684.465
108.427 684.465
108.427 685.035
99.352 685.035
-1
4
101.766 740.402
108.427 740.402
108.427 740.969
101.766 740.969
-1
4
98.477 749.664
101.027 749.664
101.027 754.765
98.477 754.765
-1
4
100.178 750.797
105.281 750.797
105.281 753.348
100.178 753.348
-1
4
97.344 753.914
102.447 753.914
102.447 756.465
97.344 756.465
-1
4
101.594 752.497
104.148 752.497
104.148 757.602
101.594 757.602
-1
4
99.352 664.44
99.918 664.44
99.918 684.864
99.352 684.864
-1
4
101.766 740.572
102.332 740.572
102.332 754.765
101.766 754.765
-1
4
109.18 662.781
112.723 662.781
112.723 666.324
109.18 666.324
-1
4
120.586 750.797
126.258 750.797
126.258 756.465
120.586 756.465
-1
4
110.243 664.27
115.461 664.27
115.461 664.836
110.243 664.836
-1
4
115.175 740.402
122.969 740.402
122.969 740.969
115.175 740.969
-1
4
120.586 749.664
123.137 749.664
123.137 754.765
120.586 754.765
-1
4
122.288 750.797
127.391 750.797
127.391 753.348
122.288 753.348
-1
4
119.453 753.914
124.556 753.914
124.556 756.465
119.453 756.465
-1
4
123.707 752.497
126.258 752.497
126.258 757.602
123.707 757.602
-1
8
115.004 740.969
115.574 740.969
115.574 681.066
115.461 681.066
115.461 664.44
114.895 664.44
114.895 681.633
115.004 681.633
-1
4
122.402 740.572
122.969 740.572
122.969 753.234
122.402 753.234
-1
4
116.266 662.781
119.809 662.781
119.809 666.324
116.266 666.324
-1
4
121.98 664.27
122.547 664.27
122.547 683.898
121.98 683.898
-1
4
119.191 683.332
119.758 683.332
119.758 738.137
119.191 738.137
-1
4
126.824 730.387
133.629 730.387
133.629 741.727
126.824 741.727
-1
4
117.329 664.27
122.377 664.27
122.377 664.836
117.329 664.836
-1
4
119.361 683.332
122.377 683.332
122.377 683.898
119.361 683.898
-1
4
126.824 729.254
130.508 729.254
130.508 738.325
126.824 738.325
-1
4
131.074 733.789
133.629 733.789
133.629 742.859
131.074 742.859
-1
4
119.361 737.57
131.588 737.57
131.588 738.137
119.361 738.137
-1
4
31.227 669.867
34.77 669.867
34.77 673.41
31.227 673.41
-1
4
29.855 682.199
32.105 682.199
32.105 682.766
29.855 682.766
-1
4
25.117 738.512
32.105 738.512
32.105 739.082
25.117 739.082
-1
4
17.406 743.426
23.078 743.426
23.078 749.094
17.406 749.094
-1
4
29.855 671.355
33.707 671.355
33.707 671.922
29.855 671.922
-1
4
31.539 682.369
32.105 682.369
32.105 738.911
31.539 738.911
-1
4
17.406 742.293
19.957 742.293
19.957 747.394
17.406 747.394
-1
4
19.108 743.426
24.211 743.426
24.211 745.977
19.108 745.977
-1
4
16.273 746.547
21.376 746.547
21.376 749.094
16.273 749.094
-1
4
19.108 746.828
25.684 746.828
25.684 747.395
19.108 747.395
-1
4
20.523 745.126
23.078 745.126
23.078 750.23
20.523 750.23
-1
4
29.855 671.525
30.422 671.525
30.422 682.596
29.855 682.596
-1
4
25.117 738.683
25.684 738.683
25.684 747.225
25.117 747.225
-1
4
38.313 669.867
41.855 669.867
41.855 673.41
38.313 673.41
-1
4
36.941 671.355
37.512 671.355
37.512 682.766
36.941 682.766
-1
4
35.723 682.199
36.293 682.199
36.293 741.914
35.723 741.914
-1
4
32.148 750.797
37.816 750.797
37.816 756.465
32.148 756.465
-1
4
37.112 671.355
40.792 671.355
40.792 671.922
37.112 671.922
-1
4
29.539 741.348
36.122 741.348
36.122 741.914
29.539 741.914
-1
4
35.894 682.199
37.341 682.199
37.341 682.766
35.894 682.766
-1
4
29.539 749.664
33.934 749.664
33.934 750.23
29.539 750.23
-1
4
32.148 749.664
34.699 749.664
34.699 754.765
32.148 754.765
-1
4
33.848 750.797
38.949 750.797
38.949 753.348
33.848 753.348
-1
4
31.012 753.914
36.116 753.914
36.116 756.465
31.012 756.465
-1
4
35.266 752.497
37.816 752.497
37.816 757.602
35.266 757.602
-1
4
29.539 741.518
30.105 741.518
30.105 750.06
29.539 750.06
-1
4
45.398 669.867
48.941 669.867
48.941 673.41
45.398 673.41
-1
4
45.398 676.953
48.941 676.953
48.941 680.5
45.398 680.5
-1
4
38.516 684.465
47.453 684.465
47.453 685.035
38.516 685.035
-1
4
39.91 685.602
40.477 685.602
40.477 741.914
39.91 741.914
-1
4
39.52 743.426
45.188 743.426
45.188 749.094
39.52 749.094
-1
4
46.461 671.355
50.313 671.355
50.313 671.922
46.461 671.922
-1
4
49.746 671.525
50.313 671.525
50.313 686.168
49.746 686.168
-1
4
46.887 678.017
47.453 678.017
47.453 684.864
46.887 684.864
-1
4
40.08 741.348
47.793 741.348
47.793 741.914
40.08 741.914
-1
4
40.08 685.602
50.143 685.602
50.143 686.168
40.08 686.168
-1
4
39.52 742.293
42.066 742.293
42.066 747.394
39.52 747.394
-1
4
41.22 743.426
46.32 743.426
46.32 745.977
41.22 745.977
-1
4
38.383 746.547
43.488 746.547
43.488 749.094
38.383 749.094
-1
4
41.22 747.535
47.793 747.535
47.793 748.105
41.22 748.105
-1
4
42.637 745.126
45.188 745.126
45.188 750.23
42.637 750.23
-1
6
38.516 742.859
41.302 742.859
41.302 742.293
39.082 742.293
39.082 684.636
38.516 684.636
-1
4
47.227 741.518
47.793 741.518
47.793 747.934
47.227 747.934
-1
4
52.484 669.867
56.031 669.867
56.031 673.41
52.484 673.41
-1
4
44.098 689
57.398 689
57.398 689.57
44.098 689.57
-1
4
44.098 738.512
52.215 738.512
52.215 739.082
44.098 739.082
-1
4
54.258 743.426
59.926 743.426
59.926 749.094
54.258 749.094
-1
4
53.548 671.355
57.398 671.355
57.398 671.922
53.548 671.922
-1
4
44.098 689.171
44.664 689.171
44.664 738.911
44.098 738.911
-1
4
54.258 742.293
56.809 742.293
56.809 747.394
54.258 747.394
-1
4
55.958 743.426
61.059 743.426
61.059 745.977
55.958 745.977
-1
4
53.125 746.547
58.226 746.547
58.226 749.094
53.125 749.094
-1
4
57.375 745.126
59.926 745.126
59.926 750.23
57.375 750.23
-1
4
51.648 738.683
52.215 738.683
52.215 747.225
51.648 747.225
-1
4
51.648 746.828
56.695 746.828
56.695 747.395
51.648 747.395
-1
4
56.832 671.525
57.398 671.525
57.398 689.399
56.832 689.399
-1
4
59.57 669.867
63.113 669.867
63.113 673.41
59.57 673.41
-1
4
63.043 738.512
69.727 738.512
69.727 739.082
63.043 739.082
-1
4
61.625 750.797
67.297 750.797
67.297 756.465
61.625 756.465
-1
4
60.633 671.355
64.484 671.355
64.484 671.922
60.633 671.922
-1
4
63.918 683.332
69.557 683.332
69.557 683.898
63.918 683.898
-1
4
69.16 683.332
69.727 683.332
69.727 738.911
69.16 738.911
-1
4
61.625 749.664
64.18 749.664
64.18 754.765
61.625 754.765
-1
4
63.327 750.797
68.43 750.797
68.43 753.348
63.327 753.348
-1
4
60.492 753.914
65.595 753.914
65.595 756.465
60.492 756.465
-1
4
64.746 752.497
67.297 752.497
67.297 757.602
64.746 757.602
-1
4
63.918 671.525
64.484 671.525
64.484 683.728
63.918 683.728
-1
4
63.043 738.683
63.613 738.683
63.613 753.234
63.043 753.234
-1
4
87.918 669.867
91.461 669.867
91.461 673.41
87.918 673.41
-1
4
81.309 683.332
87.113 683.332
87.113 683.898
81.309 683.898
-1
4
81.309 738.988
87.988 738.988
87.988 739.555
81.309 739.555
-1
4
83.738 750.797
89.406 750.797
89.406 756.465
83.738 756.465
-1
4
86.547 671.355
90.398 671.355
90.398 671.922
86.547 671.922
-1
4
81.309 683.502
81.875 683.502
81.875 739.385
81.309 739.385
-1
4
83.738 749.664
86.289 749.664
86.289 754.765
83.738 754.765
-1
4
85.438 750.797
90.539 750.797
90.539 753.348
85.438 753.348
-1
4
82.602 753.914
87.706 753.914
87.706 756.465
82.602 756.465
-1
4
86.855 752.497
89.406 752.497
89.406 757.602
86.855 757.602
-1
4
87.422 739.158
87.988 739.158
87.988 754.765
87.422 754.765
-1
4
86.547 671.525
87.113 671.525
87.113 683.728
86.547 683.728
-1
4
95.004 669.867
98.547 669.867
98.547 673.41
95.004 673.41
-1
4
93.637 686.734
105.805 686.734
105.805 687.301
93.637 687.301
-1
4
98.816 738.512
99.387 738.512
99.387 747.395
98.816 747.395
-1
4
91.105 743.426
96.777 743.426
96.777 749.094
91.105 749.094
-1
4
93.637 671.355
97.484 671.355
97.484 671.922
93.637 671.922
-1
4
98.987 738.512
105.805 738.512
105.805 739.082
98.987 739.082
-1
4
91.105 742.293
93.66 742.293
93.66 747.394
91.105 747.394
-1
4
92.807 743.426
97.91 743.426
97.91 745.977
92.807 745.977
-1
4
89.973 746.547
95.075 746.547
95.075 749.094
89.973 749.094
-1
4
94.227 745.126
96.777 745.126
96.777 750.23
94.227 750.23
-1
4
92.807 746.828
99.216 746.828
99.216 747.395
92.807 747.395
-1
4
93.637 671.525
94.203 671.525
94.203 687.131
93.637 687.131
-1
4
105.238 686.904
105.805 686.904
105.805 738.911
105.238 738.911
-1
4
102.09 669.867
105.637 669.867
105.637 673.41
102.09 673.41
-1
4
100.723 683.332
109.988 683.332
109.988 683.898
100.723 683.898
-1
4
103.238 741.348
103.809 741.348
103.809 750.23
103.238 750.23
-1
4
105.848 750.797
111.516 750.797
111.516 756.465
105.848 756.465
-1
4
100.723 671.355
104.573 671.355
104.573 671.922
100.723 671.922
-1
4
103.409 741.348
109.988 741.348
109.988 741.914
103.409 741.914
-1
4
105.848 749.664
108.398 749.664
108.398 754.765
105.848 754.765
-1
4
107.548 750.797
112.652 750.797
112.652 753.348
107.548 753.348
-1
4
104.715 753.914
109.816 753.914
109.816 756.465
104.715 756.465
-1
4
108.965 752.497
111.516 752.497
111.516 757.602
108.965 757.602
-1
4
100.723 671.525
101.289 671.525
101.289 683.728
100.723 683.728
-1
4
109.422 683.502
109.988 683.502
109.988 741.744
109.422 741.744
-1
4
103.409 749.664
107.633 749.664
107.633 750.23
103.409 750.23
-1
4
109.18 669.867
112.723 669.867
112.723 673.41
109.18 673.41
-1
4
113.219 750.797
118.887 750.797
118.887 756.465
113.219 756.465
-1
4
110.243 671.355
114.09 671.355
114.09 671.922
110.243 671.922
-1
4
113.779 741.348
121.496 741.348
121.496 741.914
113.779 741.914
-1
4
119.623 747.68
121.496 747.68
121.496 748.246
119.623 748.246
-1
4
119.453 747.68
120.02 747.68
120.02 752.583
119.453 752.583
-1
4
113.219 749.664
115.77 749.664
115.77 754.765
113.219 754.765
-1
4
114.919 750.797
120.02 750.797
120.02 753.348
114.919 753.348
-1
4
112.082 753.914
117.187 753.914
117.187 756.465
112.082 756.465
-1
4
116.336 752.497
118.887 752.497
118.887 757.602
116.336 757.602
-1
8
113.609 741.914
114.176 741.914
114.176 681.066
114.09 681.066
114.09 671.525
113.523 671.525
113.523 681.633
113.609 681.633
-1
4
120.93 741.518
121.496 741.518
121.496 748.076
120.93 748.076
-1
4
116.266 669.867
119.809 669.867
119.809 673.41
116.266 673.41
-1
4
117.797 682.199
121.18 682.199
121.18 682.766
117.797 682.766
-1
4
117.797 738.512
125.918 738.512
125.918 739.082
117.797 739.082
-1
4
127.957 743.426
133.629 743.426
133.629 749.094
127.957 749.094
-1
4
117.329 671.355
121.18 671.355
121.18 671.922
117.329 671.922
-1
4
125.348 738.683
125.918 738.683
125.918 747.113
125.348 747.113
-1
4
117.797 682.369
118.363 682.369
118.363 738.911
117.797 738.911
-1
4
127.957 742.293
130.508 742.293
130.508 747.394
127.957 747.394
-1
4
129.659 743.426
134.762 743.426
134.762 745.977
129.659 745.977
-1
4
126.824 746.547
131.927 746.547
131.927 749.094
126.824 749.094
-1
4
131.074 745.126
133.629 745.126
133.629 750.23
131.074 750.23
-1
4
120.613 671.525
121.18 671.525
121.18 682.596
120.613 682.596
-1
4
125.519 746.547
130.396 746.547
130.396 747.113
125.519 747.113
-1
4
24.141 676.953
27.684 676.953
27.684 680.5
24.141 680.5
-1
8
23.645 737.191
29.313 737.191
29.313 708.844
10.039 708.844
10.039 728.688
20.523 728.688
20.523 729.82
23.645 729.82
-1
4
10.039 714.797
15.707 714.797
15.707 737.191
10.039 737.191
-1
4
25.629 678.017
26.195 678.017
26.195 728.687
25.629 728.687
-1
4
26.025 688.151
25.799 688.151
25.799 718.553
26.025 718.553
-1
4
31.227 676.953
34.77 676.953
34.77 680.5
31.227 680.5
-1
4
26.594 739.457
33.5 739.457
33.5 740.023
26.594 740.023
-1
4
23.645 748.246
27.16 748.246
27.16 748.813
23.645 748.813
-1
4
17.406 750.797
23.078 750.797
23.078 756.465
17.406 756.465
-1
8
32.934 739.853
33.5 739.853
33.5 681.066
33.281 681.066
33.281 678.017
32.715 678.017
32.715 681.633
32.934 681.633
-1
4
26.594 739.627
27.16 739.627
27.16 748.643
26.594 748.643
-1
4
17.406 749.664
19.957 749.664
19.957 754.765
17.406 754.765
-1
4
19.108 750.797
24.211 750.797
24.211 753.348
19.108 753.348
-1
4
16.273 753.914
21.376 753.914
21.376 756.465
16.273 756.465
-1
4
20.523 752.497
23.078 752.497
23.078 757.602
20.523 757.602
-1
4
23.645 748.416
24.211 748.416
24.211 752.583
23.645 752.583
-1
4
38.313 676.953
41.855 676.953
41.855 680.5
38.313 680.5
-1
4
32.148 743.426
37.816 743.426
37.816 749.094
32.148 749.094
-1
4
37.287 683.332
40.367 683.332
40.367 683.898
37.287 683.898
-1
4
37.117 683.332
37.684 683.332
37.684 747.394
37.117 747.394
-1
4
32.148 742.293
34.699 742.293
34.699 747.394
32.148 747.394
-1
4
33.848 743.426
38.949 743.426
38.949 745.977
33.848 745.977
-1
4
31.012 746.547
36.116 746.547
36.116 749.094
31.012 749.094
-1
4
35.266 745.126
37.816 745.126
37.816 750.23
35.266 750.23
-1
4
39.801 678.017
40.367 678.017
40.367 683.728
39.801 683.728
-1
4
52.484 676.953
56.031 676.953
56.031 680.5
52.484 680.5
-1
4
42.699 687.867
43.27 687.867
43.27 740.023
42.699 740.023
-1
4
54.258 750.797
59.926 750.797
59.926 756.465
54.258 756.465
-1
4
53.973 678.017
54.543 678.017
54.543 688.434
53.973 688.434
-1
4
42.87 739.457
50.742 739.457
50.742 740.023
42.87 740.023
-1
4
50.176 749.664
56.044 749.664
56.044 750.23
50.176 750.23
-1
4
54.258 749.664
56.809 749.664
56.809 754.765
54.258 754.765
-1
4
55.958 750.797
61.059 750.797
61.059 753.348
55.958 753.348
-1
4
53.125 753.914
58.226 753.914
58.226 756.465
53.125 756.465
-1
4
57.375 752.497
59.926 752.497
59.926 757.602
57.375 757.602
-1
4
42.87 687.867
54.372 687.867
54.372 688.434
42.87 688.434
-1
4
50.176 739.627
50.742 739.627
50.742 750.06
50.176 750.06
-1
4
59.57 676.953
63.113 676.953
63.113 680.5
59.57 680.5
-1
8
60.492 737.191
66.164 737.191
66.164 708.844
46.887 708.844
46.887 728.688
57.375 728.688
57.375 729.82
60.492 729.82
-1
4
46.887 714.797
52.555 714.797
52.555 737.191
46.887 737.191
-1
4
61.059 678.017
61.625 678.017
61.625 728.687
61.059 728.687
-1
4
61.455 688.151
61.229 688.151
61.229 718.553
61.455 718.553
-1
4
66.66 676.953
70.203 676.953
70.203 680.5
66.66 680.5
-1
4
68.148 681.066
74.586 681.066
74.586 681.633
68.148 681.633
-1
4
68.996 743.426
74.668 743.426
74.668 749.094
68.996 749.094
-1
4
68.148 678.017
68.715 678.017
68.715 681.463
68.148 681.463
-1
4
68.996 742.293
71.547 742.293
71.547 747.394
68.996 747.394
-1
4
70.698 743.426
75.801 743.426
75.801 745.977
70.698 745.977
-1
4
67.863 746.547
72.966 746.547
72.966 749.094
67.863 749.094
-1
4
72.113 745.126
74.668 745.126
74.668 750.23
72.113 750.23
-1
4
74.02 681.236
74.586 681.236
74.586 747.394
74.02 747.394
-1
4
80.832 676.953
84.375 676.953
84.375 680.5
80.832 680.5
-1
4
76.449 681.066
82.887 681.066
82.887 681.633
76.449 681.633
-1
4
76.367 743.426
82.035 743.426
82.035 749.094
76.367 749.094
-1
4
82.32 678.017
82.887 678.017
82.887 681.463
82.32 681.463
-1
4
76.367 742.293
78.918 742.293
78.918 747.394
76.367 747.394
-1
4
78.067 743.426
83.172 743.426
83.172 745.977
78.067 745.977
-1
4
75.234 746.547
80.335 746.547
80.335 749.094
75.234 749.094
-1
4
79.484 745.126
82.035 745.126
82.035 750.23
79.484 750.23
-1
4
76.449 681.236
77.016 681.236
77.016 745.863
76.449 745.863
-1
4
87.918 676.953
91.461 676.953
91.461 680.5
87.918 680.5
-1
8
97.344 737.191
103.012 737.191
103.012 708.844
83.738 708.844
83.738 728.688
94.227 728.688
94.227 729.82
97.344 729.82
-1
4
83.738 714.797
89.406 714.797
89.406 737.191
83.738 737.191
-1
4
89.406 678.017
89.973 678.017
89.973 722.735
89.406 722.735
-1
4
89.803 686.961
89.576 686.961
89.576 713.791
89.803 713.791
-1
4
95.004 676.953
98.547 676.953
98.547 680.5
95.004 680.5
-1
4
100.293 739.457
107.199 739.457
107.199 740.023
100.293 740.023
-1
4
97.344 748.246
100.859 748.246
100.859 748.813
97.344 748.813
-1
4
91.105 750.797
96.777 750.797
96.777 756.465
91.105 756.465
-1
4
96.492 678.017
97.059 678.017
97.059 686.168
96.492 686.168
-1
4
96.662 685.602
107.199 685.602
107.199 686.168
96.662 686.168
-1
4
106.633 685.772
107.199 685.772
107.199 739.853
106.633 739.853
-1
4
100.293 739.627
100.859 739.627
100.859 748.643
100.293 748.643
-1
4
91.105 749.664
93.66 749.664
93.66 754.765
91.105 754.765
-1
4
92.807 750.797
97.91 750.797
97.91 753.348
92.807 753.348
-1
4
89.973 753.914
95.075 753.914
95.075 756.465
89.973 756.465
-1
4
94.227 752.497
96.777 752.497
96.777 757.602
94.227 757.602
-1
4
97.344 748.416
97.91 748.416
97.91 752.583
97.344 752.583
-1
4
102.09 676.953
105.637 676.953
105.637 680.5
102.09 680.5
-1
4
103.582 682.199
111.387 682.199
111.387 682.766
103.582 682.766
-1
4
105.848 743.426
111.516 743.426
111.516 749.094
105.848 749.094
-1
4
103.582 678.017
104.148 678.017
104.148 682.596
103.582 682.596
-1
4
105.848 742.293
108.398 742.293
108.398 747.394
105.848 747.394
-1
4
107.548 743.426
112.652 743.426
112.652 745.977
107.548 745.977
-1
4
104.715 746.547
109.816 746.547
109.816 749.094
104.715 749.094
-1
4
108.965 745.126
111.516 745.126
111.516 750.23
108.965 750.23
-1
4
110.82 682.369
111.387 682.369
111.387 747.394
110.82 747.394
-1
4
109.18 676.953
112.723 676.953
112.723 680.5
109.18 680.5
-1
4
110.668 681.066
112.781 681.066
112.781 681.633
110.668 681.633
-1
4
113.219 743.426
118.887 743.426
118.887 749.094
113.219 749.094
-1
4
110.668 678.017
111.234 678.017
111.234 681.463
110.668 681.463
-1
4
113.219 742.293
115.77 742.293
115.77 747.394
113.219 747.394
-1
4
114.919 743.426
120.02 743.426
120.02 745.977
114.919 745.977
-1
4
112.082 746.547
117.187 746.547
117.187 749.094
112.082 749.094
-1
4
116.336 745.126
118.887 745.126
118.887 750.23
116.336 750.23
-1
6
112.215 742.859
115.005 742.859
115.005 742.293
112.781 742.293
112.781 681.236
112.215 681.236
-1
4
116.266 676.953
119.809 676.953
119.809 680.5
116.266 680.5
-1
4
116.402 681.066
118.32 681.066
118.32 681.633
116.402 681.633
-1
4
127.957 750.797
133.629 750.797
133.629 756.465
127.957 756.465
-1
4
116.402 681.236
116.969 681.236
116.969 740.023
116.402 740.023
-1
4
117.754 678.017
118.32 678.017
118.32 681.463
117.754 681.463
-1
4
116.572 739.457
124.441 739.457
124.441 740.023
116.572 740.023
-1
4
123.875 749.664
129.743 749.664
129.743 750.23
123.875 750.23
-1
4
127.957 749.664
130.508 749.664
130.508 754.765
127.957 754.765
-1
4
129.659 750.797
134.762 750.797
134.762 753.348
129.659 753.348
-1
4
126.824 753.914
131.927 753.914
131.927 756.465
126.824 756.465
-1
4
131.074 752.497
133.629 752.497
133.629 757.602
131.074 757.602
-1
4
123.875 739.627
124.441 739.627
124.441 750.06
123.875 750.06
-1
4
123.352 676.953
126.895 676.953
126.895 680.5
123.352 680.5
-1
8
134.195 737.191
139.863 737.191
139.863 708.844
120.586 708.844
120.586 728.688
131.074 728.688
131.074 729.82
134.195 729.82
-1
4
120.586 714.797
126.258 714.797
126.258 737.191
120.586 737.191
-1
4
124.84 678.017
125.406 678.017
125.406 722.735
124.84 722.735
-1
4
125.236 686.961
125.01 686.961
125.01 713.791
125.236 713.791
-1
4
39.52 750.797
45.188 750.797
45.188 756.465
39.52 756.465
-1
4
39.52 749.664
42.066 749.664
42.066 754.765
39.52 754.765
-1
4
41.22 750.797
46.32 750.797
46.32 753.348
41.22 753.348
-1
4
38.383 753.914
43.488 753.914
43.488 756.465
38.383 756.465
-1
4
42.637 752.497
45.188 752.497
45.188 757.602
42.637 757.602
-1
4
17.406 758.168
23.078 758.168
23.078 763.836
17.406 763.836
-1
4
26.594 774.609
34.633 774.609
34.633 775.176
26.594 775.176
-1
4
32.715 833
34.633 833
34.633 833.57
32.715 833.57
-1
4
31.227 834.137
34.77 834.137
34.77 837.68
31.227 837.68
-1
4
17.406 757.035
19.957 757.035
19.957 762.136
17.406 762.136
-1
4
19.108 758.168
24.211 758.168
24.211 760.719
19.108 760.719
-1
4
16.273 761.285
21.376 761.285
21.376 763.836
16.273 763.836
-1
4
20.523 759.868
23.078 759.868
23.078 764.969
20.523 764.969
-1
4
21.29 764.402
27.16 764.402
27.16 764.969
21.29 764.969
-1
4
26.594 764.572
27.16 764.572
27.16 775.006
26.594 775.006
-1
4
34.066 774.779
34.633 774.779
34.633 833.399
34.066 833.399
-1
4
32.715 833.171
33.281 833.171
33.281 836.617
32.715 836.617
-1
4
24.777 758.168
30.445 758.168
30.445 763.836
24.777 763.836
-1
4
38.313 848.309
41.855 848.309
41.855 851.852
38.313 851.852
-1
4
24.777 757.035
27.328 757.035
27.328 762.136
24.777 762.136
-1
4
26.477 758.168
31.582 758.168
31.582 760.719
26.477 760.719
-1
4
23.645 761.285
28.745 761.285
28.745 763.836
23.645 763.836
-1
4
27.895 759.868
30.445 759.868
30.445 764.969
27.895 764.969
-1
4
28.236 773.664
36.027 773.664
36.027 774.23
28.236 774.23
-1
4
28.066 761.399
28.633 761.399
28.633 774.23
28.066 774.23
-1
8
35.574 850.363
36.141 850.363
36.141 833
36.027 833
36.027 773.834
35.461 773.834
35.461 833.57
35.574 833.57
-1
4
35.744 849.797
40.792 849.797
40.792 850.363
35.744 850.363
-1
4
32.148 758.168
37.816 758.168
37.816 763.836
32.148 763.836
-1
4
38.313 841.223
41.855 841.223
41.855 844.766
38.313 844.766
-1
8
36.941 843.277
37.512 843.277
37.512 833
37.426 833
37.426 772.719
36.859 772.719
36.859 833.57
36.941 833.57
-1
4
32.148 757.035
34.699 757.035
34.699 762.136
32.148 762.136
-1
4
33.848 758.168
38.949 758.168
38.949 760.719
33.848 760.719
-1
4
31.012 761.285
36.116 761.285
36.116 763.836
31.012 763.836
-1
4
35.266 759.868
37.816 759.868
37.816 764.969
35.266 764.969
-1
4
29.539 766.387
31.411 766.387
31.411 766.953
29.539 766.953
-1
4
31.012 762.05
31.582 762.05
31.582 766.953
31.012 766.953
-1
4
29.539 766.557
30.105 766.557
30.105 773.285
29.539 773.285
-1
4
29.709 772.719
37.256 772.719
37.256 773.285
29.709 773.285
-1
4
37.112 842.711
40.792 842.711
40.792 843.277
37.112 843.277
-1
4
39.52 758.168
45.188 758.168
45.188 763.836
39.52 763.836
-1
4
41.043 830.734
50.313 830.734
50.313 831.301
41.043 831.301
-1
4
45.398 841.223
48.941 841.223
48.941 844.766
45.398 844.766
-1
4
39.52 757.035
42.066 757.035
42.066 762.136
39.52 762.136
-1
4
41.22 758.168
46.32 758.168
46.32 760.719
41.22 760.719
-1
4
38.383 761.285
43.488 761.285
43.488 763.836
38.383 763.836
-1
4
42.637 759.868
45.188 759.868
45.188 764.969
42.637 764.969
-1
4
47.227 764.572
47.793 764.572
47.793 773.285
47.227 773.285
-1
4
43.402 764.402
47.793 764.402
47.793 764.969
43.402 764.969
-1
4
41.043 772.719
41.609 772.719
41.609 831.131
41.043 831.131
-1
4
49.746 830.904
50.313 830.904
50.313 843.277
49.746 843.277
-1
4
41.213 772.719
47.623 772.719
47.623 773.285
41.213 773.285
-1
4
46.461 842.711
50.143 842.711
50.143 843.277
46.461 843.277
-1
4
46.887 758.168
52.555 758.168
52.555 763.836
46.887 763.836
-1
4
51.113 829.602
51.684 829.602
51.684 850.363
51.113 850.363
-1
4
45.398 848.309
48.941 848.309
48.941 851.852
45.398 851.852
-1
4
46.887 757.035
49.438 757.035
49.438 762.136
46.887 762.136
-1
4
48.587 758.168
53.691 758.168
53.691 760.719
48.587 760.719
-1
4
45.754 761.285
50.855 761.285
50.855 763.836
45.754 763.836
-1
4
48.699 759.868
49.27 759.868
49.27 774.23
48.699 774.23
-1
4
50.004 759.868
52.555 759.868
52.555 764.969
50.004 764.969
-1
4
42.438 773.664
49.099 773.664
49.099 774.23
42.438 774.23
-1
4
42.438 829.602
51.513 829.602
51.513 830.168
42.438 830.168
-1
4
46.461 849.797
51.513 849.797
51.513 850.363
46.461 850.363
-1
4
42.438 773.834
43.004 773.834
43.004 829.998
42.438 829.998
-1
4
54.258 758.168
59.926 758.168
59.926 763.836
54.258 763.836
-1
4
50.176 765.82
53.691 765.82
53.691 766.387
50.176 766.387
-1
4
43.836 774.609
50.742 774.609
50.742 775.176
43.836 775.176
-1
4
52.484 834.137
56.031 834.137
56.031 837.68
52.484 837.68
-1
4
54.258 757.035
56.809 757.035
56.809 762.136
54.258 762.136
-1
4
55.958 758.168
61.059 758.168
61.059 760.719
55.958 760.719
-1
4
53.125 761.285
58.226 761.285
58.226 763.836
53.125 763.836
-1
4
57.375 759.868
59.926 759.868
59.926 764.969
57.375 764.969
-1
4
43.836 774.779
44.402 774.779
44.402 829.035
43.836 829.035
-1
4
50.176 765.99
50.742 765.99
50.742 775.006
50.176 775.006
-1
4
53.973 828.469
54.543 828.469
54.543 836.617
53.973 836.617
-1
4
53.125 762.05
53.691 762.05
53.691 766.217
53.125 766.217
-1
4
44.006 828.469
54.372 828.469
54.372 829.035
44.006 829.035
-1
4
61.625 758.168
67.297 758.168
67.297 763.836
61.625 763.836
-1
4
63.918 830.734
69.727 830.734
69.727 831.301
63.918 831.301
-1
4
59.57 841.223
63.113 841.223
63.113 844.766
59.57 844.766
-1
4
61.625 757.035
64.18 757.035
64.18 762.136
61.625 762.136
-1
4
63.327 758.168
68.43 758.168
68.43 760.719
63.327 760.719
-1
4
60.492 761.285
65.595 761.285
65.595 763.836
60.492 763.836
-1
4
63.043 759.868
63.613 759.868
63.613 775.648
63.043 775.648
-1
4
64.746 759.868
67.297 759.868
67.297 764.969
64.746 764.969
-1
4
69.16 775.082
69.727 775.082
69.727 831.131
69.16 831.131
-1
4
60.633 842.711
64.484 842.711
64.484 843.277
60.633 843.277
-1
4
63.214 775.082
69.557 775.082
69.557 775.648
63.214 775.648
-1
4
63.918 830.904
64.484 830.904
64.484 843.107
63.918 843.107
-1
4
68.996 758.168
74.668 758.168
74.668 763.836
68.996 763.836
-1
4
65.313 766.527
68.43 766.527
68.43 767.094
65.313 767.094
-1
4
65.313 773
72.156 773
72.156 773.57
65.313 773.57
-1
4
65.289 831.867
72.156 831.867
72.156 832.434
65.289 832.434
-1
4
59.57 848.309
63.113 848.309
63.113 851.852
59.57 851.852
-1
4
68.996 757.035
71.547 757.035
71.547 762.136
68.996 762.136
-1
4
70.698 758.168
75.801 758.168
75.801 760.719
70.698 760.719
-1
4
67.863 761.285
72.966 761.285
72.966 763.836
67.863 763.836
-1
4
72.113 759.868
74.668 759.868
74.668 764.969
72.113 764.969
-1
4
65.313 766.697
65.879 766.697
65.879 773.399
65.313 773.399
-1
4
71.59 773.171
72.156 773.171
72.156 832.264
71.59 832.264
-1
4
60.633 849.797
65.855 849.797
65.855 850.363
60.633 850.363
-1
4
67.863 762.05
68.43 762.05
68.43 766.924
67.863 766.924
-1
4
65.289 832.037
65.855 832.037
65.855 850.193
65.289 850.193
-1
4
76.367 758.168
82.035 758.168
82.035 763.836
76.367 763.836
-1
4
78.879 831.867
85.746 831.867
85.746 832.434
78.879 832.434
-1
4
87.918 848.309
91.461 848.309
91.461 851.852
87.918 851.852
-1
4
76.367 757.035
78.918 757.035
78.918 762.136
76.367 762.136
-1
4
78.067 758.168
83.172 758.168
83.172 760.719
78.067 760.719
-1
4
75.234 761.285
80.335 761.285
80.335 763.836
75.234 763.836
-1
4
79.484 759.868
82.035 759.868
82.035 764.969
79.484 764.969
-1
4
85.156 764.572
85.723 764.572
85.723 774.23
85.156 774.23
-1
4
80.249 764.402
85.723 764.402
85.723 764.969
80.249 764.969
-1
4
78.879 773.664
85.553 773.664
85.553 774.23
78.879 774.23
-1
4
78.879 773.834
79.445 773.834
79.445 832.264
78.879 832.264
-1
4
85.18 849.797
90.398 849.797
90.398 850.363
85.18 850.363
-1
4
85.18 832.037
85.746 832.037
85.746 850.193
85.18 850.193
-1
4
83.738 758.168
89.406 758.168
89.406 763.836
83.738 763.836
-1
4
81.309 775.555
87.988 775.555
87.988 776.121
81.309 776.121
-1
4
81.309 830.734
87.113 830.734
87.113 831.301
81.309 831.301
-1
4
87.918 841.223
91.461 841.223
91.461 844.766
87.918 844.766
-1
4
83.738 757.035
86.289 757.035
86.289 762.136
83.738 762.136
-1
4
85.438 758.168
90.539 758.168
90.539 760.719
85.438 760.719
-1
4
82.602 761.285
87.706 761.285
87.706 763.836
82.602 763.836
-1
4
86.855 759.868
89.406 759.868
89.406 764.969
86.855 764.969
-1
4
81.309 775.725
81.875 775.725
81.875 831.131
81.309 831.131
-1
4
86.547 842.711
90.398 842.711
90.398 843.277
86.547 843.277
-1
4
87.422 761.399
87.988 761.399
87.988 775.951
87.422 775.951
-1
4
86.547 830.904
87.113 830.904
87.113 843.107
86.547 843.107
-1
4
91.105 758.168
96.777 758.168
96.777 763.836
91.105 763.836
-1
4
100.293 774.609
108.332 774.609
108.332 775.176
100.293 775.176
-1
4
96.492 826.199
108.332 826.199
108.332 826.766
96.492 826.766
-1
4
95.004 834.137
98.547 834.137
98.547 837.68
95.004 837.68
-1
4
91.105 757.035
93.66 757.035
93.66 762.136
91.105 762.136
-1
4
92.807 758.168
97.91 758.168
97.91 760.719
92.807 760.719
-1
4
89.973 761.285
95.075 761.285
95.075 763.836
89.973 763.836
-1
4
94.227 759.868
96.777 759.868
96.777 764.969
94.227 764.969
-1
4
94.992 764.402
100.859 764.402
100.859 764.969
94.992 764.969
-1
4
100.293 764.572
100.859 764.572
100.859 775.006
100.293 775.006
-1
4
107.766 774.779
108.332 774.779
108.332 826.596
107.766 826.596
-1
4
96.492 826.369
97.059 826.369
97.059 836.617
96.492 836.617
-1
4
98.477 758.168
104.148 758.168
104.148 763.836
98.477 763.836
-1
4
101.766 773.664
109.73 773.664
109.73 774.23
101.766 774.23
-1
4
99.352 827.332
109.73 827.332
109.73 827.898
99.352 827.898
-1
4
102.09 848.309
105.637 848.309
105.637 851.852
102.09 851.852
-1
4
98.477 757.035
101.027 757.035
101.027 762.136
98.477 762.136
-1
4
100.178 758.168
105.281 758.168
105.281 760.719
100.178 760.719
-1
4
97.344 761.285
102.447 761.285
102.447 763.836
97.344 763.836
-1
4
101.594 759.868
104.148 759.868
104.148 764.969
101.594 764.969
-1
4
109.164 773.834
109.73 773.834
109.73 827.728
109.164 827.728
-1
4
99.352 849.797
104.573 849.797
104.573 850.363
99.352 850.363
-1
4
101.766 761.399
102.332 761.399
102.332 774.06
101.766 774.06
-1
4
99.352 827.502
99.918 827.502
99.918 850.193
99.352 850.193
-1
4
105.848 758.168
111.516 758.168
111.516 763.836
105.848 763.836
-1
4
105.848 757.035
108.398 757.035
108.398 762.136
105.848 762.136
-1
4
107.548 758.168
112.652 758.168
112.652 760.719
107.548 760.719
-1
4
104.715 761.285
109.816 761.285
109.816 763.836
104.715 763.836
-1
4
108.965 759.868
111.516 759.868
111.516 764.969
108.965 764.969
-1
4
113.219 758.168
118.887 758.168
118.887 763.836
113.219 763.836
-1
4
113.523 831.867
115.309 831.867
115.309 832.434
113.523 832.434
-1
4
109.18 841.223
112.723 841.223
112.723 844.766
109.18 844.766
-1
4
113.219 757.035
115.77 757.035
115.77 762.136
113.219 762.136
-1
4
114.919 758.168
120.02 758.168
120.02 760.719
114.919 760.719
-1
4
112.082 761.285
117.187 761.285
117.187 763.836
112.082 763.836
-1
4
116.336 759.868
118.887 759.868
118.887 764.969
116.336 764.969
-1
4
120.93 764.572
121.496 764.572
121.496 773.285
120.93 773.285
-1
4
117.101 764.402
121.496 764.402
121.496 764.969
117.101 764.969
-1
4
114.742 772.719
115.309 772.719
115.309 832.264
114.742 832.264
-1
4
113.523 832.037
114.09 832.037
114.09 843.277
113.523 843.277
-1
4
114.912 772.719
121.326 772.719
121.326 773.285
114.912 773.285
-1
4
110.243 842.711
113.92 842.711
113.92 843.277
110.243 843.277
-1
4
120.586 758.168
126.258 758.168
126.258 763.836
120.586 763.836
-1
4
114.895 833
116.707 833
116.707 833.57
114.895 833.57
-1
4
109.18 848.309
112.723 848.309
112.723 851.852
109.18 851.852
-1
4
120.586 757.035
123.137 757.035
123.137 762.136
120.586 762.136
-1
4
122.288 758.168
127.391 758.168
127.391 760.719
122.288 760.719
-1
4
119.453 761.285
124.556 761.285
124.556 763.836
119.453 763.836
-1
4
122.402 759.868
122.969 759.868
122.969 774.23
122.402 774.23
-1
4
123.707 759.868
126.258 759.868
126.258 764.969
123.707 764.969
-1
4
116.141 773.664
122.799 773.664
122.799 774.23
116.141 774.23
-1
4
116.141 773.834
116.707 773.834
116.707 833.399
116.141 833.399
-1
4
110.243 849.797
115.461 849.797
115.461 850.363
110.243 850.363
-1
4
114.895 833.171
115.461 833.171
115.461 850.193
114.895 850.193
-1
4
127.957 758.168
133.629 758.168
133.629 763.836
127.957 763.836
-1
4
117.535 774.609
124.441 774.609
124.441 775.176
117.535 775.176
-1
4
116.266 834.137
119.809 834.137
119.809 837.68
116.266 837.68
-1
4
127.957 757.035
130.508 757.035
130.508 762.136
127.957 762.136
-1
4
129.659 758.168
134.762 758.168
134.762 760.719
129.659 760.719
-1
4
126.824 761.285
131.927 761.285
131.927 763.836
126.824 763.836
-1
4
131.074 759.868
133.629 759.868
133.629 764.969
131.074 764.969
-1
4
123.875 765.82
127.221 765.82
127.221 766.387
123.875 766.387
-1
4
126.824 762.05
127.391 762.05
127.391 766.387
126.824 766.387
-1
8
117.754 836.617
118.32 836.617
118.32 833
118.102 833
118.102 774.779
117.535 774.779
117.535 833.57
117.754 833.57
-1
4
123.875 765.99
124.441 765.99
124.441 775.006
123.875 775.006
-1
4
17.406 765.535
23.078 765.535
23.078 771.207
17.406 771.207
-1
4
29.855 831.867
33.238 831.867
33.238 832.434
29.855 832.434
-1
4
31.227 841.223
34.77 841.223
34.77 844.766
31.227 844.766
-1
4
17.406 764.402
19.957 764.402
19.957 769.505
17.406 769.505
-1
4
19.108 765.535
24.211 765.535
24.211 768.09
19.108 768.09
-1
4
16.273 768.656
21.376 768.656
21.376 771.207
16.273 771.207
-1
4
20.523 767.237
23.078 767.237
23.078 772.34
20.523 772.34
-1
4
25.117 767.693
25.684 767.693
25.684 776.121
25.117 776.121
-1
4
20.639 767.523
25.684 767.523
25.684 768.09
20.639 768.09
-1
4
25.287 775.555
33.238 775.555
33.238 776.121
25.287 776.121
-1
4
29.855 832.037
30.422 832.037
30.422 843.277
29.855 843.277
-1
4
32.672 775.725
33.238 775.725
33.238 832.264
32.672 832.264
-1
4
30.025 842.711
33.707 842.711
33.707 843.277
30.025 843.277
-1
4
32.148 765.535
37.816 765.535
37.816 771.207
32.148 771.207
-1
4
38.254 833
40.367 833
40.367 833.57
38.254 833.57
-1
4
38.313 834.137
41.855 834.137
41.855 837.68
38.313 837.68
-1
4
32.148 764.402
34.699 764.402
34.699 769.505
32.148 769.505
-1
4
33.848 765.535
38.949 765.535
38.949 768.09
33.848 768.09
-1
4
31.012 768.656
36.116 768.656
36.116 771.207
31.012 771.207
-1
4
35.266 767.237
37.816 767.237
37.816 772.34
35.266 772.34
-1
4
39.801 833.171
40.367 833.171
40.367 836.617
39.801 836.617
-1
6
38.254 833.399
38.82 833.399
38.82 771.773
36.031 771.773
36.031 772.34
38.254 772.34
-1
4
39.52 765.535
45.188 765.535
45.188 771.207
39.52 771.207
-1
4
39.648 831.867
47.453 831.867
47.453 832.434
39.648 832.434
-1
4
45.398 834.137
48.941 834.137
48.941 837.68
45.398 837.68
-1
4
39.52 764.402
42.066 764.402
42.066 769.505
39.52 769.505
-1
4
41.22 765.535
46.32 765.535
46.32 768.09
41.22 768.09
-1
4
38.383 768.656
43.488 768.656
43.488 771.207
38.383 771.207
-1
4
42.637 767.237
45.188 767.237
45.188 772.34
42.637 772.34
-1
4
39.648 767.237
40.215 767.237
40.215 832.264
39.648 832.264
-1
4
46.887 832.037
47.453 832.037
47.453 836.617
46.887 836.617
-1
4
54.258 765.535
59.926 765.535
59.926 771.207
54.258 771.207
-1
4
51.648 767.238
52.215 767.238
52.215 776.121
51.648 776.121
-1
4
45.23 775.555
45.797 775.555
45.797 827.898
45.23 827.898
-1
4
52.484 841.223
56.031 841.223
56.031 844.766
52.484 844.766
-1
4
54.258 764.402
56.809 764.402
56.809 769.505
54.258 769.505
-1
4
55.958 765.535
61.059 765.535
61.059 768.09
55.958 768.09
-1
4
53.125 768.656
58.226 768.656
58.226 771.207
53.125 771.207
-1
4
57.375 767.237
59.926 767.237
59.926 772.34
57.375 772.34
-1
4
51.818 767.238
58.226 767.238
58.226 767.805
51.818 767.805
-1
4
45.4 827.332
57.398 827.332
57.398 827.898
45.4 827.898
-1
4
45.4 775.555
52.045 775.555
52.045 776.121
45.4 776.121
-1
4
53.548 842.711
57.398 842.711
57.398 843.277
53.548 843.277
-1
4
56.832 827.502
57.398 827.502
57.398 843.107
56.832 843.107
-1
4
68.996 765.535
74.668 765.535
74.668 771.207
68.996 771.207
-1
4
68.148 833
74.586 833
74.586 833.57
68.148 833.57
-1
4
66.66 834.137
70.203 834.137
70.203 837.68
66.66 837.68
-1
4
68.996 764.402
71.547 764.402
71.547 769.505
68.996 769.505
-1
4
70.698 765.535
75.801 765.535
75.801 768.09
70.698 768.09
-1
4
67.863 768.656
72.966 768.656
72.966 771.207
67.863 771.207
-1
4
72.113 767.237
74.668 767.237
74.668 772.34
72.113 772.34
-1
4
68.148 833.171
68.715 833.171
68.715 836.617
68.148 836.617
-1
4
74.02 768.768
74.586 768.768
74.586 833.399
74.02 833.399
-1
4
76.367 765.535
82.035 765.535
82.035 771.207
76.367 771.207
-1
4
76.449 833
82.887 833
82.887 833.57
76.449 833.57
-1
4
80.832 834.137
84.375 834.137
84.375 837.68
80.832 837.68
-1
4
76.367 764.402
78.918 764.402
78.918 769.505
76.367 769.505
-1
4
78.067 765.535
83.172 765.535
83.172 768.09
78.067 768.09
-1
4
75.234 768.656
80.335 768.656
80.335 771.207
75.234 771.207
-1
4
79.484 767.237
82.035 767.237
82.035 772.34
79.484 772.34
-1
4
76.449 767.237
77.016 767.237
77.016 833.399
76.449 833.399
-1
4
82.32 833.171
82.887 833.171
82.887 836.617
82.32 836.617
-1
4
91.105 765.535
96.777 765.535
96.777 771.207
91.105 771.207
-1
4
98.816 767.238
99.387 767.238
99.387 776.121
98.816 776.121
-1
4
93.637 825.066
106.938 825.066
106.938 825.633
93.637 825.633
-1
4
95.004 841.223
98.547 841.223
98.547 844.766
95.004 844.766
-1
4
91.105 764.402
93.66 764.402
93.66 769.505
91.105 769.505
-1
4
92.807 765.535
97.91 765.535
97.91 768.09
92.807 768.09
-1
4
89.973 768.656
95.075 768.656
95.075 771.207
89.973 771.207
-1
4
94.227 767.237
96.777 767.237
96.777 772.34
94.227 772.34
-1
4
106.371 775.555
106.938 775.555
106.938 825.463
106.371 825.463
-1
4
93.637 842.711
97.484 842.711
97.484 843.277
93.637 843.277
-1
4
94.338 767.238
99.216 767.238
99.216 767.805
94.338 767.805
-1
4
98.987 775.555
106.768 775.555
106.768 776.121
98.987 776.121
-1
4
93.637 825.236
94.203 825.236
94.203 843.107
93.637 843.107
-1
4
105.848 765.535
111.516 765.535
111.516 771.207
105.848 771.207
-1
4
103.238 766.527
103.809 766.527
103.809 773.285
103.238 773.285
-1
4
110.559 772.719
111.125 772.719
111.125 829.035
110.559 829.035
-1
4
102.09 834.137
105.637 834.137
105.637 837.68
102.09 837.68
-1
4
102.09 841.223
105.637 841.223
105.637 844.766
102.09 844.766
-1
4
105.848 764.402
108.398 764.402
108.398 769.505
105.848 769.505
-1
4
107.548 765.535
112.652 765.535
112.652 768.09
107.548 768.09
-1
4
104.715 768.656
109.816 768.656
109.816 771.207
104.715 771.207
-1
4
108.965 767.237
111.516 767.237
111.516 772.34
108.965 772.34
-1
4
103.409 766.527
109.816 766.527
109.816 767.094
103.409 767.094
-1
4
103.409 772.719
110.955 772.719
110.955 773.285
103.409 773.285
-1
4
100.723 828.469
101.289 828.469
101.289 843.107
100.723 843.107
-1
4
103.582 829.602
112.35 829.602
112.35 830.168
103.582 830.168
-1
4
103.582 829.772
104.148 829.772
104.148 836.617
103.582 836.617
-1
4
100.723 842.711
104.573 842.711
104.573 843.277
100.723 843.277
-1
6
111.953 830.168
112.52 830.168
112.52 771.773
109.73 771.773
109.73 772.34
111.953 772.34
-1
4
100.893 828.469
110.955 828.469
110.955 829.035
100.893 829.035
-1
4
113.219 765.535
118.887 765.535
118.887 771.207
113.219 771.207
-1
4
109.18 834.137
112.723 834.137
112.723 837.68
109.18 837.68
-1
4
113.219 764.402
115.77 764.402
115.77 769.505
113.219 769.505
-1
4
114.919 765.535
120.02 765.535
120.02 768.09
114.919 768.09
-1
4
112.082 768.656
117.187 768.656
117.187 771.207
112.082 771.207
-1
4
113.348 767.237
113.918 767.237
113.918 831.301
113.348 831.301
-1
4
116.336 767.237
118.887 767.237
118.887 772.34
116.336 772.34
-1
4
110.668 830.734
113.747 830.734
113.747 831.301
110.668 831.301
-1
4
110.668 830.904
111.234 830.904
111.234 836.617
110.668 836.617
-1
4
127.957 765.535
133.629 765.535
133.629 771.207
127.957 771.207
-1
4
125.348 767.238
125.918 767.238
125.918 776.121
125.348 776.121
-1
4
118.93 831.867
121.18 831.867
121.18 832.434
118.93 832.434
-1
4
116.266 841.223
119.809 841.223
119.809 844.766
116.266 844.766
-1
4
127.957 764.402
130.508 764.402
130.508 769.505
127.957 769.505
-1
4
129.659 765.535
134.762 765.535
134.762 768.09
129.659 768.09
-1
4
126.824 768.656
131.927 768.656
131.927 771.207
126.824 771.207
-1
4
131.074 767.237
133.629 767.237
133.629 772.34
131.074 772.34
-1
4
118.93 775.555
125.747 775.555
125.747 776.121
118.93 776.121
-1
4
125.519 767.238
131.927 767.238
131.927 767.805
125.519 767.805
-1
4
120.613 832.037
121.18 832.037
121.18 843.277
120.613 843.277
-1
4
118.93 775.725
119.496 775.725
119.496 832.264
118.93 832.264
-1
4
117.329 842.711
121.01 842.711
121.01 843.277
117.329 843.277
-1
4
17.406 772.906
24.211 772.906
24.211 784.246
17.406 784.246
-1
4
28.488 830.734
31.844 830.734
31.844 831.301
28.488 831.301
-1
4
31.227 848.309
34.77 848.309
34.77 851.852
31.227 851.852
-1
4
17.406 771.773
19.957 771.773
19.957 780.844
17.406 780.844
-1
4
20.523 776.308
24.211 776.308
24.211 785.379
20.523 785.379
-1
4
31.277 776.5
31.844 776.5
31.844 831.131
31.277 831.131
-1
4
28.488 830.904
29.055 830.904
29.055 850.363
28.488 850.363
-1
4
19.448 776.5
31.674 776.5
31.674 777.066
19.448 777.066
-1
4
28.658 849.797
33.707 849.797
33.707 850.363
28.658 850.363
-1
4
54.258 772.906
61.059 772.906
61.059 784.246
54.258 784.246
-1
4
46.625 826.199
58.77 826.199
58.77 826.766
46.625 826.766
-1
4
52.484 848.309
56.031 848.309
56.031 851.852
52.484 851.852
-1
4
54.258 771.773
56.809 771.773
56.809 780.844
54.258 780.844
-1
4
46.625 776.5
59.019 776.5
59.019 777.066
46.625 777.066
-1
4
57.375 776.308
61.059 776.308
61.059 785.379
57.375 785.379
-1
4
58.203 826.369
58.77 826.369
58.77 850.363
58.203 850.363
-1
4
46.625 776.67
47.191 776.67
47.191 826.596
46.625 826.596
-1
4
53.548 849.797
58.6 849.797
58.6 850.363
53.548 850.363
-1
4
91.105 772.906
97.91 772.906
97.91 784.246
91.105 784.246
-1
4
92.266 823.93
105.543 823.93
105.543 824.5
92.266 824.5
-1
4
95.004 848.309
98.547 848.309
98.547 851.852
95.004 851.852
-1
4
91.105 771.773
93.66 771.773
93.66 780.844
91.105 780.844
-1
4
93.147 776.5
105.543 776.5
105.543 777.066
93.147 777.066
-1
4
94.227 776.308
97.91 776.308
97.91 785.379
94.227 785.379
-1
4
92.266 849.797
97.484 849.797
97.484 850.363
92.266 850.363
-1
4
104.977 776.67
105.543 776.67
105.543 824.329
104.977 824.329
-1
4
92.266 824.101
92.832 824.101
92.832 850.193
92.266 850.193
-1
4
127.957 772.906
134.762 772.906
134.762 784.246
127.957 784.246
-1
4
120.324 776.5
120.895 776.5
120.895 831.301
120.324 831.301
-1
4
116.266 848.309
119.809 848.309
119.809 851.852
116.266 851.852
-1
4
127.957 771.773
130.508 771.773
130.508 780.844
127.957 780.844
-1
4
131.074 776.308
134.762 776.308
134.762 785.379
131.074 785.379
-1
4
120.495 830.734
122.547 830.734
122.547 831.301
120.495 831.301
-1
4
120.495 776.5
132.72 776.5
132.72 777.066
120.495 777.066
-1
4
121.98 830.904
122.547 830.904
122.547 850.363
121.98 850.363
-1
4
117.329 849.797
122.377 849.797
122.377 850.363
117.329 850.363
-1
4
24.141 834.137
27.684 834.137
27.684 837.68
24.141 837.68
-1
8
11.172 805.789
30.445 805.789
30.445 785.945
19.957 785.945
19.957 784.813
16.84 784.813
16.84 777.441
11.172 777.441
-1
4
24.777 777.441
30.445 777.441
30.445 799.836
24.777 799.836
-1
4
25.629 791.898
26.195 791.898
26.195 836.617
25.629 836.617
-1
4
26.025 825.633
25.799 825.633
25.799 827.673
26.025 827.673
-1
4
59.57 834.137
63.113 834.137
63.113 837.68
59.57 837.68
-1
8
48.02 805.789
67.297 805.789
67.297 785.945
56.809 785.945
56.809 784.813
53.691 784.813
53.691 777.441
48.02 777.441
-1
4
61.625 777.441
67.297 777.441
67.297 799.836
61.625 799.836
-1
4
61.059 791.898
61.625 791.898
61.625 836.617
61.059 836.617
-1
4
61.455 825.633
61.229 825.633
61.229 827.673
61.455 827.673
-1
4
87.918 834.137
91.461 834.137
91.461 837.68
87.918 837.68
-1
8
84.871 805.789
104.148 805.789
104.148 785.945
93.66 785.945
93.66 784.813
90.539 784.813
90.539 777.441
84.871 777.441
-1
4
98.477 777.441
104.148 777.441
104.148 799.836
98.477 799.836
-1
4
89.406 785.945
89.973 785.945
89.973 836.617
89.406 836.617
-1
4
89.803 825.633
89.576 825.633
89.576 826.483
89.803 826.483
-1
4
123.352 834.137
126.895 834.137
126.895 837.68
123.352 837.68
-1
8
121.723 805.789
140.996 805.789
140.996 785.945
130.508 785.945
130.508 784.813
127.391 784.813
127.391 777.441
121.723 777.441
-1
4
135.328 777.441
140.996 777.441
140.996 799.836
135.328 799.836
-1
4
124.84 785.945
125.406 785.945
125.406 836.617
124.84 836.617
-1
4
125.236 825.633
125.01 825.633
125.01 826.483
125.236 826.483
