-1
4
0.585 653.327
150.45 653.327
150.45 861.306
0.585 861.306
-1
4
31.227 662.781
34.77 662.781
34.77 666.324
31.227 666.324
-1
4
38.313 662.781
41.855 662.781
41.855 666.324
38.313 666.324
-1
4
45.398 662.781
48.941 662.781
48.941 666.324
45.398 666.324
-1
4
46.887 750.797
52.555 750.797
52.555 756.465
46.887 756.465
-1
4
76.367 750.797
82.035 750.797
82.035 756.465
76.367 756.465
-1
4
78.879 682.539
79.445 682.539
79.445 741.293
78.879 741.293
-1
4
89.973 730.387
96.777 730.387
96.777 741.727
89.973 741.727
-1
4
102.09 662.781
105.637 662.781
105.637 666.324
102.09 666.324
-1
4
99.352 664.61
99.918 664.61
99.918 684.693
99.352 684.693
-1
4
109.18 662.781
112.723 662.781
112.723 666.324
109.18 666.324
-1
8
115.004 740.969
115.574 740.969
115.574 681.066
115.461 681.066
115.461 664.61
114.895 664.61
114.895 681.633
115.004 681.633
-1
4
126.824 730.387
133.629 730.387
133.629 741.727
126.824 741.727
-1
4
31.227 669.867
34.77 669.867
34.77 673.41
31.227 673.41
-1
4
31.539 682.539
32.105 682.539
32.105 738.74
31.539 738.74
-1
4
32.148 750.797
37.816 750.797
37.816 756.465
32.148 756.465
-1
4
29.539 741.688
30.105 741.688
30.105 749.89
29.539 749.89
-1
4
45.398 669.867
48.941 669.867
48.941 673.41
45.398 673.41
-1
4
45.398 676.953
48.941 676.953
48.941 680.5
45.398 680.5
-1
4
39.91 685.602
40.477 685.602
40.477 741.914
39.91 741.914
-1
4
39.52 743.426
45.188 743.426
45.188 749.094
39.52 749.094
-1
4
52.484 669.867
56.031 669.867
56.031 673.41
52.484 673.41
-1
4
54.258 743.426
59.926 743.426
59.926 749.094
54.258 749.094
-1
4
51.648 738.854
52.215 738.854
52.215 747.055
51.648 747.055
-1
4
61.625 750.797
67.297 750.797
67.297 756.465
61.625 756.465
-1
4
69.16 683.332
69.727 683.332
69.727 738.74
69.16 738.74
-1
4
63.918 671.695
64.484 671.695
64.484 683.558
63.918 683.558
-1
4
87.918 669.867
91.461 669.867
91.461 673.41
87.918 673.41
-1
4
81.309 683.672
81.875 683.672
81.875 739.215
81.309 739.215
-1
4
93.637 671.695
94.203 671.695
94.203 686.961
93.637 686.961
-1
4
105.238 687.074
105.805 687.074
105.805 738.74
105.238 738.74
-1
4
102.09 669.867
105.637 669.867
105.637 673.41
102.09 673.41
-1
4
103.238 741.348
103.809 741.348
103.809 750.23
103.238 750.23
-1
4
105.848 750.797
111.516 750.797
111.516 756.465
105.848 756.465
-1
4
109.422 683.672
109.988 683.672
109.988 741.574
109.422 741.574
-1
4
109.18 669.867
112.723 669.867
112.723 673.41
109.18 673.41
-1
4
113.219 750.797
118.887 750.797
118.887 756.465
113.219 756.465
-1
4
117.797 682.539
118.363 682.539
118.363 738.74
117.797 738.74
-1
4
24.141 676.953
27.684 676.953
27.684 680.5
24.141 680.5
-1
8
23.645 737.191
29.313 737.191
29.313 708.844
10.039 708.844
10.039 728.688
20.523 728.688
20.523 729.82
23.645 729.82
-1
4
31.227 676.953
34.77 676.953
34.77 680.5
31.227 680.5
-1
4
17.406 750.797
23.078 750.797
23.078 756.465
17.406 756.465
-1
4
26.594 739.797
27.16 739.797
27.16 748.473
26.594 748.473
-1
4
38.313 676.953
41.855 676.953
41.855 680.5
38.313 680.5
-1
4
32.148 743.426
37.816 743.426
37.816 749.094
32.148 749.094
-1
4
42.699 687.867
43.27 687.867
43.27 740.023
42.699 740.023
-1
4
54.258 750.797
59.926 750.797
59.926 756.465
54.258 756.465
-1
8
60.492 737.191
66.164 737.191
66.164 708.844
46.887 708.844
46.887 728.688
57.375 728.688
57.375 729.82
60.492 729.82
-1
4
66.66 676.953
70.203 676.953
70.203 680.5
66.66 680.5
-1
4
68.996 743.426
74.668 743.426
74.668 749.094
68.996 749.094
-1
4
80.832 676.953
84.375 676.953
84.375 680.5
80.832 680.5
-1
4
76.367 743.426
82.035 743.426
82.035 749.094
76.367 749.094
-1
4
91.105 750.797
96.777 750.797
96.777 756.465
91.105 756.465
-1
4
100.293 739.797
100.859 739.797
100.859 748.473
100.293 748.473
-1
4
102.09 676.953
105.637 676.953
105.637 680.5
102.09 680.5
-1
4
105.848 743.426
111.516 743.426
111.516 749.094
105.848 749.094
-1
4
113.219 743.426
118.887 743.426
118.887 749.094
113.219 749.094
-1
4
123.875 739.797
124.441 739.797
124.441 749.89
123.875 749.89
-1
4
123.352 676.953
126.895 676.953
126.895 680.5
123.352 680.5
-1
4
39.52 750.797
45.188 750.797
45.188 756.465
39.52 756.465
-1
4
31.227 834.137
34.77 834.137
34.77 837.68
31.227 837.68
-1
4
24.777 758.168
30.445 758.168
30.445 763.836
24.777 763.836
-1
4
38.313 848.309
41.855 848.309
41.855 851.852
38.313 851.852
-1
4
32.148 758.168
37.816 758.168
37.816 763.836
32.148 763.836
-1
4
38.313 841.223
41.855 841.223
41.855 844.766
38.313 844.766
-1
4
45.398 841.223
48.941 841.223
48.941 844.766
45.398 844.766
-1
4
46.887 758.168
52.555 758.168
52.555 763.836
46.887 763.836
-1
4
45.398 848.309
48.941 848.309
48.941 851.852
45.398 851.852
-1
4
42.438 774.004
43.004 774.004
43.004 829.828
42.438 829.828
-1
4
52.484 834.137
56.031 834.137
56.031 837.68
52.484 837.68
-1
4
50.176 766.16
50.742 766.16
50.742 774.836
50.176 774.836
-1
4
61.625 758.168
67.297 758.168
67.297 763.836
61.625 763.836
-1
4
68.996 758.168
74.668 758.168
74.668 763.836
68.996 763.836
-1
4
71.59 773.342
72.156 773.342
72.156 832.094
71.59 832.094
-1
4
85.156 764.742
85.723 764.742
85.723 774.23
85.156 774.23
-1
4
87.918 841.223
91.461 841.223
91.461 844.766
87.918 844.766
-1
4
81.309 775.895
81.875 775.895
81.875 830.961
81.309 830.961
-1
4
98.477 758.168
104.148 758.168
104.148 763.836
98.477 763.836
-1
4
102.09 848.309
105.637 848.309
105.637 851.852
102.09 851.852
-1
4
113.219 758.168
118.887 758.168
118.887 763.836
113.219 763.836
-1
4
120.93 764.742
121.496 764.742
121.496 773.285
120.93 773.285
-1
4
109.18 848.309
112.723 848.309
112.723 851.852
109.18 851.852
-1
4
127.957 758.168
133.629 758.168
133.629 763.836
127.957 763.836
-1
4
123.875 766.16
124.441 766.16
124.441 774.836
123.875 774.836
-1
4
17.406 765.535
23.078 765.535
23.078 771.207
17.406 771.207
-1
4
31.227 841.223
34.77 841.223
34.77 844.766
31.227 844.766
-1
4
25.117 767.863
25.684 767.863
25.684 776.121
25.117 776.121
-1
4
32.148 765.535
37.816 765.535
37.816 771.207
32.148 771.207
-1
4
39.52 765.535
45.188 765.535
45.188 771.207
39.52 771.207
-1
4
45.398 834.137
48.941 834.137
48.941 837.68
45.398 837.68
-1
4
54.258 765.535
59.926 765.535
59.926 771.207
54.258 771.207
-1
4
52.484 841.223
56.031 841.223
56.031 844.766
52.484 844.766
-1
4
68.996 765.535
74.668 765.535
74.668 771.207
68.996 771.207
-1
4
66.66 834.137
70.203 834.137
70.203 837.68
66.66 837.68
-1
4
76.367 765.535
82.035 765.535
82.035 771.207
76.367 771.207
-1
4
106.371 775.555
106.938 775.555
106.938 825.293
106.371 825.293
-1
4
93.637 825.406
94.203 825.406
94.203 842.937
93.637 842.937
-1
4
105.848 765.535
111.516 765.535
111.516 771.207
105.848 771.207
-1
4
110.559 772.719
111.125 772.719
111.125 829.035
110.559 829.035
-1
4
100.723 828.469
101.289 828.469
101.289 842.937
100.723 842.937
-1
4
113.219 765.535
118.887 765.535
118.887 771.207
113.219 771.207
-1
4
109.18 834.137
112.723 834.137
112.723 837.68
109.18 837.68
-1
4
127.957 765.535
133.629 765.535
133.629 771.207
127.957 771.207
-1
4
120.613 832.207
121.18 832.207
121.18 843.277
120.613 843.277
-1
4
31.277 776.5
31.844 776.5
31.844 830.961
31.277 830.961
-1
4
54.258 772.906
61.059 772.906
61.059 784.246
54.258 784.246
-1
4
52.484 848.309
56.031 848.309
56.031 851.852
52.484 851.852
-1
4
58.203 826.539
58.77 826.539
58.77 850.363
58.203 850.363
-1
4
46.625 776.84
47.191 776.84
47.191 826.426
46.625 826.426
-1
4
91.105 772.906
97.91 772.906
97.91 784.246
91.105 784.246
-1
4
24.141 834.137
27.684 834.137
27.684 837.68
24.141 837.68
-1
4
87.918 834.137
91.461 834.137
91.461 837.68
87.918 837.68
