-1
4
0.585 653.327
150.45 653.327
150.45 861.306
0.585 861.306
-1
4
30.141 683.672
30.707 683.672
30.707 737.797
30.141 737.797
-1
4
29.878 750.797
31.582 750.797
31.582 753.348
29.878 753.348
-1
4
27.895 755.898
30.445 755.898
30.445 757.602
27.895 757.602
-1
4
45.398 662.781
48.941 662.781
48.941 666.324
45.398 666.324
-1
4
48.699 740.402
49.27 740.402
49.27 750.117
48.699 750.117
-1
4
45.492 690.137
46.059 690.137
46.059 738.137
45.492 738.137
-1
4
57.375 740.593
59.926 740.593
59.926 742.859
57.375 742.859
-1
4
65.289 682.199
72.156 682.199
72.156 682.766
65.289 682.766
-1
4
61.696 664.27
65.855 664.27
65.855 664.836
61.696 664.836
-1
4
65.313 740.742
65.879 740.742
65.879 749.89
65.313 749.89
-1
4
85.18 664.27
89.335 664.27
89.335 664.836
85.18 664.836
-1
4
85.156 741.406
85.723 741.406
85.723 747.763
85.156 747.763
-1
4
76.367 749.664
78.918 749.664
78.918 751.364
76.367 751.364
-1
4
75.234 753.914
76.934 753.914
76.934 756.465
75.234 756.465
-1
4
82.602 747.877
83.172 747.877
83.172 751.817
82.602 751.817
-1
4
99.352 664.27
103.509 664.27
103.509 664.836
99.352 664.836
-1
4
103.581 750.797
105.281 750.797
105.281 753.348
103.581 753.348
-1
4
101.766 740.742
102.332 740.742
102.332 751.364
101.766 751.364
-1
4
122.402 740.742
122.969 740.742
122.969 750.344
122.402 750.344
-1
4
116.266 662.781
119.809 662.781
119.809 666.324
116.266 666.324
-1
4
36.941 671.355
37.512 671.355
37.512 682.766
36.941 682.766
-1
4
29.539 741.348
35.951 741.348
35.951 741.914
29.539 741.914
-1
4
37.249 750.797
38.949 750.797
38.949 753.348
37.249 753.348
-1
4
35.266 755.898
37.816 755.898
37.816 757.602
35.266 757.602
-1
4
40.25 685.602
49.973 685.602
49.973 686.168
40.25 686.168
-1
6
38.516 742.859
40.538 742.859
40.538 742.293
39.082 742.293
39.082 684.807
38.516 684.807
-1
4
51.648 738.854
52.215 738.854
52.215 747.055
51.648 747.055
-1
4
56.832 671.695
57.398 671.695
57.398 689.228
56.832 689.228
-1
4
66.73 750.797
68.43 750.797
68.43 753.348
66.73 753.348
-1
4
81.309 738.988
87.988 738.988
87.988 739.555
81.309 739.555
-1
4
86.547 671.695
87.113 671.695
87.113 683.558
86.547 683.558
-1
4
91.105 742.293
93.66 742.293
93.66 743.993
91.105 743.993
-1
4
94.227 748.527
96.777 748.527
96.777 750.23
94.227 750.23
-1
4
96.21 746.828
99.044 746.828
99.044 747.395
96.21 747.395
-1
4
108.965 755.898
111.516 755.898
111.516 757.602
108.965 757.602
-1
4
100.723 671.695
101.289 671.695
101.289 683.558
100.723 683.558
-1
4
109.422 683.672
109.988 683.672
109.988 741.574
109.422 741.574
-1
4
119.453 747.68
120.02 747.68
120.02 751.817
119.453 751.817
-1
4
116.266 669.867
119.809 669.867
119.809 673.41
116.266 673.41
-1
4
117.797 682.199
121.18 682.199
121.18 682.766
117.797 682.766
-1
4
117.797 738.512
125.918 738.512
125.918 739.082
117.797 739.082
-1
4
127.957 742.293
130.508 742.293
130.508 743.993
127.957 743.993
-1
4
10.039 726.704
15.707 726.704
15.707 737.191
10.039 737.191
-1
4
31.227 676.953
34.77 676.953
34.77 680.5
31.227 680.5
-1
4
26.594 739.457
33.5 739.457
33.5 740.023
26.594 740.023
-1
4
23.645 748.246
27.16 748.246
27.16 748.813
23.645 748.813
-1
4
22.511 750.797
24.211 750.797
24.211 753.348
22.511 753.348
-1
4
31.012 746.547
32.715 746.547
32.715 749.094
31.012 749.094
-1
4
39.801 679.081
40.367 679.081
40.367 683.558
39.801 683.558
-1
4
54.258 749.664
56.809 749.664
56.809 751.364
54.258 751.364
-1
4
43.042 687.867
54.201 687.867
54.201 688.434
43.042 688.434
-1
4
61.059 679.081
61.625 679.081
61.625 711.679
61.059 711.679
-1
4
67.863 746.547
69.563 746.547
69.563 749.094
67.863 749.094
-1
4
76.449 681.066
82.887 681.066
82.887 681.633
76.449 681.633
-1
4
83.738 726.704
89.406 726.704
89.406 737.191
83.738 737.191
-1
4
96.832 685.602
107.199 685.602
107.199 686.168
96.832 686.168
-1
4
89.973 753.914
91.672 753.914
91.672 756.465
89.973 756.465
-1
4
94.227 755.898
96.777 755.898
96.777 757.602
94.227 757.602
-1
4
105.848 742.293
108.398 742.293
108.398 743.993
105.848 743.993
-1
4
110.949 743.426
112.652 743.426
112.652 745.977
110.949 745.977
-1
4
104.715 746.547
106.415 746.547
106.415 749.094
104.715 749.094
-1
4
108.965 748.527
111.516 748.527
111.516 750.23
108.965 750.23
-1
4
110.668 679.081
111.234 679.081
111.234 681.293
110.668 681.293
-1
4
127.957 749.664
130.508 749.664
130.508 751.364
127.957 751.364
-1
4
44.621 750.797
46.32 750.797
46.32 753.348
44.621 753.348
-1
4
42.637 755.898
45.188 755.898
45.188 757.602
42.637 757.602
-1
4
26.594 774.609
34.633 774.609
34.633 775.176
26.594 775.176
-1
4
17.406 757.035
19.957 757.035
19.957 758.735
17.406 758.735
-1
4
22.511 758.168
24.211 758.168
24.211 760.719
22.511 760.719
-1
4
22.056 764.402
27.16 764.402
27.16 764.969
22.056 764.969
-1
4
32.715 833.342
33.281 833.342
33.281 835.554
32.715 835.554
-1
4
29.539 766.727
30.105 766.727
30.105 773.285
29.539 773.285
-1
4
45.398 841.223
48.941 841.223
48.941 844.766
45.398 844.766
-1
4
51.988 758.168
53.691 758.168
53.691 760.719
51.988 760.719
-1
4
45.754 761.285
47.454 761.285
47.454 763.836
45.754 763.836
-1
4
50.004 763.269
52.555 763.269
52.555 764.969
50.004 764.969
-1
4
42.438 773.664
48.927 773.664
48.927 774.23
42.438 774.23
-1
4
42.438 829.602
51.341 829.602
51.341 830.168
42.438 830.168
-1
4
60.492 761.285
62.192 761.285
62.192 763.836
60.492 763.836
-1
4
59.57 848.309
63.113 848.309
63.113 851.852
59.57 851.852
-1
4
74.101 758.168
75.801 758.168
75.801 760.719
74.101 760.719
-1
4
65.313 766.867
65.879 766.867
65.879 773.228
65.313 773.228
-1
4
67.863 762.816
68.43 762.816
68.43 766.754
67.863 766.754
-1
4
83.738 757.035
86.289 757.035
86.289 758.735
83.738 758.735
-1
4
82.602 761.285
84.305 761.285
84.305 763.836
82.602 763.836
-1
4
86.547 831.074
87.113 831.074
87.113 842.937
86.547 842.937
-1
4
107.766 774.949
108.332 774.949
108.332 826.426
107.766 826.426
-1
4
98.477 757.035
101.027 757.035
101.027 758.735
98.477 758.735
-1
4
97.344 761.285
99.044 761.285
99.044 763.836
97.344 763.836
-1
4
101.766 764.289
102.332 764.289
102.332 773.89
101.766 773.89
-1
4
120.93 764.742
121.496 764.742
121.496 773.285
120.93 773.285
-1
4
114.742 772.719
115.309 772.719
115.309 832.094
114.742 832.094
-1
4
114.895 833.342
115.461 833.342
115.461 850.023
114.895 850.023
-1
4
126.824 762.816
127.391 762.816
127.391 766.387
126.824 766.387
-1
4
123.875 766.16
124.441 766.16
124.441 774.836
123.875 774.836
-1
4
31.227 841.223
34.77 841.223
34.77 844.766
31.227 844.766
-1
4
20.523 770.64
23.078 770.64
23.078 772.34
20.523 772.34
-1
4
32.148 764.402
34.699 764.402
34.699 766.102
32.148 766.102
-1
4
39.801 833.342
40.367 833.342
40.367 835.554
39.801 835.554
-1
4
44.621 765.535
46.32 765.535
46.32 768.09
44.621 768.09
-1
4
38.383 768.656
40.087 768.656
40.087 771.207
38.383 771.207
-1
4
42.637 770.64
45.188 770.64
45.188 772.34
42.637 772.34
-1
4
46.887 832.207
47.453 832.207
47.453 835.554
46.887 835.554
-1
4
52.484 841.223
56.031 841.223
56.031 844.766
52.484 844.766
-1
4
54.258 764.402
56.809 764.402
56.809 766.102
54.258 766.102
-1
4
53.125 768.656
54.825 768.656
54.825 771.207
53.125 771.207
-1
4
57.375 770.64
59.926 770.64
59.926 772.34
57.375 772.34
-1
4
45.57 827.332
57.398 827.332
57.398 827.898
45.57 827.898
-1
4
45.57 775.555
51.875 775.555
51.875 776.121
45.57 776.121
-1
4
76.367 765.535
82.035 765.535
82.035 771.207
76.367 771.207
-1
4
76.449 833
82.887 833
82.887 833.57
76.449 833.57
-1
4
89.973 768.656
91.672 768.656
91.672 771.207
89.973 771.207
-1
4
94.227 770.64
96.777 770.64
96.777 772.34
94.227 772.34
-1
4
99.159 775.555
106.598 775.555
106.598 776.121
99.159 776.121
-1
4
103.581 772.719
110.785 772.719
110.785 773.285
103.581 773.285
-1
4
100.723 828.469
101.289 828.469
101.289 842.937
100.723 842.937
-1
4
103.582 829.602
112.18 829.602
112.18 830.168
103.582 830.168
-1
4
113.219 765.535
118.887 765.535
118.887 771.207
113.219 771.207
-1
4
131.074 770.64
133.629 770.64
133.629 772.34
131.074 772.34
-1
4
118.93 775.895
119.496 775.895
119.496 832.094
118.93 832.094
-1
4
31.277 776.5
31.844 776.5
31.844 830.961
31.277 830.961
-1
4
28.488 831.074
29.055 831.074
29.055 850.363
28.488 850.363
-1
4
54.612 849.797
58.43 849.797
58.43 850.363
54.612 850.363
-1
4
120.667 830.734
122.547 830.734
122.547 831.301
120.667 831.301
-1
4
118.392 849.797
122.207 849.797
122.207 850.363
118.392 850.363
-1
4
61.625 777.441
67.297 777.441
67.297 787.929
61.625 787.929
-1
4
98.477 777.441
104.148 777.441
104.148 787.929
98.477 787.929
-1
4
135.328 777.441
140.996 777.441
140.996 787.929
135.328 787.929
