-1
4
0.585 653.327
150.45 653.327
150.45 861.306
0.585 861.306
-1
4
46.887 757.035
49.438 757.035
49.438 758.735
46.887 758.735
-1
4
50.008 763.269
52.555 763.269
52.555 764.969
50.008 764.969
-1
4
42.78 829.602
51.344 829.602
51.344 830.168
42.78 830.168
-1
4
47.524 849.797
51.344 849.797
51.344 850.363
47.524 850.363
-1
4
53.973 828.469
54.543 828.469
54.543 835.554
53.973 835.554
-1
4
63.918 830.734
69.727 830.734
69.727 831.301
63.918 831.301
-1
4
61.629 757.035
64.18 757.035
64.18 758.735
61.629 758.735
-1
4
61.7 842.711
64.484 842.711
64.484 843.277
61.7 843.277
-1
4
63.385 775.082
69.387 775.082
69.387 775.648
63.385 775.648
-1
4
65.312 766.527
68.43 766.527
68.43 767.094
65.312 767.094
-1
4
72.117 763.269
74.668 763.269
74.668 764.969
72.117 764.969
-1
4
61.7 849.797
65.855 849.797
65.855 850.363
61.7 850.363
-1
4
81.472 758.168
83.172 758.168
83.172 760.719
81.472 760.719
-1
4
81.017 764.402
85.723 764.402
85.723 764.969
81.017 764.969
-1
4
78.879 773.664
85.383 773.664
85.383 774.23
78.879 774.23
-1
4
85.18 849.797
89.337 849.797
89.337 850.363
85.18 850.363
-1
4
81.309 775.555
87.988 775.555
87.988 776.121
81.309 776.121
-1
4
81.309 830.734
87.117 830.734
87.117 831.301
81.309 831.301
-1
4
95.757 764.402
100.859 764.402
100.859 764.969
95.757 764.969
-1
4
96.496 826.539
97.062 826.539
97.062 835.554
96.496 835.554
-1
4
101.766 773.664
109.73 773.664
109.73 774.23
101.766 774.23
-1
4
99.352 827.332
109.73 827.332
109.73 827.898
99.352 827.898
-1
4
98.477 757.035
101.031 757.035
101.031 758.735
98.477 758.735
-1
4
99.352 849.797
103.511 849.797
103.511 850.363
99.352 850.363
-1
4
108.965 763.269
111.52 763.269
111.52 764.969
108.965 764.969
-1
4
103.581 766.672
105.281 766.672
105.281 767.238
103.581 767.238
-1
4
100.723 842.711
103.511 842.711
103.511 843.277
100.723 843.277
-1
4
117.867 764.402
121.496 764.402
121.496 764.969
117.867 764.969
-1
4
115.086 772.719
121.156 772.719
121.156 773.285
115.086 773.285
-1
4
111.306 842.711
113.754 842.711
113.754 843.277
111.306 843.277
-1
4
114.895 833
116.707 833
116.707 833.57
114.895 833.57
-1
4
125.691 758.168
127.391 758.168
127.391 760.719
125.691 760.719
-1
4
111.306 849.797
115.123 849.797
115.123 850.363
111.306 850.363
-1
4
117.535 774.609
124.445 774.609
124.445 775.176
117.535 775.176
-1
4
123.879 765.82
127.051 765.82
127.051 766.387
123.879 766.387
-1
4
29.855 831.867
33.238 831.867
33.238 832.434
29.855 832.434
-1
4
17.406 764.402
19.961 764.402
19.961 766.102
17.406 766.102
-1
4
20.527 770.64
23.078 770.64
23.078 772.34
20.527 772.34
-1
4
23.531 767.523
25.684 767.523
25.684 768.09
23.531 768.09
-1
4
25.457 775.555
33.238 775.555
33.238 776.121
25.457 776.121
-1
4
30.195 842.711
32.644 842.711
32.644 843.277
30.195 843.277
-1
4
38.254 833
40.367 833
40.367 833.57
38.254 833.57
-1
4
39.52 764.402
42.066 764.402
42.066 766.102
39.52 766.102
-1
4
46.887 832.207
47.453 832.207
47.453 835.554
46.887 835.554
-1
4
59.359 765.535
61.062 765.535
61.062 768.09
59.359 768.09
-1
4
51.988 767.238
54.825 767.238
54.825 767.805
51.988 767.805
-1
4
54.612 842.711
57.398 842.711
57.398 843.277
54.612 843.277
-1
4
68.148 833.342
68.715 833.342
68.715 835.554
68.148 835.554
-1
4
100.723 683.332
109.992 683.332
109.992 683.898
100.723 683.898
-1
4
100.723 671.355
103.511 671.355
103.511 671.922
100.723 671.922
-1
4
103.581 741.348
109.992 741.348
109.992 741.914
103.581 741.914
-1
4
104.715 753.914
106.415 753.914
106.415 756.465
104.715 756.465
-1
4
111.306 671.355
114.094 671.355
114.094 671.922
111.306 671.922
-1
4
119.793 747.68
121.496 747.68
121.496 748.246
119.793 748.246
-1
4
116.336 755.898
118.887 755.898
118.887 757.602
116.336 757.602
-1
4
118.392 671.355
121.18 671.355
121.18 671.922
118.392 671.922
-1
4
127.961 742.293
130.512 742.293
130.512 743.993
127.961 743.993
-1
4
125.352 746.547
127.506 746.547
127.506 747.113
125.352 747.113
-1
4
25.629 679.081
26.195 679.081
26.195 711.679
25.629 711.679
-1
4
26.594 739.457
33.5 739.457
33.5 740.023
26.594 740.023
-1
4
23.645 748.586
24.211 748.586
24.211 751.817
23.645 751.817
-1
4
37.457 683.332
40.367 683.332
40.367 683.898
37.457 683.898
-1
4
46.887 679.081
47.453 679.081
47.453 684.693
46.887 684.693
-1
4
53.973 679.081
54.543 679.081
54.543 688.434
53.973 688.434
-1
4
59.359 750.797
61.062 750.797
61.062 753.348
59.359 753.348
-1
4
61.062 679.081
61.629 679.081
61.629 711.679
61.062 711.679
-1
4
68.148 679.081
68.715 679.081
68.715 681.293
68.148 681.293
-1
4
68.996 742.293
71.551 742.293
71.551 743.993
68.996 743.993
-1
4
72.117 748.527
74.668 748.527
74.668 750.23
72.117 750.23
-1
4
82.32 679.081
82.887 679.081
82.887 681.293
82.32 681.293
-1
4
81.472 743.426
83.172 743.426
83.172 745.977
81.472 745.977
-1
4
89.406 679.081
89.973 679.081
89.973 710.828
89.406 710.828
-1
4
96.496 679.081
97.062 679.081
97.062 685.828
96.496 685.828
-1
4
91.109 749.664
93.66 749.664
93.66 751.364
91.109 751.364
-1
4
94.227 755.898
96.777 755.898
96.777 757.602
94.227 757.602
-1
4
97.344 748.586
97.91 748.586
97.91 751.817
97.344 751.817
-1
4
104.715 746.547
106.415 746.547
106.415 749.094
104.715 749.094
-1
4
110.668 681.066
112.781 681.066
112.781 681.633
110.668 681.633
-1
4
116.402 681.066
118.32 681.066
118.32 681.633
116.402 681.633
-1
4
123.879 749.664
128.981 749.664
128.981 750.23
123.879 750.23
-1
4
133.062 750.797
134.762 750.797
134.762 753.348
133.062 753.348
-1
4
126.824 753.914
128.528 753.914
128.528 756.465
126.824 756.465
-1
4
124.84 679.081
125.406 679.081
125.406 710.828
124.84 710.828
-1
4
28.406 773.664
36.027 773.664
36.027 774.23
28.406 774.23
-1
4
35.914 849.797
39.729 849.797
39.729 850.363
35.914 850.363
-1
4
29.539 766.387
31.24 766.387
31.24 766.953
29.539 766.953
-1
4
37.284 842.711
39.729 842.711
39.729 843.277
37.284 843.277
-1
4
44.168 764.402
47.793 764.402
47.793 764.969
44.168 764.969
-1
4
47.524 842.711
50.312 842.711
50.312 843.277
47.524 843.277
-1
4
41.383 772.719
47.453 772.719
47.453 773.285
41.383 773.285
-1
4
111.306 664.27
115.123 664.27
115.123 664.836
111.306 664.836
-1
4
118.392 664.27
122.211 664.27
122.211 664.836
118.392 664.836
-1
4
119.535 683.332
122.211 683.332
122.211 683.898
119.535 683.898
-1
4
119.535 737.57
127.504 737.57
127.504 738.137
119.535 738.137
-1
4
29.855 682.199
32.105 682.199
32.105 682.766
29.855 682.766
-1
4
29.855 671.355
32.644 671.355
32.644 671.922
29.855 671.922
-1
4
17.406 742.293
19.961 742.293
19.961 743.993
17.406 743.993
-1
4
22.511 743.426
24.211 743.426
24.211 745.977
22.511 745.977
-1
4
16.273 746.547
17.973 746.547
17.973 749.094
16.273 749.094
-1
4
37.284 671.355
39.729 671.355
39.729 671.922
37.284 671.922
-1
4
29.539 741.348
35.951 741.348
35.951 741.914
29.539 741.914
-1
4
45.754 747.395
47.793 747.395
47.793 747.961
45.754 747.961
-1
4
47.524 671.355
50.312 671.355
50.312 671.922
47.524 671.922
-1
4
38.383 753.914
40.087 753.914
40.087 756.465
38.383 756.465
-1
4
44.098 738.512
52.215 738.512
52.215 739.082
44.098 739.082
-1
4
54.612 671.355
57.398 671.355
57.398 671.922
54.612 671.922
-1
4
51.648 746.828
53.805 746.828
53.805 747.395
51.648 747.395
-1
4
63.043 738.512
69.727 738.512
69.727 739.082
63.043 739.082
-1
4
61.7 671.355
64.484 671.355
64.484 671.922
61.7 671.922
-1
4
63.918 683.332
69.387 683.332
69.387 683.898
63.918 683.898
-1
4
81.309 738.988
87.988 738.988
87.988 739.555
81.309 739.555
-1
4
93.637 671.355
96.425 671.355
96.425 671.922
93.637 671.922
-1
4
28.828 664.27
32.644 664.27
32.644 664.836
28.828 664.836
-1
4
22.398 737.57
30.707 737.57
30.707 738.137
22.398 738.137
-1
4
34.328 681.066
36.141 681.066
36.141 681.633
34.328 681.633
-1
4
35.914 664.27
39.729 664.27
39.729 664.836
35.914 664.836
-1
4
41.305 686.734
51.684 686.734
51.684 687.301
41.305 687.301
-1
4
41.305 740.402
49.27 740.402
49.27 740.969
41.305 740.969
-1
4
47.524 664.27
51.344 664.27
51.344 664.836
47.524 664.836
-1
4
54.612 664.27
58.43 664.27
58.43 664.836
54.612 664.836
-1
4
45.832 690.137
58.43 690.137
58.43 690.703
45.832 690.703
-1
4
53.125 729.254
56.809 729.254
56.809 731.521
53.125 731.521
-1
4
65.312 740.402
72.156 740.402
72.156 740.969
65.312 740.969
-1
4
61.7 664.27
65.855 664.27
65.855 664.836
61.7 664.836
-1
4
65.652 749.664
70.018 749.664
70.018 750.23
65.652 750.23
-1
4
82.605 747.535
85.723 747.535
85.723 748.105
82.605 748.105
-1
4
85.18 664.27
89.337 664.27
89.337 664.836
85.18 664.836
-1
4
92.266 687.867
104.41 687.867
104.41 688.434
92.266 688.434
-1
4
92.266 664.27
96.425 664.27
96.425 664.836
92.266 664.836
-1
4
96.097 737.57
104.41 737.57
104.41 738.137
96.097 738.137
-1
4
99.352 664.27
103.511 664.27
103.511 664.836
99.352 664.836
-1
4
115.008 740.402
122.969 740.402
122.969 740.969
115.008 740.969
-1
4
82.32 833.342
82.887 833.342
82.887 835.554
82.32 835.554
-1
4
93.637 842.711
96.425 842.711
96.425 843.277
93.637 843.277
-1
4
97.23 767.238
99.047 767.238
99.047 767.805
97.23 767.805
-1
4
99.16 775.555
106.598 775.555
106.598 776.121
99.16 776.121
-1
4
103.582 829.942
104.148 829.942
104.148 835.554
103.582 835.554
-1
4
110.668 830.734
113.576 830.734
113.576 831.301
110.668 831.301
-1
4
118.392 842.711
120.84 842.711
120.84 843.277
118.392 843.277
-1
4
20.527 783.112
24.211 783.112
24.211 785.379
20.527 785.379
-1
4
28.828 849.797
32.644 849.797
32.644 850.363
28.828 850.363
-1
4
54.258 771.773
56.809 771.773
56.809 774.04
54.258 774.04
-1
4
46.967 826.199
58.77 826.199
58.77 826.766
46.967 826.766
-1
4
46.967 776.5
54.938 776.5
54.938 777.066
46.967 777.066
-1
4
54.612 849.797
58.43 849.797
58.43 850.363
54.612 850.363
-1
4
92.266 823.93
105.543 823.93
105.543 824.5
92.266 824.5
-1
4
94.227 783.112
97.91 783.112
97.91 785.379
94.227 785.379
-1
4
92.266 849.797
96.425 849.797
96.425 850.363
92.266 850.363
-1
4
120.328 830.734
122.551 830.734
122.551 831.301
120.328 831.301
-1
4
127.961 771.773
130.512 771.773
130.512 774.04
127.961 774.04
-1
4
120.668 776.5
128.641 776.5
128.641 777.066
120.668 777.066
-1
4
118.392 849.797
122.211 849.797
122.211 850.363
118.392 850.363
-1
4
25.629 803.805
26.195 803.805
26.195 835.554
25.629 835.554
-1
4
61.062 803.805
61.629 803.805
61.629 835.554
61.062 835.554
-1
4
89.406 802.954
89.973 802.954
89.973 835.554
89.406 835.554
-1
4
124.84 802.954
125.406 802.954
125.406 835.554
124.84 835.554
