-1
4
0.585 653.327
150.45 653.327
150.45 861.306
0.585 861.306
-1
4
31.227 662.781
34.77 662.781
34.77 666.324
31.227 666.324
-1
4
28.488 664.27
29.055 664.27
29.055 683.898
28.488 683.898
-1
4
38.313 662.781
41.855 662.781
41.855 666.324
38.313 666.324
-1
4
35.574 664.27
36.141 664.27
36.141 681.463
35.574 681.463
-1
4
34.328 681.236
34.895 681.236
34.895 740.799
34.328 740.799
-1
4
28.066 740.572
28.633 740.572
28.633 754.765
28.066 754.765
-1
4
45.398 662.781
48.941 662.781
48.941 666.324
45.398 666.324
-1
4
51.113 664.27
51.684 664.27
51.684 687.301
51.113 687.301
-1
4
41.305 686.904
41.871 686.904
41.871 740.799
41.305 740.799
-1
4
52.484 662.781
56.031 662.781
56.031 666.324
52.484 666.324
-1
4
58.203 664.27
58.77 664.27
58.77 690.703
58.203 690.703
-1
4
53.125 729.254
56.809 729.254
56.809 738.325
53.125 738.325
-1
4
59.57 662.781
63.113 662.781
63.113 666.324
59.57 666.324
-1
4
71.59 682.369
72.156 682.369
72.156 740.799
71.59 740.799
-1
4
68.996 749.664
71.547 749.664
71.547 754.765
68.996 754.765
-1
4
65.289 664.44
65.855 664.44
65.855 682.596
65.289 682.596
-1
4
65.313 740.572
65.879 740.572
65.879 750.06
65.313 750.06
-1
4
87.918 662.781
91.461 662.781
91.461 666.324
87.918 666.324
-1
4
85.156 741.236
85.723 741.236
85.723 747.934
85.156 747.934
-1
4
82.602 747.706
83.172 747.706
83.172 752.583
82.602 752.583
-1
4
95.004 662.781
98.547 662.781
98.547 666.324
95.004 666.324
-1
4
94.227 733.789
96.777 733.789
96.777 742.859
94.227 742.859
-1
4
92.266 664.44
92.832 664.44
92.832 688.264
92.266 688.264
-1
4
102.09 662.781
105.637 662.781
105.637 666.324
102.09 666.324
-1
4
101.766 740.402
108.427 740.402
108.427 740.969
101.766 740.969
-1
4
99.352 664.44
99.918 664.44
99.918 684.864
99.352 684.864
-1
4
109.18 662.781
112.723 662.781
112.723 666.324
109.18 666.324
-1
4
115.175 740.402
122.969 740.402
122.969 740.969
115.175 740.969
-1
4
116.266 662.781
119.809 662.781
119.809 666.324
116.266 666.324
-1
4
121.98 664.27
122.547 664.27
122.547 683.898
121.98 683.898
-1
4
126.824 729.254
130.508 729.254
130.508 738.325
126.824 738.325
-1
4
31.227 669.867
34.77 669.867
34.77 673.41
31.227 673.41
-1
4
25.117 738.512
32.105 738.512
32.105 739.082
25.117 739.082
-1
4
17.406 742.293
19.957 742.293
19.957 747.394
17.406 747.394
-1
4
20.523 745.126
23.078 745.126
23.078 750.23
20.523 750.23
-1
4
29.855 671.525
30.422 671.525
30.422 682.596
29.855 682.596
-1
4
38.313 669.867
41.855 669.867
41.855 673.41
38.313 673.41
-1
4
36.941 671.355
37.512 671.355
37.512 682.766
36.941 682.766
-1
4
29.539 741.348
36.122 741.348
36.122 741.914
29.539 741.914
-1
4
32.148 749.664
34.699 749.664
34.699 754.765
32.148 754.765
-1
4
45.398 669.867
48.941 669.867
48.941 673.41
45.398 673.41
-1
4
45.398 676.953
48.941 676.953
48.941 680.5
45.398 680.5
-1
4
38.516 684.465
47.453 684.465
47.453 685.035
38.516 685.035
-1
4
49.746 671.525
50.313 671.525
50.313 686.168
49.746 686.168
-1
4
41.22 747.535
47.793 747.535
47.793 748.105
41.22 748.105
-1
4
52.484 669.867
56.031 669.867
56.031 673.41
52.484 673.41
-1
4
54.258 742.293
56.809 742.293
56.809 747.394
54.258 747.394
-1
4
53.125 746.547
58.226 746.547
58.226 749.094
53.125 749.094
-1
4
56.832 671.525
57.398 671.525
57.398 689.399
56.832 689.399
-1
4
59.57 669.867
63.113 669.867
63.113 673.41
59.57 673.41
-1
4
69.16 683.332
69.727 683.332
69.727 738.911
69.16 738.911
-1
4
63.918 671.525
64.484 671.525
64.484 683.728
63.918 683.728
-1
4
63.043 738.683
63.613 738.683
63.613 753.234
63.043 753.234
-1
4
87.918 669.867
91.461 669.867
91.461 673.41
87.918 673.41
-1
4
81.309 683.502
81.875 683.502
81.875 739.385
81.309 739.385
-1
4
87.422 739.158
87.988 739.158
87.988 754.765
87.422 754.765
-1
4
86.547 671.525
87.113 671.525
87.113 683.728
86.547 683.728
-1
4
95.004 669.867
98.547 669.867
98.547 673.41
95.004 673.41
-1
4
91.105 742.293
93.66 742.293
93.66 747.394
91.105 747.394
-1
4
94.227 745.126
96.777 745.126
96.777 750.23
94.227 750.23
-1
4
93.637 671.525
94.203 671.525
94.203 687.131
93.637 687.131
-1
4
102.09 669.867
105.637 669.867
105.637 673.41
102.09 673.41
-1
4
105.848 749.664
108.398 749.664
108.398 754.765
105.848 754.765
-1
4
100.723 671.525
101.289 671.525
101.289 683.728
100.723 683.728
-1
4
109.18 669.867
112.723 669.867
112.723 673.41
109.18 673.41
-1
4
119.453 747.68
120.02 747.68
120.02 752.583
119.453 752.583
-1
4
120.93 741.518
121.496 741.518
121.496 748.076
120.93 748.076
-1
4
116.266 669.867
119.809 669.867
119.809 673.41
116.266 673.41
-1
4
117.797 738.512
125.918 738.512
125.918 739.082
117.797 739.082
-1
4
126.824 746.547
131.927 746.547
131.927 749.094
126.824 749.094
-1
4
120.613 671.525
121.18 671.525
121.18 682.596
120.613 682.596
-1
4
24.141 676.953
27.684 676.953
27.684 680.5
24.141 680.5
-1
4
23.645 748.416
24.211 748.416
24.211 752.583
23.645 752.583
-1
4
32.148 743.426
37.816 743.426
37.816 749.094
32.148 749.094
-1
4
39.801 678.017
40.367 678.017
40.367 683.728
39.801 683.728
-1
4
52.484 676.953
56.031 676.953
56.031 680.5
52.484 680.5
-1
4
42.87 739.457
50.742 739.457
50.742 740.023
42.87 740.023
-1
4
54.258 749.664
56.809 749.664
56.809 754.765
54.258 754.765
-1
4
42.87 687.867
54.372 687.867
54.372 688.434
42.87 688.434
-1
4
59.57 676.953
63.113 676.953
63.113 680.5
59.57 680.5
-1
4
66.66 676.953
70.203 676.953
70.203 680.5
66.66 680.5
-1
4
68.148 681.066
74.586 681.066
74.586 681.633
68.148 681.633
-1
4
68.996 743.426
74.668 743.426
74.668 749.094
68.996 749.094
-1
4
80.832 676.953
84.375 676.953
84.375 680.5
80.832 680.5
-1
4
76.449 681.066
82.887 681.066
82.887 681.633
76.449 681.633
-1
4
76.367 743.426
82.035 743.426
82.035 749.094
76.367 749.094
-1
4
87.918 676.953
91.461 676.953
91.461 680.5
87.918 680.5
-1
4
95.004 676.953
98.547 676.953
98.547 680.5
95.004 680.5
-1
4
96.662 685.602
107.199 685.602
107.199 686.168
96.662 686.168
-1
4
97.344 748.416
97.91 748.416
97.91 752.583
97.344 752.583
-1
4
102.09 676.953
105.637 676.953
105.637 680.5
102.09 680.5
-1
4
103.582 682.199
111.387 682.199
111.387 682.766
103.582 682.766
-1
4
105.848 743.426
111.516 743.426
111.516 749.094
105.848 749.094
-1
4
113.219 743.426
118.887 743.426
118.887 749.094
113.219 749.094
-1
4
110.668 678.017
111.234 678.017
111.234 681.463
110.668 681.463
-1
4
117.754 678.017
118.32 678.017
118.32 681.463
117.754 681.463
-1
4
127.957 749.664
130.508 749.664
130.508 754.765
127.957 754.765
-1
4
123.875 739.627
124.441 739.627
124.441 750.06
123.875 750.06
-1
4
123.352 676.953
126.895 676.953
126.895 680.5
123.352 680.5
-1
4
42.637 752.497
45.188 752.497
45.188 757.602
42.637 757.602
-1
4
26.594 774.609
34.633 774.609
34.633 775.176
26.594 775.176
-1
4
20.523 759.868
23.078 759.868
23.078 764.969
20.523 764.969
-1
4
32.715 833.171
33.281 833.171
33.281 836.617
32.715 836.617
-1
4
38.313 841.223
41.855 841.223
41.855 844.766
38.313 844.766
-1
4
31.012 762.05
31.582 762.05
31.582 766.953
31.012 766.953
-1
4
29.539 766.557
30.105 766.557
30.105 773.285
29.539 773.285
-1
4
45.398 841.223
48.941 841.223
48.941 844.766
45.398 844.766
-1
4
42.637 759.868
45.188 759.868
45.188 764.969
42.637 764.969
-1
4
49.746 830.904
50.313 830.904
50.313 843.277
49.746 843.277
-1
4
41.213 772.719
47.623 772.719
47.623 773.285
41.213 773.285
-1
4
51.113 829.602
51.684 829.602
51.684 850.363
51.113 850.363
-1
4
45.398 848.309
48.941 848.309
48.941 851.852
45.398 851.852
-1
4
52.484 834.137
56.031 834.137
56.031 837.68
52.484 837.68
-1
4
53.125 762.05
53.691 762.05
53.691 766.217
53.125 766.217
-1
4
44.006 828.469
54.372 828.469
54.372 829.035
44.006 829.035
-1
4
59.57 841.223
63.113 841.223
63.113 844.766
59.57 844.766
-1
4
63.043 759.868
63.613 759.868
63.613 775.648
63.043 775.648
-1
4
69.16 775.082
69.727 775.082
69.727 831.131
69.16 831.131
-1
4
63.918 830.904
64.484 830.904
64.484 843.107
63.918 843.107
-1
4
59.57 848.309
63.113 848.309
63.113 851.852
59.57 851.852
-1
4
65.313 766.697
65.879 766.697
65.879 773.399
65.313 773.399
-1
4
67.863 762.05
68.43 762.05
68.43 766.924
67.863 766.924
-1
4
65.289 832.037
65.855 832.037
65.855 850.193
65.289 850.193
-1
4
87.918 848.309
91.461 848.309
91.461 851.852
87.918 851.852
-1
4
79.484 759.868
82.035 759.868
82.035 764.969
79.484 764.969
-1
4
85.156 764.572
85.723 764.572
85.723 774.23
85.156 774.23
-1
4
78.879 773.834
79.445 773.834
79.445 832.264
78.879 832.264
-1
4
85.18 832.037
85.746 832.037
85.746 850.193
85.18 850.193
-1
4
87.918 841.223
91.461 841.223
91.461 844.766
87.918 844.766
-1
4
81.309 775.725
81.875 775.725
81.875 831.131
81.309 831.131
-1
4
87.422 761.399
87.988 761.399
87.988 775.951
87.422 775.951
-1
4
86.547 830.904
87.113 830.904
87.113 843.107
86.547 843.107
-1
4
96.492 826.199
108.332 826.199
108.332 826.766
96.492 826.766
-1
4
95.004 834.137
98.547 834.137
98.547 837.68
95.004 837.68
-1
4
94.227 759.868
96.777 759.868
96.777 764.969
94.227 764.969
-1
4
102.09 848.309
105.637 848.309
105.637 851.852
102.09 851.852
-1
4
101.766 761.399
102.332 761.399
102.332 774.06
101.766 774.06
-1
4
99.352 827.502
99.918 827.502
99.918 850.193
99.352 850.193
-1
4
105.848 758.168
111.516 758.168
111.516 763.836
105.848 763.836
-1
4
109.18 841.223
112.723 841.223
112.723 844.766
109.18 844.766
-1
4
116.336 759.868
118.887 759.868
118.887 764.969
116.336 764.969
-1
4
113.523 832.037
114.09 832.037
114.09 843.277
113.523 843.277
-1
4
109.18 848.309
112.723 848.309
112.723 851.852
109.18 851.852
-1
4
122.402 759.868
122.969 759.868
122.969 774.23
122.402 774.23
-1
4
114.895 833.171
115.461 833.171
115.461 850.193
114.895 850.193
-1
4
116.266 834.137
119.809 834.137
119.809 837.68
116.266 837.68
-1
4
126.824 762.05
127.391 762.05
127.391 766.387
126.824 766.387
-1
4
31.227 841.223
34.77 841.223
34.77 844.766
31.227 844.766
-1
4
19.108 765.535
24.211 765.535
24.211 768.09
19.108 768.09
-1
4
29.855 832.037
30.422 832.037
30.422 843.277
29.855 843.277
-1
4
39.801 833.171
40.367 833.171
40.367 836.617
39.801 836.617
-1
6
38.254 833.399
38.82 833.399
38.82 771.773
36.031 771.773
36.031 772.34
38.254 772.34
-1
4
39.52 765.535
45.188 765.535
45.188 771.207
39.52 771.207
-1
4
39.648 831.867
47.453 831.867
47.453 832.434
39.648 832.434
-1
4
45.398 834.137
48.941 834.137
48.941 837.68
45.398 837.68
-1
4
52.484 841.223
56.031 841.223
56.031 844.766
52.484 844.766
-1
4
54.258 764.402
56.809 764.402
56.809 769.505
54.258 769.505
-1
4
56.832 827.502
57.398 827.502
57.398 843.107
56.832 843.107
-1
4
68.996 765.535
74.668 765.535
74.668 771.207
68.996 771.207
-1
4
68.148 833
74.586 833
74.586 833.57
68.148 833.57
-1
4
66.66 834.137
70.203 834.137
70.203 837.68
66.66 837.68
-1
4
76.367 765.535
82.035 765.535
82.035 771.207
76.367 771.207
-1
4
76.449 833
82.887 833
82.887 833.57
76.449 833.57
-1
4
80.832 834.137
84.375 834.137
84.375 837.68
80.832 837.68
-1
4
95.004 841.223
98.547 841.223
98.547 844.766
95.004 844.766
-1
4
92.807 765.535
97.91 765.535
97.91 768.09
92.807 768.09
-1
4
93.637 825.236
94.203 825.236
94.203 843.107
93.637 843.107
-1
4
103.238 766.527
103.809 766.527
103.809 773.285
103.238 773.285
-1
4
102.09 834.137
105.637 834.137
105.637 837.68
102.09 837.68
-1
4
102.09 841.223
105.637 841.223
105.637 844.766
102.09 844.766
-1
4
105.848 764.402
108.398 764.402
108.398 769.505
105.848 769.505
-1
4
108.965 767.237
111.516 767.237
111.516 772.34
108.965 772.34
-1
4
100.723 828.469
101.289 828.469
101.289 843.107
100.723 843.107
-1
4
103.582 829.602
112.35 829.602
112.35 830.168
103.582 830.168
-1
4
113.219 764.402
115.77 764.402
115.77 769.505
113.219 769.505
-1
4
110.668 830.904
111.234 830.904
111.234 836.617
110.668 836.617
-1
4
127.957 764.402
130.508 764.402
130.508 769.505
127.957 769.505
-1
4
31.227 848.309
34.77 848.309
34.77 851.852
31.227 851.852
-1
4
46.625 826.199
58.77 826.199
58.77 826.766
46.625 826.766
-1
4
46.625 776.5
59.019 776.5
59.019 777.066
46.625 777.066
-1
4
92.266 823.93
105.543 823.93
105.543 824.5
92.266 824.5
-1
4
95.004 848.309
98.547 848.309
98.547 851.852
95.004 851.852
-1
4
91.105 771.773
93.66 771.773
93.66 780.844
91.105 780.844
-1
4
93.147 776.5
105.543 776.5
105.543 777.066
93.147 777.066
-1
4
24.141 834.137
27.684 834.137
27.684 837.68
24.141 837.68
-1
4
24.777 777.441
30.445 777.441
30.445 799.836
24.777 799.836
-1
4
59.57 834.137
63.113 834.137
63.113 837.68
59.57 837.68
-1
4
87.918 834.137
91.461 834.137
91.461 837.68
87.918 837.68
-1
4
123.352 834.137
126.895 834.137
126.895 837.68
123.352 837.68
-1
4
135.328 777.441
140.996 777.441
140.996 799.836
135.328 799.836
