-1
4
0.585 653.327
150.45 653.327
150.45 861.306
0.585 861.306
-1
4
16.273 730.387
23.078 730.387
23.078 741.727
16.273 741.727
-1
4
30.141 683.672
30.707 683.672
30.707 737.797
30.141 737.797
-1
4
34.328 681.406
34.895 681.406
34.895 740.629
34.328 740.629
-1
4
28.066 740.742
28.633 740.742
28.633 751.364
28.066 751.364
-1
4
41.305 687.074
41.871 687.074
41.871 740.629
41.305 740.629
-1
4
59.57 662.781
63.113 662.781
63.113 666.324
59.57 666.324
-1
4
65.289 682.199
72.156 682.199
72.156 682.766
65.289 682.766
-1
4
68.996 749.664
71.547 749.664
71.547 751.364
68.996 751.364
-1
4
74.101 750.797
75.801 750.797
75.801 753.348
74.101 753.348
-1
4
65.313 740.742
65.879 740.742
65.879 749.89
65.313 749.89
-1
4
78.879 741.066
85.723 741.066
85.723 741.633
78.879 741.633
-1
4
85.18 664.61
85.746 664.61
85.746 682.426
85.18 682.426
-1
4
96.097 737.57
104.068 737.57
104.068 738.137
96.097 738.137
-1
4
108.027 684.465
108.598 684.465
108.598 740.969
108.027 740.969
-1
4
98.477 750.797
104.148 750.797
104.148 756.465
98.477 756.465
-1
4
99.352 664.61
99.918 664.61
99.918 684.693
99.352 684.693
-1
4
123.707 755.898
126.258 755.898
126.258 757.602
123.707 757.602
-1
4
126.824 730.387
133.629 730.387
133.629 741.727
126.824 741.727
-1
4
20.523 748.527
23.078 748.527
23.078 750.23
20.523 750.23
-1
4
29.855 671.695
30.422 671.695
30.422 682.426
29.855 682.426
-1
4
25.117 738.854
25.684 738.854
25.684 747.055
25.117 747.055
-1
4
36.941 671.355
37.512 671.355
37.512 682.766
36.941 682.766
-1
4
32.148 749.664
34.699 749.664
34.699 751.364
32.148 751.364
-1
4
31.012 753.914
32.715 753.914
32.715 756.465
31.012 756.465
-1
4
49.746 671.695
50.313 671.695
50.313 686.168
49.746 686.168
-1
4
38.383 746.547
40.087 746.547
40.087 749.094
38.383 749.094
-1
6
38.516 742.859
40.538 742.859
40.538 742.293
39.082 742.293
39.082 684.807
38.516 684.807
-1
4
52.484 669.867
56.031 669.867
56.031 673.41
52.484 673.41
-1
4
44.098 689
57.398 689
57.398 689.57
44.098 689.57
-1
4
54.258 742.293
56.809 742.293
56.809 743.993
54.258 743.993
-1
4
53.125 746.547
54.825 746.547
54.825 749.094
53.125 749.094
-1
4
59.57 669.867
63.113 669.867
63.113 673.41
59.57 673.41
-1
4
63.043 738.854
63.613 738.854
63.613 750.344
63.043 750.344
-1
4
88.839 750.797
90.539 750.797
90.539 753.348
88.839 753.348
-1
4
93.637 671.695
94.203 671.695
94.203 686.961
93.637 686.961
-1
4
105.238 687.074
105.805 687.074
105.805 738.74
105.238 738.74
-1
4
102.09 669.867
105.637 669.867
105.637 673.41
102.09 673.41
-1
4
105.848 749.664
108.398 749.664
108.398 751.364
105.848 751.364
-1
4
110.949 750.797
112.652 750.797
112.652 753.348
110.949 753.348
-1
4
113.949 741.348
121.496 741.348
121.496 741.914
113.949 741.914
-1
4
118.32 750.797
120.02 750.797
120.02 753.348
118.32 753.348
-1
4
133.062 743.426
134.762 743.426
134.762 745.977
133.062 745.977
-1
4
120.613 671.695
121.18 671.695
121.18 682.426
120.613 682.426
-1
4
39.801 679.081
40.367 679.081
40.367 683.558
39.801 683.558
-1
4
52.484 676.953
56.031 676.953
56.031 680.5
52.484 680.5
-1
4
59.359 750.797
61.059 750.797
61.059 753.348
59.359 753.348
-1
4
53.125 753.914
54.825 753.914
54.825 756.465
53.125 756.465
-1
4
50.176 739.797
50.742 739.797
50.742 749.89
50.176 749.89
-1
4
46.887 726.704
52.555 726.704
52.555 737.191
46.887 737.191
-1
4
61.059 679.081
61.625 679.081
61.625 711.679
61.059 711.679
-1
4
66.66 676.953
70.203 676.953
70.203 680.5
66.66 680.5
-1
4
74.02 681.406
74.586 681.406
74.586 743.993
74.02 743.993
-1
4
79.484 748.527
82.035 748.527
82.035 750.23
79.484 750.23
-1
4
76.449 681.406
77.016 681.406
77.016 742.973
76.449 742.973
-1
4
97.344 748.246
100.859 748.246
100.859 748.813
97.344 748.813
-1
4
94.227 755.898
96.777 755.898
96.777 757.602
94.227 757.602
-1
4
102.09 676.953
105.637 676.953
105.637 680.5
102.09 680.5
-1
4
103.582 682.199
111.387 682.199
111.387 682.766
103.582 682.766
-1
4
109.18 676.953
112.723 676.953
112.723 680.5
109.18 680.5
-1
4
113.219 743.426
118.887 743.426
118.887 749.094
113.219 749.094
-1
4
116.402 681.406
116.969 681.406
116.969 740.023
116.402 740.023
-1
4
127.957 749.664
130.508 749.664
130.508 751.364
127.957 751.364
-1
4
133.062 750.797
134.762 750.797
134.762 753.348
133.062 753.348
-1
4
131.074 755.898
133.629 755.898
133.629 757.602
131.074 757.602
-1
4
123.875 739.797
124.441 739.797
124.441 749.89
123.875 749.89
-1
4
44.621 750.797
46.32 750.797
46.32 753.348
44.621 753.348
-1
4
38.383 753.914
40.087 753.914
40.087 756.465
38.383 756.465
-1
4
42.637 755.898
45.188 755.898
45.188 757.602
42.637 757.602
-1
4
22.511 758.168
24.211 758.168
24.211 760.719
22.511 760.719
-1
4
34.066 774.949
34.633 774.949
34.633 833.228
34.066 833.228
-1
4
38.313 848.309
41.855 848.309
41.855 851.852
38.313 851.852
-1
4
28.066 764.289
28.633 764.289
28.633 774.23
28.066 774.23
-1
4
29.879 772.719
37.086 772.719
37.086 773.285
29.879 773.285
-1
4
45.398 841.223
48.941 841.223
48.941 844.766
45.398 844.766
-1
4
47.227 764.742
47.793 764.742
47.793 773.285
47.227 773.285
-1
4
51.113 829.602
51.684 829.602
51.684 850.363
51.113 850.363
-1
4
46.887 757.035
49.438 757.035
49.438 758.735
46.887 758.735
-1
4
42.438 774.004
43.004 774.004
43.004 829.828
42.438 829.828
-1
4
50.176 765.82
53.691 765.82
53.691 766.387
50.176 766.387
-1
4
53.125 761.285
54.825 761.285
54.825 763.836
53.125 763.836
-1
4
57.375 763.269
59.926 763.269
59.926 764.969
57.375 764.969
-1
4
63.043 763.269
63.613 763.269
63.613 775.648
63.043 775.648
-1
4
63.918 831.074
64.484 831.074
64.484 842.937
63.918 842.937
-1
4
68.996 757.035
71.547 757.035
71.547 758.735
68.996 758.735
-1
4
67.863 761.285
69.563 761.285
69.563 763.836
67.863 763.836
-1
4
71.59 773.342
72.156 773.342
72.156 832.094
71.59 832.094
-1
4
87.918 848.309
91.461 848.309
91.461 851.852
87.918 851.852
-1
4
76.367 757.035
78.918 757.035
78.918 758.735
76.367 758.735
-1
4
81.468 758.168
83.172 758.168
83.172 760.719
81.468 760.719
-1
4
75.234 761.285
76.934 761.285
76.934 763.836
75.234 763.836
-1
4
79.484 763.269
82.035 763.269
82.035 764.969
79.484 764.969
-1
4
85.156 764.742
85.723 764.742
85.723 774.23
85.156 774.23
-1
4
81.309 775.895
81.875 775.895
81.875 830.961
81.309 830.961
-1
4
87.422 764.289
87.988 764.289
87.988 775.781
87.422 775.781
-1
4
86.547 831.074
87.113 831.074
87.113 842.937
86.547 842.937
-1
4
95.004 834.137
98.547 834.137
98.547 837.68
95.004 837.68
-1
4
107.766 774.949
108.332 774.949
108.332 826.426
107.766 826.426
-1
4
102.09 848.309
105.637 848.309
105.637 851.852
102.09 851.852
-1
4
101.766 764.289
102.332 764.289
102.332 773.89
101.766 773.89
-1
4
104.715 761.285
106.415 761.285
106.415 763.836
104.715 763.836
-1
4
113.219 757.035
115.77 757.035
115.77 758.735
113.219 758.735
-1
4
118.32 758.168
120.02 758.168
120.02 760.719
118.32 760.719
-1
4
112.082 761.285
113.786 761.285
113.786 763.836
112.082 763.836
-1
4
116.336 763.269
118.887 763.269
118.887 764.969
116.336 764.969
-1
4
120.93 764.742
121.496 764.742
121.496 773.285
120.93 773.285
-1
4
109.18 848.309
112.723 848.309
112.723 851.852
109.18 851.852
-1
4
116.141 774.004
116.707 774.004
116.707 833.228
116.141 833.228
-1
4
126.824 761.285
128.524 761.285
128.524 763.836
126.824 763.836
-1
4
131.074 763.269
133.629 763.269
133.629 764.969
131.074 764.969
-1
4
31.227 841.223
34.77 841.223
34.77 844.766
31.227 844.766
-1
4
17.406 764.402
19.957 764.402
19.957 766.102
17.406 766.102
-1
4
22.511 765.535
24.211 765.535
24.211 768.09
22.511 768.09
-1
4
38.313 834.137
41.855 834.137
41.855 837.68
38.313 837.68
-1
4
32.148 764.402
34.699 764.402
34.699 766.102
32.148 766.102
-1
4
39.52 765.535
45.188 765.535
45.188 771.207
39.52 771.207
-1
4
39.648 831.867
47.453 831.867
47.453 832.434
39.648 832.434
-1
4
45.398 834.137
48.941 834.137
48.941 837.68
45.398 837.68
-1
4
45.23 775.555
45.797 775.555
45.797 827.898
45.23 827.898
-1
4
68.996 765.535
74.668 765.535
74.668 771.207
68.996 771.207
-1
4
66.66 834.137
70.203 834.137
70.203 837.68
66.66 837.68
-1
4
76.449 833
82.887 833
82.887 833.57
76.449 833.57
-1
4
95.004 841.223
98.547 841.223
98.547 844.766
95.004 844.766
-1
4
91.105 764.402
93.66 764.402
93.66 766.102
91.105 766.102
-1
4
96.21 765.535
97.91 765.535
97.91 768.09
96.21 768.09
-1
4
99.159 775.555
106.598 775.555
106.598 776.121
99.159 776.121
-1
4
105.848 765.535
111.516 765.535
111.516 771.207
105.848 771.207
-1
4
110.559 772.719
111.125 772.719
111.125 829.035
110.559 829.035
-1
4
100.723 828.469
101.289 828.469
101.289 842.937
100.723 842.937
-1
4
109.18 834.137
112.723 834.137
112.723 837.68
109.18 837.68
-1
4
113.348 770.64
113.918 770.64
113.918 831.301
113.348 831.301
-1
4
125.348 767.238
125.918 767.238
125.918 776.121
125.348 776.121
-1
4
116.266 841.223
119.809 841.223
119.809 844.766
116.266 844.766
-1
4
118.93 775.895
119.496 775.895
119.496 832.094
118.93 832.094
-1
4
17.406 772.906
24.211 772.906
24.211 784.246
17.406 784.246
-1
4
28.488 830.734
31.844 830.734
31.844 831.301
28.488 831.301
-1
4
31.227 848.309
34.77 848.309
34.77 851.852
31.227 851.852
-1
4
58.203 826.539
58.77 826.539
58.77 850.363
58.203 850.363
-1
4
116.266 848.309
119.809 848.309
119.809 851.852
116.266 851.852
-1
4
127.957 771.773
130.508 771.773
130.508 774.04
127.957 774.04
-1
4
121.98 831.074
122.547 831.074
122.547 850.363
121.98 850.363
-1
8
48.02 805.789
67.297 805.789
67.297 785.945
56.809 785.945
56.809 784.813
53.691 784.813
53.691 777.441
48.02 777.441
-1
4
98.477 777.441
104.148 777.441
104.148 787.929
98.477 787.929
-1
8
121.723 805.789
140.996 805.789
140.996 785.945
130.508 785.945
130.508 784.813
127.391 784.813
127.391 777.441
121.723 777.441
