-1
4
0.585 653.327
150.45 653.327
150.45 861.306
0.585 861.306
-1
4
28.488 664.27
29.055 664.27
29.055 683.898
28.488 683.898
-1
4
35.574 664.27
36.141 664.27
36.141 681.293
35.574 681.293
-1
4
27.895 755.898
30.445 755.898
30.445 757.602
27.895 757.602
-1
4
45.492 690.137
46.059 690.137
46.059 738.137
45.492 738.137
-1
4
53.125 730.387
59.926 730.387
59.926 741.727
53.125 741.727
-1
4
54.612 664.27
58.43 664.27
58.43 664.836
54.612 664.836
-1
4
87.918 662.781
91.461 662.781
91.461 666.324
87.918 666.324
-1
4
81.468 750.797
83.172 750.797
83.172 753.348
81.468 753.348
-1
4
103.84 687.867
104.41 687.867
104.41 738.137
103.84 738.137
-1
4
98.477 749.664
101.027 749.664
101.027 751.364
98.477 751.364
-1
4
99.352 664.61
99.918 664.61
99.918 684.693
99.352 684.693
-1
8
115.004 740.969
115.574 740.969
115.574 681.066
115.461 681.066
115.461 664.61
114.895 664.61
114.895 681.633
115.004 681.633
-1
4
121.98 664.27
122.547 664.27
122.547 683.898
121.98 683.898
-1
4
31.539 682.539
32.105 682.539
32.105 738.74
31.539 738.74
-1
4
17.406 742.293
19.957 742.293
19.957 743.993
17.406 743.993
-1
4
16.273 746.547
17.973 746.547
17.973 749.094
16.273 749.094
-1
4
25.117 738.854
25.684 738.854
25.684 747.055
25.117 747.055
-1
4
32.148 749.664
34.699 749.664
34.699 751.364
32.148 751.364
-1
4
37.249 750.797
38.949 750.797
38.949 753.348
37.249 753.348
-1
4
29.539 741.688
30.105 741.688
30.105 749.89
29.539 749.89
-1
4
39.91 685.602
40.477 685.602
40.477 741.914
39.91 741.914
-1
4
39.52 743.426
45.188 743.426
45.188 749.094
39.52 749.094
-1
4
49.746 671.695
50.313 671.695
50.313 686.168
49.746 686.168
-1
4
52.484 669.867
56.031 669.867
56.031 673.41
52.484 673.41
-1
4
59.359 743.426
61.059 743.426
61.059 745.977
59.359 745.977
-1
4
59.57 669.867
63.113 669.867
63.113 673.41
59.57 673.41
-1
4
61.625 750.797
67.297 750.797
67.297 756.465
61.625 756.465
-1
4
81.309 683.672
81.875 683.672
81.875 739.215
81.309 739.215
-1
4
88.839 750.797
90.539 750.797
90.539 753.348
88.839 753.348
-1
4
86.855 755.898
89.406 755.898
89.406 757.602
86.855 757.602
-1
4
86.547 671.695
87.113 671.695
87.113 683.558
86.547 683.558
-1
4
94.227 748.527
96.777 748.527
96.777 750.23
94.227 750.23
-1
4
93.637 671.695
94.203 671.695
94.203 686.961
93.637 686.961
-1
4
103.238 741.348
103.809 741.348
103.809 750.23
103.238 750.23
-1
4
104.715 753.914
106.415 753.914
106.415 756.465
104.715 756.465
-1
4
118.32 750.797
120.02 750.797
120.02 753.348
118.32 753.348
-1
4
117.797 682.539
118.363 682.539
118.363 738.74
117.797 738.74
-1
4
127.957 742.293
130.508 742.293
130.508 743.993
127.957 743.993
-1
4
133.062 743.426
134.762 743.426
134.762 745.977
133.062 745.977
-1
8
23.645 737.191
29.313 737.191
29.313 708.844
10.039 708.844
10.039 728.688
20.523 728.688
20.523 729.82
23.645 729.82
-1
4
23.645 748.246
27.16 748.246
27.16 748.813
23.645 748.813
-1
4
22.511 750.797
24.211 750.797
24.211 753.348
22.511 753.348
-1
4
16.273 753.914
17.973 753.914
17.973 756.465
16.273 756.465
-1
4
38.313 676.953
41.855 676.953
41.855 680.5
38.313 680.5
-1
4
37.117 683.332
37.684 683.332
37.684 743.993
37.117 743.993
-1
4
52.484 676.953
56.031 676.953
56.031 680.5
52.484 680.5
-1
4
42.699 687.867
43.27 687.867
43.27 740.023
42.699 740.023
-1
4
54.258 749.664
56.809 749.664
56.809 751.364
54.258 751.364
-1
4
53.125 753.914
54.825 753.914
54.825 756.465
53.125 756.465
-1
4
50.176 739.797
50.742 739.797
50.742 749.89
50.176 749.89
-1
4
68.148 681.066
74.586 681.066
74.586 681.633
68.148 681.633
-1
4
68.996 743.426
74.668 743.426
74.668 749.094
68.996 749.094
-1
4
76.449 681.406
77.016 681.406
77.016 742.973
76.449 742.973
-1
4
106.633 685.942
107.199 685.942
107.199 739.683
106.633 739.683
-1
4
100.293 739.797
100.859 739.797
100.859 748.473
100.293 748.473
-1
4
102.09 676.953
105.637 676.953
105.637 680.5
102.09 680.5
-1
4
103.582 682.199
111.387 682.199
111.387 682.766
103.582 682.766
-1
4
105.848 743.426
111.516 743.426
111.516 749.094
105.848 749.094
-1
4
109.18 676.953
112.723 676.953
112.723 680.5
109.18 680.5
-1
4
127.957 749.664
130.508 749.664
130.508 751.364
127.957 751.364
-1
4
133.062 750.797
134.762 750.797
134.762 753.348
133.062 753.348
-1
4
131.074 755.898
133.629 755.898
133.629 757.602
131.074 757.602
-1
4
123.875 739.797
124.441 739.797
124.441 749.89
123.875 749.89
-1
8
134.195 737.191
139.863 737.191
139.863 708.844
120.586 708.844
120.586 728.688
131.074 728.688
131.074 729.82
134.195 729.82
-1
4
44.621 750.797
46.32 750.797
46.32 753.348
44.621 753.348
-1
4
16.273 761.285
17.973 761.285
17.973 763.836
16.273 763.836
-1
4
20.523 763.269
23.078 763.269
23.078 764.969
20.523 764.969
-1
4
34.066 774.949
34.633 774.949
34.633 833.228
34.066 833.228
-1
4
38.313 848.309
41.855 848.309
41.855 851.852
38.313 851.852
-1
4
28.066 764.289
28.633 764.289
28.633 774.23
28.066 774.23
-1
8
36.941 843.277
37.512 843.277
37.512 833
37.426 833
37.426 772.719
36.859 772.719
36.859 833.57
36.941 833.57
-1
4
31.012 761.285
32.715 761.285
32.715 763.836
31.012 763.836
-1
4
45.398 841.223
48.941 841.223
48.941 844.766
45.398 844.766
-1
4
44.621 758.168
46.32 758.168
46.32 760.719
44.621 760.719
-1
4
38.383 761.285
40.087 761.285
40.087 763.836
38.383 763.836
-1
4
47.227 764.742
47.793 764.742
47.793 773.285
47.227 773.285
-1
4
51.113 829.602
51.684 829.602
51.684 850.363
51.113 850.363
-1
4
50.004 763.269
52.555 763.269
52.555 764.969
50.004 764.969
-1
4
42.438 774.004
43.004 774.004
43.004 829.828
42.438 829.828
-1
4
63.043 763.269
63.613 763.269
63.613 775.648
63.043 775.648
-1
4
69.16 775.082
69.727 775.082
69.727 830.961
69.16 830.961
-1
4
63.918 831.074
64.484 831.074
64.484 842.937
63.918 842.937
-1
4
65.313 773
72.156 773
72.156 773.57
65.313 773.57
-1
4
67.863 761.285
69.563 761.285
69.563 763.836
67.863 763.836
-1
4
76.367 757.035
78.918 757.035
78.918 758.735
76.367 758.735
-1
4
81.468 758.168
83.172 758.168
83.172 760.719
81.468 760.719
-1
4
85.156 764.742
85.723 764.742
85.723 774.23
85.156 774.23
-1
4
85.18 832.207
85.746 832.207
85.746 850.023
85.18 850.023
-1
4
95.004 834.137
98.547 834.137
98.547 837.68
95.004 837.68
-1
4
100.293 764.742
100.859 764.742
100.859 774.836
100.293 774.836
-1
4
98.477 757.035
101.027 757.035
101.027 758.735
98.477 758.735
-1
4
97.344 761.285
99.044 761.285
99.044 763.836
97.344 763.836
-1
4
109.164 774.004
109.73 774.004
109.73 827.558
109.164 827.558
-1
4
116.336 763.269
118.887 763.269
118.887 764.969
116.336 764.969
-1
4
120.93 764.742
121.496 764.742
121.496 773.285
120.93 773.285
-1
4
114.742 772.719
115.309 772.719
115.309 832.094
114.742 832.094
-1
4
120.586 757.035
123.137 757.035
123.137 758.735
120.586 758.735
-1
4
117.535 774.609
124.441 774.609
124.441 775.176
117.535 775.176
-1
4
116.266 834.137
119.809 834.137
119.809 837.68
116.266 837.68
-1
4
126.824 761.285
128.524 761.285
128.524 763.836
126.824 763.836
-1
4
25.117 767.863
25.684 767.863
25.684 776.121
25.117 776.121
-1
4
29.855 832.207
30.422 832.207
30.422 843.277
29.855 843.277
-1
4
32.148 765.535
37.816 765.535
37.816 771.207
32.148 771.207
-1
4
39.52 765.535
45.188 765.535
45.188 771.207
39.52 771.207
-1
4
39.648 831.867
47.453 831.867
47.453 832.434
39.648 832.434
-1
4
51.648 767.238
52.215 767.238
52.215 776.121
51.648 776.121
-1
4
59.359 765.535
61.059 765.535
61.059 768.09
59.359 768.09
-1
4
74.02 771.66
74.586 771.66
74.586 833.228
74.02 833.228
-1
4
76.367 765.535
82.035 765.535
82.035 771.207
76.367 771.207
-1
4
76.449 833
82.887 833
82.887 833.57
76.449 833.57
-1
4
96.21 765.535
97.91 765.535
97.91 768.09
96.21 768.09
-1
4
94.227 770.64
96.777 770.64
96.777 772.34
94.227 772.34
-1
4
106.371 775.555
106.938 775.555
106.938 825.293
106.371 825.293
-1
4
102.09 834.137
105.637 834.137
105.637 837.68
102.09 837.68
-1
4
102.09 841.223
105.637 841.223
105.637 844.766
102.09 844.766
-1
6
111.953 830.168
112.52 830.168
112.52 771.773
110.496 771.773
110.496 772.34
111.953 772.34
-1
4
109.18 834.137
112.723 834.137
112.723 837.68
109.18 837.68
-1
4
126.824 768.656
128.524 768.656
128.524 771.207
126.824 771.207
-1
4
31.277 776.5
31.844 776.5
31.844 830.961
31.277 830.961
-1
4
54.258 772.906
61.059 772.906
61.059 784.246
54.258 784.246
-1
4
58.203 826.539
58.77 826.539
58.77 850.363
58.203 850.363
-1
4
46.625 776.84
47.191 776.84
47.191 826.426
46.625 826.426
-1
4
95.004 848.309
98.547 848.309
98.547 851.852
95.004 851.852
-1
4
121.98 831.074
122.547 831.074
122.547 850.363
121.98 850.363
-1
4
98.477 777.441
104.148 777.441
104.148 787.929
98.477 787.929
-1
8
121.723 805.789
140.996 805.789
140.996 785.945
130.508 785.945
130.508 784.813
127.391 784.813
127.391 777.441
121.723 777.441
