-1
4
0.585 653.327
150.45 653.327
150.45 861.306
0.585 861.306
-1
4
16.273 730.387
23.078 730.387
23.078 741.727
16.273 741.727
-1
4
26.477 750.797
31.582 750.797
31.582 753.348
26.477 753.348
-1
4
46.887 749.664
49.438 749.664
49.438 754.765
46.887 754.765
-1
4
48.587 750.797
53.691 750.797
53.691 753.348
48.587 753.348
-1
4
53.125 730.387
59.926 730.387
59.926 741.727
53.125 741.727
-1
4
68.996 750.797
74.668 750.797
74.668 756.465
68.996 756.465
-1
4
76.367 750.797
82.035 750.797
82.035 756.465
76.367 756.465
-1
4
78.879 682.369
79.445 682.369
79.445 741.463
78.879 741.463
-1
4
85.18 664.44
85.746 664.44
85.746 682.596
85.18 682.596
-1
4
103.84 687.867
104.41 687.867
104.41 738.137
103.84 738.137
-1
4
89.973 730.387
96.777 730.387
96.777 741.727
89.973 741.727
-1
4
108.027 684.465
108.598 684.465
108.598 740.969
108.027 740.969
-1
4
100.178 750.797
105.281 750.797
105.281 753.348
100.178 753.348
-1
4
120.586 749.664
123.137 749.664
123.137 754.765
120.586 754.765
-1
4
119.453 753.914
124.556 753.914
124.556 756.465
119.453 756.465
-1
8
115.004 740.969
115.574 740.969
115.574 681.066
115.461 681.066
115.461 664.44
114.895 664.44
114.895 681.633
115.004 681.633
-1
4
119.191 683.332
119.758 683.332
119.758 738.137
119.191 738.137
-1
4
126.824 730.387
133.629 730.387
133.629 741.727
126.824 741.727
-1
4
17.406 743.426
23.078 743.426
23.078 749.094
17.406 749.094
-1
4
31.539 682.369
32.105 682.369
32.105 738.911
31.539 738.911
-1
4
25.117 738.683
25.684 738.683
25.684 747.225
25.117 747.225
-1
4
39.52 743.426
45.188 743.426
45.188 749.094
39.52 749.094
-1
4
40.08 741.348
47.793 741.348
47.793 741.914
40.08 741.914
-1
4
44.098 738.512
52.215 738.512
52.215 739.082
44.098 739.082
-1
4
54.258 743.426
59.926 743.426
59.926 749.094
54.258 749.094
-1
4
61.625 750.797
67.297 750.797
67.297 756.465
61.625 756.465
-1
4
83.738 750.797
89.406 750.797
89.406 756.465
83.738 756.465
-1
4
91.105 743.426
96.777 743.426
96.777 749.094
91.105 749.094
-1
4
105.238 686.904
105.805 686.904
105.805 738.911
105.238 738.911
-1
4
103.238 741.348
103.809 741.348
103.809 750.23
103.238 750.23
-1
4
105.848 750.797
111.516 750.797
111.516 756.465
105.848 756.465
-1
4
109.422 683.502
109.988 683.502
109.988 741.744
109.422 741.744
-1
4
113.219 750.797
118.887 750.797
118.887 756.465
113.219 756.465
-1
8
113.609 741.914
114.176 741.914
114.176 681.066
114.09 681.066
114.09 671.525
113.523 671.525
113.523 681.633
113.609 681.633
-1
4
127.957 743.426
133.629 743.426
133.629 749.094
127.957 749.094
-1
4
125.348 738.683
125.918 738.683
125.918 747.113
125.348 747.113
-1
4
117.797 682.369
118.363 682.369
118.363 738.911
117.797 738.911
-1
8
23.645 737.191
29.313 737.191
29.313 708.844
10.039 708.844
10.039 728.688
20.523 728.688
20.523 729.82
23.645 729.82
-1
4
26.594 739.457
33.5 739.457
33.5 740.023
26.594 740.023
-1
4
17.406 750.797
23.078 750.797
23.078 756.465
17.406 756.465
-1
4
38.313 676.953
41.855 676.953
41.855 680.5
38.313 680.5
-1
4
37.117 683.332
37.684 683.332
37.684 747.394
37.117 747.394
-1
4
42.699 687.867
43.27 687.867
43.27 740.023
42.699 740.023
-1
4
54.258 750.797
59.926 750.797
59.926 756.465
54.258 756.465
-1
8
60.492 737.191
66.164 737.191
66.164 708.844
46.887 708.844
46.887 728.688
57.375 728.688
57.375 729.82
60.492 729.82
-1
4
74.02 681.236
74.586 681.236
74.586 747.394
74.02 747.394
-1
4
76.449 681.236
77.016 681.236
77.016 745.863
76.449 745.863
-1
8
97.344 737.191
103.012 737.191
103.012 708.844
83.738 708.844
83.738 728.688
94.227 728.688
94.227 729.82
97.344 729.82
-1
4
91.105 750.797
96.777 750.797
96.777 756.465
91.105 756.465
-1
4
106.633 685.772
107.199 685.772
107.199 739.853
106.633 739.853
-1
4
100.293 739.627
100.859 739.627
100.859 748.643
100.293 748.643
-1
4
110.82 682.369
111.387 682.369
111.387 747.394
110.82 747.394
-1
4
109.18 676.953
112.723 676.953
112.723 680.5
109.18 680.5
-1
4
116.266 676.953
119.809 676.953
119.809 680.5
116.266 680.5
-1
4
127.957 750.797
133.629 750.797
133.629 756.465
127.957 756.465
-1
4
120.586 714.797
126.258 714.797
126.258 737.191
120.586 737.191
-1
4
39.52 750.797
45.188 750.797
45.188 756.465
39.52 756.465
-1
4
17.406 758.168
23.078 758.168
23.078 763.836
17.406 763.836
-1
4
31.227 834.137
34.77 834.137
34.77 837.68
31.227 837.68
-1
4
34.066 774.779
34.633 774.779
34.633 833.399
34.066 833.399
-1
4
38.313 848.309
41.855 848.309
41.855 851.852
38.313 851.852
-1
4
27.895 759.868
30.445 759.868
30.445 764.969
27.895 764.969
-1
4
32.148 758.168
37.816 758.168
37.816 763.836
32.148 763.836
-1
8
36.941 843.277
37.512 843.277
37.512 833
37.426 833
37.426 772.719
36.859 772.719
36.859 833.57
36.941 833.57
-1
4
39.52 758.168
45.188 758.168
45.188 763.836
39.52 763.836
-1
4
47.227 764.572
47.793 764.572
47.793 773.285
47.227 773.285
-1
4
41.043 772.719
41.609 772.719
41.609 831.131
41.043 831.131
-1
4
45.754 761.285
50.855 761.285
50.855 763.836
45.754 763.836
-1
4
54.258 758.168
59.926 758.168
59.926 763.836
54.258 763.836
-1
4
43.836 774.609
50.742 774.609
50.742 775.176
43.836 775.176
-1
4
61.625 758.168
67.297 758.168
67.297 763.836
61.625 763.836
-1
4
68.996 758.168
74.668 758.168
74.668 763.836
68.996 763.836
-1
4
71.59 773.171
72.156 773.171
72.156 832.264
71.59 832.264
-1
4
76.367 758.168
82.035 758.168
82.035 763.836
76.367 763.836
-1
4
83.738 758.168
89.406 758.168
89.406 763.836
83.738 763.836
-1
4
91.105 758.168
96.777 758.168
96.777 763.836
91.105 763.836
-1
4
107.766 774.779
108.332 774.779
108.332 826.596
107.766 826.596
-1
4
98.477 758.168
104.148 758.168
104.148 763.836
98.477 763.836
-1
4
109.164 773.834
109.73 773.834
109.73 827.728
109.164 827.728
-1
4
113.219 758.168
118.887 758.168
118.887 763.836
113.219 763.836
-1
4
120.93 764.572
121.496 764.572
121.496 773.285
120.93 773.285
-1
4
114.742 772.719
115.309 772.719
115.309 832.264
114.742 832.264
-1
4
120.586 758.168
126.258 758.168
126.258 763.836
120.586 763.836
-1
4
127.957 758.168
133.629 758.168
133.629 763.836
127.957 763.836
-1
4
117.535 774.609
124.441 774.609
124.441 775.176
117.535 775.176
-1
4
17.406 765.535
23.078 765.535
23.078 771.207
17.406 771.207
-1
4
25.287 775.555
33.238 775.555
33.238 776.121
25.287 776.121
-1
4
32.148 765.535
37.816 765.535
37.816 771.207
32.148 771.207
-1
4
38.313 834.137
41.855 834.137
41.855 837.68
38.313 837.68
-1
4
51.648 767.238
52.215 767.238
52.215 776.121
51.648 776.121
-1
4
74.02 768.768
74.586 768.768
74.586 833.399
74.02 833.399
-1
4
76.449 767.237
77.016 767.237
77.016 833.399
76.449 833.399
-1
4
98.987 775.555
106.768 775.555
106.768 776.121
98.987 776.121
-1
4
105.848 765.535
111.516 765.535
111.516 771.207
105.848 771.207
-1
4
103.409 772.719
110.955 772.719
110.955 773.285
103.409 773.285
-1
4
109.18 834.137
112.723 834.137
112.723 837.68
109.18 837.68
-1
4
113.348 767.237
113.918 767.237
113.918 831.301
113.348 831.301
-1
4
125.348 767.238
125.918 767.238
125.918 776.121
125.348 776.121
-1
4
116.266 841.223
119.809 841.223
119.809 844.766
116.266 844.766
-1
4
129.659 765.535
134.762 765.535
134.762 768.09
129.659 768.09
-1
4
126.824 768.656
131.927 768.656
131.927 771.207
126.824 771.207
-1
4
131.074 767.237
133.629 767.237
133.629 772.34
131.074 772.34
-1
4
120.613 832.037
121.18 832.037
121.18 843.277
120.613 843.277
-1
4
118.93 775.725
119.496 775.725
119.496 832.264
118.93 832.264
-1
4
17.406 772.906
24.211 772.906
24.211 784.246
17.406 784.246
-1
4
52.484 848.309
56.031 848.309
56.031 851.852
52.484 851.852
-1
4
54.258 771.773
56.809 771.773
56.809 780.844
54.258 780.844
-1
4
57.375 776.308
61.059 776.308
61.059 785.379
57.375 785.379
-1
4
58.203 826.369
58.77 826.369
58.77 850.363
58.203 850.363
-1
4
91.105 772.906
97.91 772.906
97.91 784.246
91.105 784.246
-1
4
104.977 776.67
105.543 776.67
105.543 824.329
104.977 824.329
-1
4
92.266 824.101
92.832 824.101
92.832 850.193
92.266 850.193
-1
4
127.957 772.906
134.762 772.906
134.762 784.246
127.957 784.246
-1
4
120.324 776.5
120.895 776.5
120.895 831.301
120.324 831.301
-1
8
11.172 805.789
30.445 805.789
30.445 785.945
19.957 785.945
19.957 784.813
16.84 784.813
16.84 777.441
11.172 777.441
-1
8
48.02 805.789
67.297 805.789
67.297 785.945
56.809 785.945
56.809 784.813
53.691 784.813
53.691 777.441
48.02 777.441
-1
8
84.871 805.789
104.148 805.789
104.148 785.945
93.66 785.945
93.66 784.813
90.539 784.813
90.539 777.441
84.871 777.441
-1
8
121.723 805.789
140.996 805.789
140.996 785.945
130.508 785.945
130.508 784.813
127.391 784.813
127.391 777.441
121.723 777.441
