-1
4
0.585 653.327
150.45 653.327
150.45 861.306
0.585 861.306
-1
4
24.777 750.797
30.445 750.797
30.445 756.465
24.777 756.465
-1
4
35.914 664.27
39.73 664.27
39.73 664.836
35.914 664.836
-1
4
46.887 749.664
49.438 749.664
49.438 751.364
46.887 751.364
-1
4
45.754 753.914
47.454 753.914
47.454 756.465
45.754 756.465
-1
4
68.996 750.797
74.668 750.797
74.668 756.465
68.996 756.465
-1
4
78.879 741.066
85.723 741.066
85.723 741.633
78.879 741.633
-1
4
95.004 662.781
98.547 662.781
98.547 666.324
95.004 666.324
-1
4
103.84 687.867
104.41 687.867
104.41 738.137
103.84 738.137
-1
4
92.266 664.61
92.832 664.61
92.832 688.094
92.266 688.094
-1
4
98.477 750.797
104.148 750.797
104.148 756.465
98.477 756.465
-1
4
120.586 749.664
123.137 749.664
123.137 751.364
120.586 751.364
-1
4
125.691 750.797
127.391 750.797
127.391 753.348
125.691 753.348
-1
4
123.707 755.898
126.258 755.898
126.258 757.602
123.707 757.602
-1
4
116.266 662.781
119.809 662.781
119.809 666.324
116.266 666.324
-1
4
29.855 682.199
32.105 682.199
32.105 682.766
29.855 682.766
-1
4
25.117 738.512
32.105 738.512
32.105 739.082
25.117 739.082
-1
4
17.406 743.426
23.078 743.426
23.078 749.094
17.406 749.094
-1
4
35.723 682.199
36.293 682.199
36.293 741.914
35.723 741.914
-1
4
32.148 749.664
34.699 749.664
34.699 751.364
32.148 751.364
-1
4
37.249 750.797
38.949 750.797
38.949 753.348
37.249 753.348
-1
4
47.524 671.355
50.313 671.355
50.313 671.922
47.524 671.922
-1
4
40.25 741.348
47.793 741.348
47.793 741.914
40.25 741.914
-1
4
40.25 685.602
49.973 685.602
49.973 686.168
40.25 686.168
-1
4
44.098 738.512
52.215 738.512
52.215 739.082
44.098 739.082
-1
4
54.612 671.355
57.398 671.355
57.398 671.922
54.612 671.922
-1
4
63.043 738.854
63.613 738.854
63.613 750.344
63.043 750.344
-1
4
83.738 750.797
89.406 750.797
89.406 756.465
83.738 756.465
-1
4
86.547 671.355
89.335 671.355
89.335 671.922
86.547 671.922
-1
4
91.105 743.426
96.777 743.426
96.777 749.094
91.105 749.094
-1
4
100.723 671.355
103.509 671.355
103.509 671.922
100.723 671.922
-1
4
103.581 741.348
109.988 741.348
109.988 741.914
103.581 741.914
-1
4
105.848 749.664
108.398 749.664
108.398 751.364
105.848 751.364
-1
4
108.965 755.898
111.516 755.898
111.516 757.602
108.965 757.602
-1
4
111.306 671.355
114.09 671.355
114.09 671.922
111.306 671.922
-1
4
113.949 741.348
121.496 741.348
121.496 741.914
113.949 741.914
-1
4
116.336 755.898
118.887 755.898
118.887 757.602
116.336 757.602
-1
4
127.957 743.426
133.629 743.426
133.629 749.094
127.957 749.094
-1
4
120.613 671.695
121.18 671.695
121.18 682.426
120.613 682.426
-1
4
52.484 676.953
56.031 676.953
56.031 680.5
52.484 680.5
-1
4
59.359 750.797
61.059 750.797
61.059 753.348
59.359 753.348
-1
4
43.042 687.867
54.201 687.867
54.201 688.434
43.042 688.434
-1
4
68.148 681.066
74.586 681.066
74.586 681.633
68.148 681.633
-1
4
75.234 746.547
76.934 746.547
76.934 749.094
75.234 749.094
-1
4
76.449 681.406
77.016 681.406
77.016 742.973
76.449 742.973
-1
4
106.633 685.942
107.199 685.942
107.199 739.683
106.633 739.683
-1
4
103.582 682.199
111.387 682.199
111.387 682.766
103.582 682.766
-1
4
109.18 676.953
112.723 676.953
112.723 680.5
109.18 680.5
-1
4
112.082 746.547
113.786 746.547
113.786 749.094
112.082 749.094
-1
4
116.742 739.457
124.441 739.457
124.441 740.023
116.742 740.023
-1
8
134.195 737.191
139.863 737.191
139.863 708.844
120.586 708.844
120.586 728.688
131.074 728.688
131.074 729.82
134.195 729.82
-1
4
17.406 758.168
23.078 758.168
23.078 763.836
17.406 763.836
-1
4
26.594 774.609
34.633 774.609
34.633 775.176
26.594 775.176
-1
4
32.715 833.342
33.281 833.342
33.281 835.554
32.715 835.554
-1
4
27.895 763.269
30.445 763.269
30.445 764.969
27.895 764.969
-1
4
29.879 772.719
37.086 772.719
37.086 773.285
29.879 773.285
-1
4
37.284 842.711
39.73 842.711
39.73 843.277
37.284 843.277
-1
4
39.52 758.168
45.188 758.168
45.188 763.836
39.52 763.836
-1
4
47.227 764.742
47.793 764.742
47.793 773.285
47.227 773.285
-1
4
51.988 758.168
53.691 758.168
53.691 760.719
51.988 760.719
-1
4
50.004 763.269
52.555 763.269
52.555 764.969
50.004 764.969
-1
4
42.438 829.602
51.341 829.602
51.341 830.168
42.438 830.168
-1
4
47.524 849.797
51.341 849.797
51.341 850.363
47.524 850.363
-1
4
43.836 774.609
50.742 774.609
50.742 775.176
43.836 775.176
-1
4
63.043 763.269
63.613 763.269
63.613 775.648
63.043 775.648
-1
4
65.313 773
72.156 773
72.156 773.57
65.313 773.57
-1
4
65.289 831.867
72.156 831.867
72.156 832.434
65.289 832.434
-1
4
61.696 849.797
65.855 849.797
65.855 850.363
61.696 850.363
-1
4
67.863 762.816
68.43 762.816
68.43 766.754
67.863 766.754
-1
4
81.309 830.734
87.113 830.734
87.113 831.301
81.309 831.301
-1
4
88.839 758.168
90.539 758.168
90.539 760.719
88.839 760.719
-1
4
82.602 761.285
84.305 761.285
84.305 763.836
82.602 763.836
-1
4
86.855 763.269
89.406 763.269
89.406 764.969
86.855 764.969
-1
4
86.547 842.711
89.335 842.711
89.335 843.277
86.547 843.277
-1
4
95.004 834.137
98.547 834.137
98.547 837.68
95.004 837.68
-1
4
107.766 774.949
108.332 774.949
108.332 826.426
107.766 826.426
-1
4
99.352 849.797
103.509 849.797
103.509 850.363
99.352 850.363
-1
4
101.766 764.289
102.332 764.289
102.332 773.89
101.766 773.89
-1
4
109.18 841.223
112.723 841.223
112.723 844.766
109.18 844.766
-1
4
114.742 772.719
115.309 772.719
115.309 832.094
114.742 832.094
-1
4
114.895 833.342
115.461 833.342
115.461 850.023
114.895 850.023
-1
4
126.824 762.816
127.391 762.816
127.391 766.387
126.824 766.387
-1
8
117.754 835.554
118.32 835.554
118.32 833
118.102 833
118.102 774.949
117.535 774.949
117.535 833.57
117.754 833.57
-1
4
38.313 834.137
41.855 834.137
41.855 837.68
38.313 837.68
-1
4
32.148 764.402
34.699 764.402
34.699 766.102
32.148 766.102
-1
4
37.249 765.535
38.949 765.535
38.949 768.09
37.249 768.09
-1
4
39.648 831.867
47.453 831.867
47.453 832.434
39.648 832.434
-1
4
56.832 827.672
57.398 827.672
57.398 842.937
56.832 842.937
-1
4
76.449 833
82.887 833
82.887 833.57
76.449 833.57
-1
4
75.234 768.656
76.934 768.656
76.934 771.207
75.234 771.207
-1
4
91.105 765.535
96.777 765.535
96.777 771.207
91.105 771.207
-1
4
95.004 841.223
98.547 841.223
98.547 844.766
95.004 844.766
-1
4
99.159 775.555
106.598 775.555
106.598 776.121
99.159 776.121
-1
4
103.581 772.719
110.785 772.719
110.785 773.285
103.581 773.285
-1
4
100.723 842.711
103.509 842.711
103.509 843.277
100.723 843.277
-1
4
101.063 828.469
110.785 828.469
110.785 829.035
101.063 829.035
-1
4
113.219 764.402
115.77 764.402
115.77 766.102
113.219 766.102
-1
4
133.062 765.535
134.762 765.535
134.762 768.09
133.062 768.09
-1
4
28.488 830.734
31.844 830.734
31.844 831.301
28.488 831.301
-1
4
17.406 771.773
19.957 771.773
19.957 774.04
17.406 774.04
-1
4
20.523 783.112
24.211 783.112
24.211 785.379
20.523 785.379
-1
4
23.53 776.5
31.504 776.5
31.504 777.066
23.53 777.066
-1
4
54.258 771.773
56.809 771.773
56.809 774.04
54.258 774.04
-1
4
92.266 824.272
92.832 824.272
92.832 850.023
92.266 850.023
-1
4
127.957 772.906
134.762 772.906
134.762 784.246
127.957 784.246
-1
4
120.324 776.5
120.895 776.5
120.895 831.301
120.324 831.301
-1
8
48.02 805.789
67.297 805.789
67.297 785.945
56.809 785.945
56.809 784.813
53.691 784.813
53.691 777.441
48.02 777.441
