-1
4
0.585 653.327
150.45 653.327
150.45 861.306
0.585 861.306
-1
4
49.746 831.074
50.312 831.074
50.312 842.937
49.746 842.937
-1
4
42.438 773.664
43.008 773.664
43.008 830.168
42.438 830.168
-1
4
48.703 763.269
49.27 763.269
49.27 774.23
48.703 774.23
-1
4
59.359 758.168
61.062 758.168
61.062 760.719
59.359 760.719
-1
4
53.125 761.285
54.825 761.285
54.825 763.836
53.125 763.836
-1
4
66.73 758.168
68.43 758.168
68.43 760.719
66.73 760.719
-1
4
63.043 763.269
63.613 763.269
63.613 775.648
63.043 775.648
-1
4
64.746 763.269
67.297 763.269
67.297 764.969
64.746 764.969
-1
4
69.16 775.082
69.727 775.082
69.727 830.961
69.16 830.961
-1
4
71.59 773.342
72.156 773.342
72.156 832.094
71.59 832.094
-1
4
65.289 832.207
65.855 832.207
65.855 850.023
65.289 850.023
-1
4
86.855 763.269
89.406 763.269
89.406 764.969
86.855 764.969
-1
4
86.551 831.074
87.117 831.074
87.117 842.937
86.551 842.937
-1
4
107.77 774.949
108.336 774.949
108.336 826.426
107.77 826.426
-1
4
99.352 827.672
99.918 827.672
99.918 850.023
99.352 850.023
-1
4
102.094 841.223
105.637 841.223
105.637 844.766
102.094 844.766
-1
4
104.715 761.285
106.415 761.285
106.415 763.836
104.715 763.836
-1
4
103.581 772.719
110.785 772.719
110.785 773.285
103.581 773.285
-1
4
101.063 828.469
110.785 828.469
110.785 829.035
101.063 829.035
-1
4
113.527 832.207
114.094 832.207
114.094 843.277
113.527 843.277
-1
4
116.141 774.004
116.707 774.004
116.707 833.228
116.141 833.228
-1
4
22.511 765.535
24.211 765.535
24.211 768.09
22.511 768.09
-1
4
38.312 834.137
41.855 834.137
41.855 837.68
38.312 837.68
-1
4
32.148 764.402
34.699 764.402
34.699 766.102
32.148 766.102
-1
4
31.012 768.656
32.715 768.656
32.715 771.207
31.012 771.207
-1
4
38.383 768.656
40.087 768.656
40.087 771.207
38.383 771.207
-1
4
54.258 765.535
59.926 765.535
59.926 771.207
54.258 771.207
-1
4
51.648 767.238
52.215 767.238
52.215 776.121
51.648 776.121
-1
4
45.23 775.555
45.797 775.555
45.797 827.898
45.23 827.898
-1
4
68.996 764.402
71.551 764.402
71.551 766.102
68.996 766.102
-1
4
67.863 768.656
69.563 768.656
69.563 771.207
67.863 771.207
-1
4
110.953 750.797
112.652 750.797
112.652 753.348
110.953 753.348
-1
4
113.953 741.348
121.496 741.348
121.496 741.914
113.953 741.914
-1
4
117.797 682.539
118.363 682.539
118.363 738.74
117.797 738.74
-1
4
120.613 671.695
121.18 671.695
121.18 682.426
120.613 682.426
-1
4
31.227 676.953
34.77 676.953
34.77 680.5
31.227 680.5
-1
4
20.527 755.898
23.078 755.898
23.078 757.602
20.527 757.602
-1
4
37.249 743.426
38.949 743.426
38.949 745.977
37.249 745.977
-1
4
42.637 748.527
45.188 748.527
45.188 750.23
42.637 750.23
-1
4
50.176 739.797
50.742 739.797
50.742 749.89
50.176 749.89
-1
4
46.887 726.704
52.555 726.704
52.555 737.191
46.887 737.191
-1
4
67.863 746.547
69.563 746.547
69.563 749.094
67.863 749.094
-1
4
76.367 742.293
78.918 742.293
78.918 743.993
76.367 743.993
-1
4
106.633 685.942
107.199 685.942
107.199 739.683
106.633 739.683
-1
4
110.953 743.426
112.652 743.426
112.652 745.977
110.953 745.977
-1
4
109.18 676.953
112.723 676.953
112.723 680.5
109.18 680.5
-1
4
123.879 739.797
124.445 739.797
124.445 749.89
123.879 749.89
-1
4
26.594 764.742
27.16 764.742
27.16 774.836
26.594 774.836
-1
4
34.066 774.949
34.633 774.949
34.633 833.228
34.066 833.228
-1
4
24.777 757.035
27.328 757.035
27.328 758.735
24.777 758.735
-1
4
29.878 758.168
31.582 758.168
31.582 760.719
29.878 760.719
-1
4
37.249 758.168
38.949 758.168
38.949 760.719
37.249 760.719
-1
4
29.879 772.719
37.086 772.719
37.086 773.285
29.879 773.285
-1
4
123.707 755.898
126.258 755.898
126.258 757.602
123.707 757.602
-1
4
126.824 730.387
133.629 730.387
133.629 741.727
126.824 741.727
-1
4
31.227 669.867
34.77 669.867
34.77 673.41
31.227 673.41
-1
4
31.539 682.539
32.105 682.539
32.105 738.74
31.539 738.74
-1
4
36.941 671.355
37.512 671.355
37.512 682.766
36.941 682.766
-1
4
32.148 749.664
34.699 749.664
34.699 751.364
32.148 751.364
-1
4
31.012 753.914
32.715 753.914
32.715 756.465
31.012 756.465
-1
4
40.25 685.602
50.312 685.602
50.312 686.168
40.25 686.168
-1
4
40.25 741.348
47.793 741.348
47.793 741.914
40.25 741.914
-1
4
44.098 689.342
44.664 689.342
44.664 738.74
44.098 738.74
-1
4
59.359 743.426
61.062 743.426
61.062 745.977
59.359 745.977
-1
4
53.125 746.547
54.825 746.547
54.825 749.094
53.125 749.094
-1
4
56.832 671.695
57.398 671.695
57.398 689.228
56.832 689.228
-1
4
69.16 683.332
69.727 683.332
69.727 738.74
69.16 738.74
-1
4
61.629 749.664
64.18 749.664
64.18 751.364
61.629 751.364
-1
4
66.73 750.797
68.43 750.797
68.43 753.348
66.73 753.348
-1
4
60.496 753.914
62.196 753.914
62.196 756.465
60.496 756.465
-1
4
28.488 664.27
29.055 664.27
29.055 683.898
28.488 683.898
-1
4
16.273 730.387
23.078 730.387
23.078 741.727
16.273 741.727
-1
4
28.066 740.742
28.633 740.742
28.633 751.364
28.066 751.364
-1
4
45.398 662.781
48.941 662.781
48.941 666.324
45.398 666.324
-1
4
51.988 750.797
53.691 750.797
53.691 753.348
51.988 753.348
-1
4
52.484 662.781
56.031 662.781
56.031 666.324
52.484 666.324
-1
4
71.59 682.539
72.156 682.539
72.156 740.629
71.59 740.629
-1
4
65.289 664.61
65.855 664.61
65.855 682.426
65.289 682.426
-1
4
76.367 749.664
78.918 749.664
78.918 751.364
76.367 751.364
-1
4
81.472 750.797
83.172 750.797
83.172 753.348
81.472 753.348
-1
4
95.008 662.781
98.551 662.781
98.551 666.324
95.008 666.324
-1
4
89.973 730.387
96.777 730.387
96.777 741.727
89.973 741.727
-1
4
101.766 740.742
102.332 740.742
102.332 751.364
101.766 751.364
-1
4
31.227 662.781
34.77 662.781
34.77 666.324
31.227 666.324
-1
4
80.832 834.137
84.375 834.137
84.375 837.68
80.832 837.68
-1
4
75.234 768.656
76.934 768.656
76.934 771.207
75.234 771.207
-1
4
113.219 764.402
115.77 764.402
115.77 766.102
113.219 766.102
-1
4
118.32 765.535
120.02 765.535
120.02 768.09
118.32 768.09
-1
4
112.086 768.656
113.786 768.656
113.786 771.207
112.086 771.207
-1
4
116.336 770.64
118.887 770.64
118.887 772.34
116.336 772.34
-1
4
110.668 831.074
111.234 831.074
111.234 835.554
110.668 835.554
-1
4
118.934 775.555
125.918 775.555
125.918 776.121
118.934 776.121
-1
4
31.277 776.5
31.844 776.5
31.844 830.961
31.277 830.961
-1
4
58.203 826.539
58.77 826.539
58.77 850.363
58.203 850.363
-1
4
91.109 772.906
97.91 772.906
97.91 784.246
91.109 784.246
-1
4
92.266 824.272
92.832 824.272
92.832 850.023
92.266 850.023
-1
4
127.961 772.906
134.762 772.906
134.762 784.246
127.961 784.246
