-1
4
-214.606 27348.6
4952.22 27348.6
4952.22 32317.4
-214.606 32317.4
-1
10
270.25 32082.6
1131.06 32082.6
1131.06 31583.1
769.75 31583.1
769.75 28583.1
1019.75 28583.1
1019.75 27583.5
20.25 27583.5
20.25 28583.1
270.25 28583.1
-1
10
3606.56 32082.6
4467.36 32082.6
4467.36 28583.1
4717.36 28583.1
4717.36 27583.5
3717.86 27583.5
3717.86 28583.1
3967.86 28583.1
3967.86 31583.1
3606.56 31583.1
-1
4
1356.56 29047.2
1431.06 29047.2
1431.06 32060.2
1356.56 32060.2
-1
4
1656.56 29047.2
1731.06 29047.2
1731.06 32060.2
1656.56 32060.2
-1
4
3006.56 29047.2
3081.06 29047.2
3081.06 32060.2
3006.56 32060.2
-1
4
3306.56 29047.2
3381.06 29047.2
3381.06 32060.2
3306.56 32060.2
-1
4
1956.56 29047.2
2031.06 29047.2
2031.06 32060.2
1956.56 32060.2
-1
4
2256.56 29047.2
2331.06 29047.2
2331.06 32060.2
2256.56 32060.2
-1
4
2556.56 29047.2
2631.06 29047.2
2631.06 32060.2
2556.56 32060.2
