-1
4
-214.606 27348.6
4952.22 27348.6
4952.22 32317.4
-214.606 32317.4
-1
4
2106.56 29024.8
2181.06 29024.8
2181.06 32082.6
2106.56 32082.6
-1
4
1206.56 29047.2
1281.06 29047.2
1281.06 32060.2
1206.56 32060.2
-1
4
1506.56 29047.2
1581.06 29047.2
1581.06 32060.2
1506.56 32060.2
-1
4
1806.56 29047.2
1881.06 29047.2
1881.06 32060.2
1806.56 32060.2
-1
4
2406.56 29047.2
2481.06 29047.2
2481.06 32060.2
2406.56 32060.2
-1
4
3156.56 29047.2
3231.06 29047.2
3231.06 32060.2
3156.56 32060.2
-1
4
3456.56 29047.2
3531.06 29047.2
3531.06 32060.2
3456.56 32060.2
-1
4
2856.56 29047.2
2931.06 29047.2
2931.06 32060.2
2856.56 32060.2
