-1
4
-214.606 27348.6
4952.22 27348.6
4952.22 32317.4
-214.606 32317.4
-1
4
1356.56 29024.8
1581.06 29024.8
1581.06 29099.3
1356.56 29099.3
-1
4
2256.56 29024.8
2481.06 29024.8
2481.06 29099.3
2256.56 29099.3
-1
4
2706.56 29024.8
2781.06 29024.8
2781.06 32082.6
2706.56 32082.6
-1
4
3156.56 29024.8
3381.06 29024.8
3381.06 29099.3
3156.56 29099.3
-1
4
1506.56 32008.1
1731.06 32008.1
1731.06 32082.6
1506.56 32082.6
-1
4
3006.56 32008.1
3231.06 32008.1
3231.06 32082.6
3006.56 32082.6
-1
4
1956.56 29024.8
2158.71 29024.8
2158.71 29099.3
1956.56 29099.3
-1
4
2128.91 32008.1
2331.06 32008.1
2331.06 32082.6
2128.91 32082.6
-1
4
1056.56 29047.2
1131.06 29047.2
1131.06 31932.7
1056.56 31932.7
-1
4
3606.56 29047.2
3681.06 29047.2
3681.06 31932.7
3606.56 31932.7
