-1
4
1056.56 29024.8
1281.06 29024.8
1281.06 29099.3
1056.56 29099.3
-1
4
1356.56 29024.8
1581.06 29024.8
1581.06 29099.3
1356.56 29099.3
-1
4
1656.56 29024.8
1881.06 29024.8
1881.06 29099.3
1656.56 29099.3
-1
4
2106.56 29024.8
2181.06 29024.8
2181.06 32082.6
2106.56 32082.6
-1
4
2256.56 29024.8
2481.06 29024.8
2481.06 29099.3
2256.56 29099.3
-1
4
2706.56 29024.8
2781.06 29024.8
2781.06 32082.6
2706.56 32082.6
-1
4
2856.56 29024.8
3081.06 29024.8
3081.06 29099.3
2856.56 29099.3
-1
4
3156.56 29024.8
3381.06 29024.8
3381.06 29099.3
3156.56 29099.3
-1
4
3456.56 29024.8
3681.06 29024.8
3681.06 29099.3
3456.56 29099.3
-1
4
1206.56 32008.1
1431.06 32008.1
1431.06 32082.6
1206.56 32082.6
-1
4
1506.56 32008.1
1731.06 32008.1
1731.06 32082.6
1506.56 32082.6
-1
4
1806.56 32008.1
2031.06 32008.1
2031.06 32082.6
1806.56 32082.6
-1
4
2406.56 32008.1
2631.06 32008.1
2631.06 32082.6
2406.56 32082.6
-1
4
3006.56 32008.1
3231.06 32008.1
3231.06 32082.6
3006.56 32082.6
-1
4
3306.56 32008.1
3531.06 32008.1
3531.06 32082.6
3306.56 32082.6
-1
10
270.25 32082.6
1131.06 32082.6
1131.06 31583.1
769.75 31583.1
769.75 28583.1
1019.75 28583.1
1019.75 27583.5
20.25 27583.5
20.25 28583.1
270.25 28583.1
-1
10
3606.56 32082.6
4467.36 32082.6
4467.36 28583.1
4717.36 28583.1
4717.36 27583.5
3717.86 27583.5
3717.86 28583.1
3967.86 28583.1
3967.86 31583.1
3606.56 31583.1
-1
4
1956.56 29024.8
2158.71 29024.8
2158.71 29099.3
1956.56 29099.3
-1
4
2128.91 32008.1
2331.06 32008.1
2331.06 32082.6
2128.91 32082.6
-1
4
2556.56 29024.8
2758.71 29024.8
2758.71 29099.3
2556.56 29099.3
-1
4
2728.91 32008.1
2931.06 32008.1
2931.06 32082.6
2728.91 32082.6
-1
4
1206.56 29047.2
1281.06 29047.2
1281.06 32060.2
1206.56 32060.2
-1
4
1356.56 29047.2
1431.06 29047.2
1431.06 32060.2
1356.56 32060.2
-1
4
1506.56 29047.2
1581.06 29047.2
1581.06 32060.2
1506.56 32060.2
-1
4
1656.56 29047.2
1731.06 29047.2
1731.06 32060.2
1656.56 32060.2
-1
4
1806.56 29047.2
1881.06 29047.2
1881.06 32060.2
1806.56 32060.2
-1
4
2406.56 29047.2
2481.06 29047.2
2481.06 32060.2
2406.56 32060.2
-1
4
3006.56 29047.2
3081.06 29047.2
3081.06 32060.2
3006.56 32060.2
-1
4
3156.56 29047.2
3231.06 29047.2
3231.06 32060.2
3156.56 32060.2
-1
4
3306.56 29047.2
3381.06 29047.2
3381.06 32060.2
3306.56 32060.2
-1
4
3456.56 29047.2
3531.06 29047.2
3531.06 32060.2
3456.56 32060.2
-1
4
1056.56 29047.2
1131.06 29047.2
1131.06 31932.7
1056.56 31932.7
-1
4
3606.56 29047.2
3681.06 29047.2
3681.06 31932.7
3606.56 31932.7
-1
4
1956.56 29047.2
2031.06 29047.2
2031.06 32060.2
1956.56 32060.2
-1
4
2256.56 29047.2
2331.06 29047.2
2331.06 32060.2
2256.56 32060.2
-1
4
2556.56 29047.2
2631.06 29047.2
2631.06 32060.2
2556.56 32060.2
-1
4
2856.56 29047.2
2931.06 29047.2
2931.06 32060.2
2856.56 32060.2
