-1
4
-214.606 27348.6
4952.22 27348.6
4952.22 32317.4
-214.606 32317.4
-1
4
1056.56 29024.8
1281.06 29024.8
1281.06 29099.3
1056.56 29099.3
-1
4
1656.56 29024.8
1881.06 29024.8
1881.06 29099.3
1656.56 29099.3
-1
4
2856.56 29024.8
3081.06 29024.8
3081.06 29099.3
2856.56 29099.3
-1
4
3456.56 29024.8
3681.06 29024.8
3681.06 29099.3
3456.56 29099.3
-1
4
1206.56 32008.1
1431.06 32008.1
1431.06 32082.6
1206.56 32082.6
-1
4
1806.56 32008.1
2031.06 32008.1
2031.06 32082.6
1806.56 32082.6
-1
4
2406.56 32008.1
2631.06 32008.1
2631.06 32082.6
2406.56 32082.6
-1
4
3306.56 32008.1
3531.06 32008.1
3531.06 32082.6
3306.56 32082.6
-1
4
2556.56 29024.8
2758.71 29024.8
2758.71 29099.3
2556.56 29099.3
-1
4
2728.91 32008.1
2931.06 32008.1
2931.06 32082.6
2728.91 32082.6
