-1
4
34.52 46.553
46.567 46.553
46.567 46.638
34.52 46.638
-1
4
31.402 46.27
46.567 46.27
46.567 46.355
31.402 46.355
-1
4
37.638 45.986
46.567 45.986
46.567 46.071
37.638 46.071
-1
4
40.756 45.703
46.567 45.703
46.567 45.788
40.756 45.788
-1
4
10 57.878
35.37 57.878
35.37 59.663
10 59.663
-1
4
34.52 46.511
35.37 46.511
35.37 59.127
34.52 59.127
-1
4
10 50.678
32.252 50.678
32.252 52.463
10 52.463
-1
4
31.402 46.227
32.252 46.227
32.252 51.928
31.402 51.928
-1
4
10 25.477
38.488 25.477
38.488 27.263
10 27.263
-1
4
37.638 26.013
38.488 26.013
38.488 46.114
37.638 46.114
-1
4
10 18.277
41.607 18.277
41.607 20.063
10 20.063
-1
4
40.756 18.813
41.607 18.813
41.607 45.83
40.756 45.83
