1 1 0
2 1 0
3 1 0
4 1 0
5 1 0
6 1 0
7 1 0
8 1 0
9 1 0
10 1 0
11 1 0
12 1 0
13 1 0
14 1 0
15 1 0
16 1 0
17 1 0
18 1 0
19 1 0
20 1 0
21 1 0
22 1 0
23 1 0
24 1 0
25 1 0
26 1 0
27 1 0
28 1 0
29 1 0
30 1 0
31 1 0
32 1 0
33 1 0
34 1 0
35 1 0
36 1 0
37 1 0
38 1 0
39 1 0
40 1 0
41 1 0
42 1 0
43 1 0
44 1 0
45 1 0
46 1 0
47 1 0
48 1 0
49 1 0
50 1 0
51 1 0
52 1 0
53 1 0
54 1 0
55 1 0
56 1 0
57 1 0
58 1 0
59 1 0
60 1 0
61 1 0
62 1 0
63 1 0
64 1 0
65 1 0
66 1 0
67 1 0
68 1 0
69 1 0
70 1 0
71 1 0
72 1 0
73 1 0
74 1 0
75 1 0
76 1 0
77 1 0
78 1 0
79 1 0
80 1 0
81 1 0
82 1 0
83 1 0
84 1 0
85 1 0
86 1 0
87 1 0
88 1 0
89 1 0
90 1 0
91 1 0
92 1 0
93 1 0
94 1 0
95 1 0
96 1 0
1 2 0
2 2 0
3 2 0
4 2 0
5 2 0
6 2 0
7 2 0
8 2 0
9 2 0
10 2 0
11 2 0
12 2 0
13 2 0
14 2 0
15 2 0
16 2 0
17 2 0
18 2 0
19 2 0
20 2 0
21 2 0
22 2 0
23 2 0
24 2 0
25 2 0
26 2 0
27 2 0
28 2 0
29 2 0
30 2 0
31 2 0
32 2 0
33 2 0
34 2 0
35 2 0
36 2 0
37 2 0
38 2 0
39 2 0
40 2 0
41 2 0
42 2 0
43 2 0
44 2 0
45 2 0
46 2 0
47 2 0
48 2 0
49 2 0
50 2 0
51 2 0
52 2 0
53 2 0
54 2 0
55 2 0
56 2 0
57 2 0
58 2 0
59 2 0
60 2 0
61 2 0
62 2 0
63 2 0
64 2 0
65 2 0
66 2 0
67 2 0
68 2 0
69 2 0
70 2 0
71 2 0
72 2 0
73 2 0
74 2 0
75 2 0
76 2 0
77 2 0
78 2 0
79 2 0
80 2 0
81 2 0
82 2 0
83 2 0
84 2 0
85 2 0
86 2 0
87 2 0
88 2 0
89 2 0
90 2 0
91 2 0
92 2 0
93 2 0
94 2 0
95 2 0
96 2 0
1 3 0
2 3 0
3 3 0
4 3 0
5 3 0
6 3 0
7 3 0
8 3 0
9 3 0
10 3 0
11 3 0
12 3 0
13 3 0
14 3 0
15 3 0
16 3 0
17 3 0
18 3 0
19 3 0
20 3 0
21 3 0
22 3 0
23 3 0
24 3 0
25 3 0
26 3 0
27 3 0
28 3 0
29 3 0
30 3 0
31 3 0
32 3 0
33 3 0
34 3 0
35 3 0
36 3 0
37 3 0
38 3 0
39 3 0
40 3 0
41 3 0
42 3 0
43 3 0
44 3 0
45 3 0
46 3 0
47 3 0
48 3 0
49 3 0
50 3 0
51 3 0
52 3 0
53 3 0
54 3 0
55 3 0
56 3 0
57 3 0
58 3 0
59 3 0
60 3 0
61 3 0
62 3 0
63 3 0
64 3 0
65 3 0
66 3 0
67 3 0
68 3 0
69 3 0
70 3 0
71 3 0
72 3 0
73 3 0
74 3 0
75 3 0
76 3 0
77 3 0
78 3 0
79 3 0
80 3 0
81 3 0
82 3 0
83 3 0
84 3 0
85 3 0
86 3 0
87 3 0
88 3 0
89 3 0
90 3 0
91 3 0
92 3 0
93 3 0
94 3 0
95 3 0
96 3 0
1 4 0
2 4 0
3 4 0
4 4 0
5 4 0
6 4 0
7 4 0
8 4 0
9 4 0
10 4 0
11 4 0
12 4 0
13 4 0
14 4 0
15 4 0
16 4 0
17 4 0
18 4 0
19 4 0
20 4 0
21 4 0
22 4 0
23 4 0
24 4 0
25 4 0
26 4 0
27 4 0
28 4 0
29 4 0
30 4 0
31 4 0
32 4 0
33 4 0
34 4 0
35 4 0
36 4 0
37 4 0
38 4 0
39 4 0
40 4 0
41 4 0
42 4 0
43 4 0
44 4 0
45 4 0
46 4 0
47 4 0
48 4 0
49 4 0
50 4 0
51 4 0
52 4 0
53 4 0
54 4 0
55 4 0
56 4 0
57 4 0
58 4 0
59 4 0
60 4 0
61 4 0
62 4 0
63 4 0
64 4 0
65 4 0
66 4 0
67 4 0
68 4 0
69 4 0
70 4 0
71 4 0
72 4 0
73 4 0
74 4 0
75 4 0
76 4 0
77 4 0
78 4 0
79 4 0
80 4 0
81 4 0
82 4 0
83 4 0
84 4 0
85 4 0
86 4 0
87 4 0
88 4 0
89 4 0
90 4 0
91 4 0
92 4 0
93 4 0
94 4 0
95 4 0
96 4 0
1 5 0
2 5 0
3 5 0
4 5 0
5 5 0
6 5 0
7 5 0
8 5 0
9 5 0
10 5 0
11 5 0
12 5 0
13 5 0
14 5 0
15 5 0
16 5 0
17 5 0
18 5 0
19 5 0
20 5 0
21 5 0
22 5 0
23 5 0
24 5 0
25 5 0
26 5 0
27 5 0
28 5 0
29 5 0
30 5 0
31 5 0
32 5 0
33 5 0
34 5 0
35 5 0
36 5 0
37 5 0
38 5 0
39 5 0
40 5 0
41 5 0
42 5 0
43 5 0
44 5 0
45 5 0
46 5 0
47 5 0
48 5 0
49 5 0
50 5 0
51 5 0
52 5 0
53 5 0
54 5 0
55 5 0
56 5 0
57 5 0
58 5 0
59 5 0
60 5 0
61 5 0
62 5 0
63 5 0
64 5 0
65 5 0
66 5 0
67 5 0
68 5 0
69 5 0
70 5 0
71 5 0
72 5 0
73 5 0
74 5 0
75 5 0
76 5 0
77 5 0
78 5 0
79 5 0
80 5 0
81 5 0
82 5 0
83 5 0
84 5 0
85 5 0
86 5 0
87 5 0
88 5 0
89 5 0
90 5 0
91 5 0
92 5 0
93 5 0
94 5 0
95 5 0
96 5 0
1 6 0
2 6 0
3 6 0
4 6 0
5 6 0
6 6 0
7 6 0
8 6 0
9 6 0
10 6 0
11 6 0
12 6 0
13 6 0
14 6 0
15 6 0
16 6 0
17 6 0
18 6 0
19 6 0
20 6 0
21 6 0
22 6 0
23 6 0
24 6 0
25 6 0
26 6 0
27 6 0
28 6 0
29 6 0
30 6 0
31 6 0
32 6 0
33 6 0
34 6 0
35 6 0
36 6 0
37 6 0
38 6 0
39 6 0
40 6 0
41 6 0
42 6 0
43 6 0
44 6 0
45 6 0
46 6 0
47 6 0
48 6 0
49 6 0
50 6 0
51 6 0
52 6 0
53 6 0
54 6 0
55 6 0
56 6 0
57 6 0
58 6 0
59 6 0
60 6 0
61 6 0
62 6 0
63 6 0
64 6 0
65 6 0
66 6 0
67 6 0
68 6 0
69 6 0
70 6 0
71 6 0
72 6 0
73 6 0
74 6 0
75 6 0
76 6 0
77 6 0
78 6 0
79 6 0
80 6 0
81 6 0
82 6 0
83 6 0
84 6 0
85 6 0
86 6 0
87 6 0
88 6 0
89 6 0
90 6 0
91 6 0
92 6 0
93 6 0
94 6 0
95 6 0
96 6 0
1 7 0
2 7 0
3 7 0
4 7 0
5 7 0
6 7 0
7 7 0
8 7 0
9 7 0
10 7 0
11 7 0
12 7 0
13 7 0
14 7 0
15 7 0
16 7 0
17 7 0
18 7 0
19 7 0
20 7 0
21 7 0
22 7 0
23 7 0
24 7 0
25 7 0
26 7 0
27 7 0
28 7 0
29 7 0
30 7 0
31 7 0
32 7 0
33 7 0
34 7 0
35 7 0
36 7 0
37 7 0
38 7 0
39 7 0
40 7 0
41 7 0
42 7 0
43 7 0
44 7 0
45 7 0
46 7 0
47 7 0
48 7 0
49 7 0
50 7 0
51 7 0
52 7 0
53 7 0
54 7 0
55 7 0
56 7 0
57 7 0
58 7 0
59 7 0
60 7 0
61 7 0
62 7 0
63 7 0
64 7 0
65 7 0
66 7 0
67 7 0
68 7 0
69 7 0
70 7 0
71 7 0
72 7 0
73 7 0
74 7 0
75 7 0
76 7 0
77 7 0
78 7 0
79 7 0
80 7 0
81 7 0
82 7 0
83 7 0
84 7 0
85 7 0
86 7 0
87 7 0
88 7 0
89 7 0
90 7 0
91 7 0
92 7 0
93 7 0
94 7 0
95 7 0
96 7 0
1 8 0
2 8 0
3 8 0
4 8 0
5 8 0
6 8 0
7 8 0
8 8 0
9 8 0
10 8 0
11 8 0
12 8 0
13 8 0
14 8 0
15 8 0
16 8 0
17 8 0
18 8 0
19 8 0
20 8 0
21 8 0
22 8 0
23 8 0
24 8 0
25 8 0
26 8 0
27 8 0
28 8 0
29 8 0
30 8 0
31 8 0
32 8 0
33 8 0
34 8 0
35 8 0
36 8 0
37 8 0
38 8 0
39 8 0
40 8 0
41 8 0
42 8 0
43 8 0
44 8 0
45 8 0
46 8 0
47 8 0
48 8 0
49 8 0
50 8 0
51 8 0
52 8 0
53 8 0
54 8 0
55 8 0
56 8 0
57 8 0
58 8 0
59 8 0
60 8 0
61 8 0
62 8 0
63 8 0
64 8 0
65 8 0
66 8 0
67 8 0
68 8 0
69 8 0
70 8 0
71 8 0
72 8 0
73 8 0
74 8 0
75 8 0
76 8 0
77 8 0
78 8 0
79 8 0
80 8 0
81 8 0
82 8 0
83 8 0
84 8 0
85 8 0
86 8 0
87 8 0
88 8 0
89 8 0
90 8 0
91 8 0
92 8 0
93 8 0
94 8 0
95 8 0
96 8 0
1 9 0
2 9 0
3 9 0
4 9 0
5 9 0
6 9 0
7 9 0
8 9 0
9 9 0
10 9 0
11 9 0
12 9 0
13 9 0
14 9 0
15 9 0
16 9 0
17 9 0
18 9 0
19 9 0
20 9 0
21 9 0
22 9 0
23 9 0
24 9 0
25 9 0
26 9 0
27 9 0
28 9 0
29 9 0
30 9 0
31 9 0
32 9 0
33 9 0
34 9 0
35 9 0
36 9 0
37 9 0
38 9 0
39 9 0
40 9 0
41 9 0
42 9 0
43 9 0
44 9 0
45 9 0
46 9 0
47 9 0
48 9 0
49 9 0
50 9 0
51 9 0
52 9 0
53 9 0
54 9 0
55 9 0
56 9 0
57 9 0
58 9 0
59 9 0
60 9 0
61 9 0
62 9 0
63 9 0
64 9 0
65 9 0
66 9 0
67 9 0
68 9 0
69 9 0
70 9 0
71 9 0
72 9 0
73 9 0
74 9 0
75 9 0
76 9 0
77 9 0
78 9 0
79 9 0
80 9 0
81 9 0
82 9 0
83 9 0
84 9 0
85 9 0
86 9 0
87 9 0
88 9 0
89 9 0
90 9 0
91 9 0
92 9 0
93 9 0
94 9 0
95 9 0
96 9 0
1 10 0
2 10 0
3 10 0
4 10 0
5 10 0
6 10 0
7 10 0
8 10 0
9 10 0
10 10 0
11 10 0
12 10 0
13 10 0
14 10 0
15 10 0
16 10 0
17 10 0
18 10 0
19 10 0
20 10 0
21 10 0
22 10 0
23 10 0
24 10 0
25 10 0
26 10 0
27 10 0
28 10 0
29 10 0
30 10 0
31 10 0
32 10 0
33 10 0
34 10 0
35 10 0
36 10 0
37 10 0
38 10 0
39 10 0
40 10 0
41 10 0
42 10 0
43 10 0
44 10 0
45 10 0
46 10 0
47 10 0
48 10 0
49 10 0
50 10 0
51 10 0
52 10 0
53 10 0
54 10 0
55 10 0
56 10 0
57 10 0
58 10 0
59 10 0
60 10 0
61 10 0
62 10 0
63 10 0
64 10 0
65 10 0
66 10 0
67 10 0
68 10 0
69 10 0
70 10 0
71 10 0
72 10 0
73 10 0
74 10 0
75 10 0
76 10 0
77 10 0
78 10 0
79 10 0
80 10 0
81 10 0
82 10 0
83 10 0
84 10 0
85 10 0
86 10 0
87 10 0
88 10 0
89 10 0
90 10 0
91 10 0
92 10 0
93 10 0
94 10 0
95 10 0
96 10 0
1 11 0
2 11 0
3 11 0
4 11 0
5 11 0
6 11 0
7 11 0
8 11 0
9 11 0
10 11 0
11 11 0
12 11 0
13 11 0
14 11 0
15 11 0
16 11 0
17 11 0
18 11 0
19 11 0
20 11 0
21 11 0
22 11 0
23 11 0
24 11 0
25 11 0
26 11 0
27 11 0
28 11 0
29 11 0
30 11 0
31 11 0
32 11 0
33 11 0
34 11 0
35 11 0
36 11 0
37 11 0
38 11 0
39 11 0
40 11 0
41 11 0
42 11 0
43 11 0
44 11 0
45 11 0
46 11 0
47 11 0
48 11 0
49 11 0
50 11 0
51 11 0
52 11 0
53 11 0
54 11 0
55 11 0
56 11 0
57 11 0
58 11 0
59 11 0
60 11 0
61 11 0
62 11 0
63 11 0
64 11 0
65 11 0
66 11 0
67 11 0
68 11 0
69 11 0
70 11 0
71 11 0
72 11 0
73 11 0
74 11 0
75 11 0
76 11 0
77 11 0
78 11 0
79 11 0
80 11 0
81 11 0
82 11 0
83 11 0
84 11 0
85 11 0
86 11 0
87 11 0
88 11 0
89 11 0
90 11 0
91 11 0
92 11 0
93 11 0
94 11 0
95 11 0
96 11 0
1 12 0
2 12 0
3 12 0
4 12 0
5 12 0
6 12 0
7 12 0
8 12 0
9 12 0
10 12 0
11 12 0
12 12 0
13 12 0
14 12 0
15 12 0
16 12 0
17 12 0
18 12 0
19 12 0
20 12 0
21 12 0
22 12 0
23 12 0
24 12 0
25 12 0
26 12 0
27 12 0
28 12 0
29 12 0
30 12 0
31 12 0
32 12 0
33 12 0
34 12 0
35 12 0
36 12 0
37 12 0
38 12 0
39 12 0
40 12 0
41 12 0
42 12 0
43 12 0
44 12 0
45 12 0
46 12 0
47 12 0
48 12 0
49 12 0
50 12 0
51 12 0
52 12 0
53 12 0
54 12 0
55 12 0
56 12 0
57 12 0
58 12 0
59 12 0
60 12 0
61 12 0
62 12 0
63 12 0
64 12 0
65 12 0
66 12 0
67 12 0
68 12 0
69 12 0
70 12 0
71 12 0
72 12 0
73 12 0
74 12 0
75 12 0
76 12 0
77 12 0
78 12 0
79 12 0
80 12 0
81 12 0
82 12 0
83 12 0
84 12 0
85 12 0
86 12 0
87 12 0
88 12 0
89 12 0
90 12 0
91 12 0
92 12 0
93 12 0
94 12 0
95 12 0
96 12 0
1 13 0
2 13 0
3 13 0
4 13 0
5 13 0
6 13 0
7 13 0
8 13 0
9 13 0
10 13 0
11 13 0
12 13 0
13 13 0
14 13 0
15 13 0
16 13 0
17 13 0
18 13 0
19 13 0
20 13 0
21 13 0
22 13 0
23 13 0
24 13 0
25 13 0
26 13 0
27 13 0
28 13 0
29 13 0
30 13 0
31 13 0
32 13 0
33 13 0
34 13 0
35 13 0
36 13 0
37 13 0
38 13 0
39 13 0
40 13 0
41 13 0
42 13 0
43 13 0
44 13 0
45 13 0
46 13 0
47 13 0
48 13 0
49 13 0
50 13 0
51 13 0
52 13 0
53 13 0
54 13 0
55 13 0
56 13 0
57 13 0
58 13 0
59 13 0
60 13 0
61 13 0
62 13 0
63 13 0
64 13 0
65 13 0
66 13 0
67 13 0
68 13 0
69 13 0
70 13 0
71 13 0
72 13 0
73 13 0
74 13 0
75 13 0
76 13 0
77 13 0
78 13 0
79 13 0
80 13 0
81 13 0
82 13 0
83 13 0
84 13 0
85 13 0
86 13 0
87 13 0
88 13 0
89 13 0
90 13 0
91 13 0
92 13 0
93 13 0
94 13 0
95 13 0
96 13 0
1 14 0
2 14 0
3 14 0
4 14 0
5 14 0
6 14 0
7 14 0
8 14 0
9 14 0
10 14 0
11 14 0
12 14 0
13 14 0
14 14 0
15 14 0
16 14 0
17 14 0
18 14 0
19 14 0
20 14 0
21 14 0
22 14 0
23 14 0
24 14 0
25 14 0
26 14 0
27 14 0
28 14 0
29 14 0
30 14 0
31 14 0
32 14 0
33 14 0
34 14 0
35 14 0
36 14 0
37 14 0
38 14 0
39 14 0
40 14 0
41 14 0
42 14 0
43 14 0
44 14 0
45 14 0
46 14 0
47 14 0
48 14 0
49 14 0
50 14 0
51 14 0
52 14 0
53 14 0
54 14 0
55 14 0
56 14 0
57 14 0
58 14 0
59 14 0
60 14 0
61 14 0
62 14 0
63 14 0
64 14 0
65 14 0
66 14 0
67 14 0
68 14 0
69 14 0
70 14 0
71 14 0
72 14 0
73 14 0
74 14 0
75 14 0
76 14 0
77 14 0
78 14 0
79 14 0
80 14 0
81 14 0
82 14 0
83 14 0
84 14 0
85 14 0
86 14 0
87 14 0
88 14 0
89 14 0
90 14 0
91 14 0
92 14 0
93 14 0
94 14 0
95 14 0
96 14 0
1 15 0
2 15 0
3 15 0
4 15 0
5 15 0
6 15 0
7 15 0
8 15 0
9 15 0
10 15 0
11 15 0
12 15 0
13 15 0
14 15 0
15 15 0
16 15 0
17 15 0
18 15 0
19 15 0
20 15 0
21 15 0
22 15 0
23 15 0
24 15 0
25 15 0
26 15 0
27 15 0
28 15 0
29 15 0
30 15 0
31 15 0
32 15 0
33 15 0
34 15 0
35 15 0
36 15 0
37 15 0
38 15 0
39 15 0
40 15 0
41 15 0
42 15 0
43 15 0
44 15 0
45 15 0
46 15 0
47 15 0
48 15 0
49 15 0
50 15 0
51 15 0
52 15 0
53 15 0
54 15 0
55 15 0
56 15 0
57 15 0
58 15 0
59 15 0
60 15 0
61 15 0
62 15 0
63 15 0
64 15 0
65 15 0
66 15 0
67 15 0
68 15 0
69 15 0
70 15 0
71 15 0
72 15 0
73 15 0
74 15 0
75 15 0
76 15 0
77 15 0
78 15 0
79 15 0
80 15 0
81 15 0
82 15 0
83 15 0
84 15 0
85 15 0
86 15 0
87 15 0
88 15 0
89 15 0
90 15 0
91 15 0
92 15 0
93 15 0
94 15 0
95 15 0
96 15 0
1 16 0
2 16 0
3 16 0
4 16 0
5 16 0
6 16 0
7 16 0
8 16 0
9 16 0
10 16 0
11 16 0
12 16 0
13 16 0
14 16 0
15 16 0
16 16 0
17 16 0
18 16 0
19 16 0
20 16 0
21 16 0
22 16 0
23 16 0
24 16 0
25 16 0
26 16 0
27 16 0
28 16 0
29 16 0
30 16 0
31 16 0
32 16 0
33 16 0
34 16 0
35 16 0
36 16 0
37 16 0
38 16 0
39 16 0
40 16 0
41 16 0
42 16 0
43 16 0
44 16 0
45 16 0
46 16 0
47 16 0
48 16 0
49 16 0
50 16 0
51 16 0
52 16 0
53 16 0
54 16 0
55 16 0
56 16 0
57 16 0
58 16 0
59 16 0
60 16 0
61 16 0
62 16 0
63 16 0
64 16 0
65 16 0
66 16 0
67 16 0
68 16 0
69 16 0
70 16 0
71 16 0
72 16 0
73 16 0
74 16 0
75 16 0
76 16 0
77 16 0
78 16 0
79 16 0
80 16 0
81 16 0
82 16 0
83 16 0
84 16 0
85 16 0
86 16 0
87 16 0
88 16 0
89 16 0
90 16 0
91 16 0
92 16 0
93 16 0
94 16 0
95 16 0
96 16 0
1 17 0
2 17 0
3 17 0
4 17 0
5 17 0
6 17 0
7 17 0
8 17 0
9 17 0
10 17 0
11 17 0
12 17 0
13 17 0
14 17 0
15 17 0
16 17 0
17 17 0
18 17 0
19 17 0
20 17 0
21 17 0
22 17 0
23 17 0
24 17 0
25 17 0
26 17 0
27 17 0
28 17 0
29 17 0
30 17 0
31 17 0
32 17 0
33 17 0
34 17 0
35 17 0
36 17 0
37 17 0
38 17 0
39 17 0
40 17 0
41 17 0
42 17 0
43 17 0
44 17 0
45 17 0
46 17 0
47 17 0
48 17 0
49 17 0
50 17 0
51 17 0
52 17 0
53 17 0
54 17 0
55 17 0
56 17 0
57 17 0
58 17 0
59 17 0
60 17 0
61 17 0
62 17 0
63 17 0
64 17 0
65 17 0
66 17 0
67 17 0
68 17 0
69 17 0
70 17 0
71 17 0
72 17 0
73 17 0
74 17 0
75 17 0
76 17 0
77 17 0
78 17 0
79 17 0
80 17 0
81 17 0
82 17 0
83 17 0
84 17 0
85 17 0
86 17 0
87 17 0
88 17 0
89 17 0
90 17 0
91 17 0
92 17 0
93 17 0
94 17 0
95 17 0
96 17 0
1 18 0
2 18 0
3 18 0
4 18 0
5 18 0
6 18 0
7 18 0
8 18 0
9 18 0
10 18 0
11 18 0
12 18 0
13 18 0
14 18 0
15 18 0
16 18 0
17 18 0
18 18 0
19 18 0
20 18 0
21 18 0
22 18 0
23 18 0
24 18 0
25 18 0
26 18 0
27 18 0
28 18 0
29 18 0
30 18 0
31 18 0
32 18 0
33 18 0
34 18 0
35 18 0
36 18 0
37 18 0
38 18 0
39 18 0
40 18 0
41 18 0
42 18 0
43 18 0
44 18 0
45 18 0
46 18 0
47 18 0
48 18 0
49 18 0
50 18 0
51 18 0
52 18 0
53 18 0
54 18 0
55 18 0
56 18 0
57 18 0
58 18 0
59 18 0
60 18 0
61 18 0
62 18 0
63 18 0
64 18 0
65 18 0
66 18 0
67 18 0
68 18 0
69 18 0
70 18 0
71 18 0
72 18 0
73 18 0
74 18 0
75 18 0
76 18 0
77 18 0
78 18 0
79 18 0
80 18 0
81 18 0
82 18 0
83 18 0
84 18 0
85 18 0
86 18 0
87 18 0
88 18 0
89 18 0
90 18 0
91 18 0
92 18 0
93 18 0
94 18 0
95 18 0
96 18 0
1 19 0
2 19 0
3 19 0
4 19 0
5 19 0
6 19 0
7 19 0
8 19 0
9 19 0
10 19 0
11 19 0
12 19 0
13 19 0
14 19 0
15 19 0
16 19 0
17 19 0
18 19 0
19 19 0
20 19 0
21 19 0
22 19 0
23 19 0
24 19 0
25 19 0
26 19 0
27 19 0
28 19 0
29 19 0
30 19 0
31 19 0
32 19 0
33 19 0
34 19 0
35 19 0
36 19 0
37 19 0
38 19 0
39 19 0
40 19 0
41 19 0
42 19 0
43 19 0
44 19 0
45 19 0
46 19 0
47 19 0
48 19 0
49 19 0
50 19 0
51 19 0
52 19 0
53 19 0
54 19 0
55 19 0
56 19 0
57 19 0
58 19 0
59 19 0
60 19 0
61 19 0
62 19 0
63 19 0
64 19 0
65 19 0
66 19 0
67 19 0
68 19 0
69 19 0
70 19 0
71 19 0
72 19 0
73 19 0
74 19 0
75 19 0
76 19 0
77 19 0
78 19 0
79 19 0
80 19 0
81 19 0
82 19 0
83 19 0
84 19 0
85 19 0
86 19 0
87 19 0
88 19 0
89 19 0
90 19 0
91 19 0
92 19 0
93 19 0
94 19 0
95 19 0
96 19 0
1 20 0
2 20 0
3 20 0
4 20 0
5 20 0
6 20 0
7 20 0
8 20 0
9 20 0
10 20 0
11 20 0
12 20 0
13 20 0
14 20 0
15 20 0
16 20 0
17 20 0
18 20 0
19 20 0
20 20 0
21 20 0
22 20 0
23 20 0
24 20 0
25 20 0
26 20 0
27 20 0
28 20 0
29 20 0
30 20 0
31 20 0
32 20 0
33 20 0
34 20 0
35 20 0
36 20 0
37 20 0
38 20 0
39 20 0
40 20 0
41 20 0
42 20 0
43 20 0
44 20 0
45 20 0
46 20 0
47 20 0
48 20 0
49 20 0
50 20 0
51 20 0
52 20 0
53 20 0
54 20 0
55 20 0
56 20 0
57 20 0
58 20 0
59 20 0
60 20 0
61 20 0
62 20 0
63 20 0
64 20 0
65 20 0
66 20 0
67 20 0
68 20 0
69 20 0
70 20 0
71 20 0
72 20 0
73 20 0
74 20 0
75 20 0
76 20 0
77 20 0
78 20 0
79 20 0
80 20 0
81 20 0
82 20 0
83 20 0
84 20 0
85 20 0
86 20 0
87 20 0
88 20 0
89 20 0
90 20 0
91 20 0
92 20 0
93 20 0
94 20 0
95 20 0
96 20 0
1 21 0
2 21 0
3 21 0
4 21 0
5 21 0
6 21 0
7 21 0
8 21 0
9 21 0
10 21 0
11 21 0
12 21 0
13 21 0
14 21 0
15 21 0
16 21 0
17 21 0
18 21 0
19 21 0
20 21 0
21 21 0
22 21 0
23 21 0
24 21 0
25 21 0
26 21 0
27 21 0
28 21 0
29 21 0
30 21 0
31 21 0
32 21 0
33 21 0
34 21 0
35 21 0
36 21 0
37 21 0
38 21 0
39 21 0
40 21 0
41 21 0
42 21 0
43 21 0
44 21 0
45 21 0
46 21 0
47 21 0
48 21 0
49 21 0
50 21 0
51 21 0
52 21 0
53 21 0
54 21 0
55 21 0
56 21 0
57 21 0
58 21 0
59 21 0
60 21 0
61 21 0
62 21 0
63 21 0
64 21 0
65 21 0
66 21 0
67 21 0
68 21 0
69 21 0
70 21 0
71 21 0
72 21 0
73 21 0
74 21 0
75 21 0
76 21 0
77 21 0
78 21 0
79 21 0
80 21 0
81 21 0
82 21 0
83 21 0
84 21 0
85 21 0
86 21 0
87 21 0
88 21 0
89 21 0
90 21 0
91 21 0
92 21 0
93 21 0
94 21 0
95 21 0
96 21 0
1 22 0
2 22 0
3 22 0
4 22 0
5 22 0
6 22 0
7 22 0
8 22 0
9 22 0
10 22 0
11 22 0
12 22 0
13 22 0
14 22 0
15 22 0
16 22 0
17 22 0
18 22 0
19 22 0
20 22 0
21 22 0
22 22 0
23 22 0
24 22 0
25 22 0
26 22 0
27 22 0
28 22 0
29 22 0
30 22 0
31 22 0
32 22 0
33 22 0
34 22 0
35 22 0
36 22 0
37 22 0
38 22 0
39 22 0
40 22 0
41 22 0
42 22 0
43 22 0
44 22 0
45 22 0
46 22 0
47 22 0
48 22 0
49 22 0
50 22 0
51 22 0
52 22 0
53 22 0
54 22 0
55 22 0
56 22 0
57 22 0
58 22 0
59 22 0
60 22 0
61 22 0
62 22 0
63 22 0
64 22 0
65 22 0
66 22 0
67 22 0
68 22 0
69 22 0
70 22 0
71 22 0
72 22 0
73 22 0
74 22 0
75 22 0
76 22 0
77 22 0
78 22 0
79 22 0
80 22 0
81 22 0
82 22 0
83 22 0
84 22 0
85 22 0
86 22 0
87 22 0
88 22 0
89 22 0
90 22 0
91 22 0
92 22 0
93 22 0
94 22 0
95 22 0
96 22 0
1 23 0
2 23 0
3 23 0
4 23 0
5 23 0
6 23 0
7 23 0
8 23 0
9 23 0
10 23 0
11 23 0
12 23 0
13 23 0
14 23 0
15 23 0
16 23 0
17 23 0
18 23 0
19 23 0
20 23 0
21 23 0
22 23 0
23 23 0
24 23 0
25 23 0
26 23 0
27 23 0
28 23 0
29 23 0
30 23 0
31 23 0
32 23 0
33 23 0
34 23 0
35 23 0
36 23 0
37 23 0
38 23 0
39 23 0
40 23 0
41 23 0
42 23 0
43 23 0
44 23 0
45 23 0
46 23 0
47 23 0
48 23 0
49 23 0
50 23 0
51 23 0
52 23 0
53 23 0
54 23 0
55 23 0
56 23 0
57 23 0
58 23 0
59 23 0
60 23 0
61 23 0
62 23 0
63 23 0
64 23 0
65 23 0
66 23 0
67 23 0
68 23 0
69 23 0
70 23 0
71 23 0
72 23 0
73 23 0
74 23 0
75 23 0
76 23 0
77 23 0
78 23 0
79 23 0
80 23 0
81 23 0
82 23 0
83 23 0
84 23 0
85 23 0
86 23 0
87 23 0
88 23 0
89 23 0
90 23 0
91 23 0
92 23 0
93 23 0
94 23 0
95 23 0
96 23 0
1 24 0
2 24 0
3 24 0
4 24 0
5 24 0
6 24 0
7 24 0
8 24 0
9 24 0
10 24 0
11 24 0
12 24 0
13 24 0
14 24 0
15 24 0
16 24 0
17 24 0
18 24 0
19 24 0
20 24 0
21 24 0
22 24 0
23 24 0
24 24 0
25 24 0
26 24 0
27 24 0
28 24 0
29 24 0
30 24 0
31 24 0
32 24 0
33 24 0
34 24 0
35 24 0
36 24 0
37 24 0
38 24 0
39 24 0
40 24 0
41 24 0
42 24 0
43 24 0
44 24 0
45 24 0
46 24 0
47 24 0
48 24 0
49 24 0
50 24 0
51 24 0
52 24 0
53 24 0
54 24 0
55 24 0
56 24 0
57 24 0
58 24 0
59 24 0
60 24 0
61 24 0
62 24 0
63 24 0
64 24 0
65 24 0
66 24 0
67 24 0
68 24 0
69 24 0
70 24 0
71 24 0
72 24 0
73 24 0
74 24 0
75 24 0
76 24 0
77 24 0
78 24 0
79 24 0
80 24 0
81 24 0
82 24 0
83 24 0
84 24 0
85 24 0
86 24 0
87 24 0
88 24 0
89 24 0
90 24 0
91 24 0
92 24 0
93 24 0
94 24 0
95 24 0
96 24 0
1 25 0
2 25 0
3 25 0
4 25 0
5 25 0
6 25 0
7 25 0
8 25 0
9 25 0
10 25 0
11 25 0
12 25 0
13 25 0
14 25 0
15 25 0
16 25 0
17 25 0
18 25 0
19 25 0
20 25 0
21 25 0
22 25 0
23 25 0
24 25 0
25 25 0
26 25 0
27 25 0
28 25 0
29 25 0
30 25 0
31 25 0
32 25 0
33 25 0
34 25 0
35 25 0
36 25 0
37 25 0
38 25 0
39 25 0
40 25 0
41 25 0
42 25 0
43 25 0
44 25 0
45 25 0
46 25 0
47 25 0
48 25 0
49 25 0
50 25 0
51 25 0
52 25 0
53 25 0
54 25 0
55 25 0
56 25 0
57 25 0
58 25 0
59 25 0
60 25 0
61 25 0
62 25 0
63 25 0
64 25 0
65 25 0
66 25 0
67 25 0
68 25 0
69 25 0
70 25 0
71 25 0
72 25 0
73 25 0
74 25 0
75 25 0
76 25 0
77 25 0
78 25 0
79 25 0
80 25 0
81 25 0
82 25 0
83 25 0
84 25 0
85 25 0
86 25 0
87 25 0
88 25 0
89 25 0
90 25 0
91 25 0
92 25 0
93 25 0
94 25 0
95 25 0
96 25 0
1 26 0
2 26 0
3 26 0
4 26 0
5 26 0
6 26 0
7 26 0
8 26 0
9 26 0
10 26 0
11 26 0
12 26 0
13 26 0
14 26 0
15 26 0
16 26 0
17 26 0
18 26 0
19 26 0
20 26 0
21 26 0
22 26 0
23 26 0
24 26 0
25 26 0
26 26 0
27 26 0
28 26 0
29 26 0
30 26 0
31 26 0
32 26 0
33 26 0
34 26 0
35 26 0
36 26 0
37 26 0
38 26 0
39 26 0
40 26 0
41 26 0
42 26 0
43 26 0
44 26 0
45 26 0
46 26 0
47 26 0
48 26 0
49 26 0
50 26 0
51 26 0
52 26 0
53 26 0
54 26 0
55 26 0
56 26 0
57 26 0
58 26 0
59 26 0
60 26 0
61 26 0
62 26 0
63 26 0
64 26 0
65 26 0
66 26 0
67 26 0
68 26 0
69 26 0
70 26 0
71 26 0
72 26 0
73 26 0
74 26 0
75 26 0
76 26 0
77 26 0
78 26 0
79 26 0
80 26 0
81 26 0
82 26 0
83 26 0
84 26 0
85 26 0
86 26 0
87 26 0
88 26 0
89 26 0
90 26 0
91 26 0
92 26 0
93 26 0
94 26 0
95 26 0
96 26 0
1 27 0
2 27 0
3 27 0
4 27 0
5 27 0
6 27 0
7 27 0
8 27 0
9 27 0
10 27 0
11 27 0
12 27 0
13 27 0
14 27 0
15 27 0
16 27 0
17 27 0
18 27 0
19 27 0
20 27 0
21 27 0
22 27 0
23 27 0
24 27 0
25 27 0
26 27 0
27 27 0
28 27 0
29 27 0
30 27 0
31 27 0
32 27 0
33 27 0
34 27 0
35 27 0
36 27 0
37 27 0
38 27 0
39 27 0
40 27 0
41 27 0
42 27 0
43 27 0
44 27 0
45 27 0
46 27 0
47 27 0
48 27 0
49 27 0
50 27 0
51 27 0
52 27 0
53 27 0
54 27 0
55 27 0
56 27 0
57 27 0
58 27 0
59 27 0
60 27 0
61 27 0
62 27 0
63 27 0
64 27 0
65 27 0
66 27 0
67 27 0
68 27 0
69 27 0
70 27 0
71 27 0
72 27 0
73 27 0
74 27 0
75 27 0
76 27 0
77 27 0
78 27 0
79 27 0
80 27 0
81 27 0
82 27 0
83 27 0
84 27 0
85 27 0
86 27 0
87 27 0
88 27 0
89 27 0
90 27 0
91 27 0
92 27 0
93 27 0
94 27 0
95 27 0
96 27 0
1 28 0
2 28 0
3 28 0
4 28 0
5 28 0
6 28 0
7 28 0
8 28 0
9 28 0
10 28 0
11 28 0
12 28 0
13 28 0
14 28 0
15 28 0
16 28 0
17 28 0
18 28 0
19 28 0
20 28 0
21 28 0
22 28 0
23 28 0
24 28 0
25 28 0
26 28 0
27 28 0
28 28 0
29 28 0
30 28 0
31 28 0
32 28 0
33 28 0
34 28 0
35 28 0
36 28 0
37 28 0
38 28 0
39 28 0
40 28 0
41 28 0
42 28 0
43 28 0
44 28 0
45 28 0
46 28 0
47 28 0
48 28 0
49 28 0
50 28 0
51 28 0
52 28 0
53 28 0
54 28 0
55 28 0
56 28 0
57 28 0
58 28 0
59 28 0
60 28 0
61 28 0
62 28 0
63 28 0
64 28 0
65 28 0
66 28 0
67 28 0
68 28 0
69 28 0
70 28 0
71 28 0
72 28 0
73 28 0
74 28 0
75 28 0
76 28 0
77 28 0
78 28 0
79 28 0
80 28 0
81 28 0
82 28 0
83 28 0
84 28 0
85 28 0
86 28 0
87 28 0
88 28 0
89 28 0
90 28 0
91 28 0
92 28 0
93 28 0
94 28 0
95 28 0
96 28 0
1 29 0
2 29 0
3 29 0
4 29 0
5 29 0
6 29 0
7 29 0
8 29 0
9 29 0
10 29 0
11 29 0
12 29 0
13 29 0
14 29 0
15 29 0
16 29 0
17 29 0
18 29 0
19 29 0
20 29 0
21 29 0
22 29 0
23 29 0
24 29 0
25 29 0
26 29 0
27 29 0
28 29 0
29 29 0
30 29 0
31 29 0
32 29 0
33 29 0
34 29 0
35 29 0
36 29 0
37 29 0
38 29 0
39 29 0
40 29 0
41 29 0
42 29 0
43 29 0
44 29 0
45 29 0
46 29 0
47 29 0
48 29 0
49 29 0
50 29 0
51 29 0
52 29 0
53 29 0
54 29 0
55 29 0
56 29 0
57 29 0
58 29 0
59 29 0
60 29 0
61 29 0
62 29 0
63 29 0
64 29 0
65 29 0
66 29 0
67 29 0
68 29 0
69 29 0
70 29 0
71 29 0
72 29 0
73 29 0
74 29 0
75 29 0
76 29 0
77 29 0
78 29 0
79 29 0
80 29 0
81 29 0
82 29 0
83 29 0
84 29 0
85 29 0
86 29 0
87 29 0
88 29 0
89 29 0
90 29 0
91 29 0
92 29 0
93 29 0
94 29 0
95 29 0
96 29 0
1 30 0
2 30 0
3 30 0
4 30 0
5 30 0
6 30 0
7 30 0
8 30 0
9 30 0
10 30 0
11 30 0
12 30 0
13 30 0
14 30 0
15 30 0
16 30 0
17 30 0
18 30 0
19 30 0
20 30 0
21 30 0
22 30 1.12822e-05
23 30 3.48606e-05
24 30 5.8439e-05
25 30 8.20174e-05
26 30 0.000105596
27 30 0.000129174
28 30 0.000152753
29 30 0.000176331
30 30 0.000199909
31 30 0.000243044
32 30 0.000290201
33 30 0.000337357
34 30 0.000384514
35 30 0.000420389
36 30 0.000443967
37 30 0.000467546
38 30 0.000491124
39 30 0.000514702
40 30 0.000538281
41 30 0.000561859
42 30 0.000585438
43 30 0.000609016
44 30 0.000613038
45 30 0.000613038
46 30 0.000571114
47 30 0.000523957
48 30 0.0004768
49 30 0.000429644
50 30 0.000382487
51 30 0.00033533
52 30 0.000288173
53 30 0.000241016
54 30 0.00019386
55 30 0.000146703
56 30 9.9546e-05
57 30 5.23892e-05
58 30 5.2324e-06
59 30 0
60 30 0
61 30 0
62 30 0
63 30 0
64 30 0
65 30 0
66 30 0
67 30 0
68 30 0
69 30 0
70 30 0
71 30 0
72 30 0
73 30 0
74 30 0
75 30 0
76 30 0
77 30 0
78 30 0
79 30 0
80 30 0
81 30 0
82 30 0
83 30 0
84 30 0
85 30 0
86 30 0
87 30 0
88 30 0
89 30 0
90 30 0
91 30 0
92 30 0
93 30 0
94 30 0
95 30 0
96 30 0
1 31 0
2 31 0
3 31 0
4 31 0
5 31 0
6 31 0
7 31 0
8 31 0
9 31 0
10 31 0
11 31 0
12 31 0
13 31 0
14 31 0
15 31 0
16 31 0
17 31 0
18 31 0
19 31 0
20 31 1.12822e-05
21 31 3.48606e-05
22 31 7.53623e-05
23 31 0.000134308
24 31 0.000193254
25 31 0.0002522
26 31 0.000311146
27 31 0.000370092
28 31 0.000448594
29 31 0.000531119
30 31 0.000613643
31 31 0.000705945
32 31 0.000800259
33 31 0.000894573
34 31 0.000988886
35 31 0.00106628
36 31 0.00112522
37 31 0.00117289
38 31 0.00120825
39 31 0.00124362
40 31 0.00127899
41 31 0.00131436
42 31 0.00134972
43 31 0.00136413
44 31 0.00134518
45 31 0.0013216
46 31 0.0012561
47 31 0.00116581
48 31 0.00107149
49 31 0.000977179
50 31 0.000882866
51 31 0.000788552
52 31 0.000694238
53 31 0.000599925
54 31 0.000505611
55 31 0.000411298
56 31 0.000316984
57 31 0.00022267
58 31 0.000128357
59 31 7.59676e-05
60 31 2.88108e-05
61 31 2.6162e-06
62 31 0
63 31 0
64 31 0
65 31 0
66 31 0
67 31 0
68 31 0
69 31 0
70 31 0
71 31 0
72 31 0
73 31 0
74 31 0
75 31 0
76 31 0
77 31 0
78 31 0
79 31 0
80 31 0
81 31 0
82 31 0
83 31 0
84 31 0
85 31 0
86 31 0
87 31 0
88 31 0
89 31 0
90 31 0
91 31 0
92 31 0
93 31 0
94 31 0
95 31 0
96 31 0
1 32 0
2 32 0
3 32 0
4 32 0
5 32 0
6 32 0
7 32 0
8 32 0
9 32 0
10 32 0
11 32 0
12 32 0
13 32 0
14 32 0
15 32 0
16 32 0
17 32 0
18 32 1.12822e-05
19 32 3.48606e-05
20 32 7.53623e-05
21 32 0.000134308
22 32 0.000181972
23 32 0.00021734
24 32 0.000252707
25 32 0.000288075
26 32 0.000342998
27 32 0.000401945
28 32 0.00046089
29 32 0.000529615
30 32 0.00060035
31 32 0.000661307
32 32 0.000720253
33 32 0.000779199
34 32 0.000838145
35 32 0.000908373
36 32 0.000990897
37 32 0.0010565
38 32 0.00110366
39 32 0.00113953
40 32 0.00116311
41 32 0.00116572
42 32 0.00114476
43 32 0.00112118
44 32 0.00106546
45 32 0.00100651
46 32 0.000969232
47 32 0.000933865
48 32 0.000898497
49 32 0.000843574
50 32 0.000784628
51 32 0.000725682
52 32 0.000666736
53 32 0.00060779
54 32 0.000548844
55 32 0.000489898
56 32 0.000430952
57 32 0.000372006
58 32 0.00031306
59 32 0.00022267
60 32 0.000128357
61 32 7.59676e-05
62 32 2.88108e-05
63 32 2.6162e-06
64 32 0
65 32 0
66 32 0
67 32 0
68 32 0
69 32 0
70 32 0
71 32 0
72 32 0
73 32 0
74 32 0
75 32 0
76 32 0
77 32 0
78 32 0
79 32 0
80 32 0
81 32 0
82 32 0
83 32 0
84 32 0
85 32 0
86 32 0
87 32 0
88 32 0
89 32 0
90 32 0
91 32 0
92 32 0
93 32 0
94 32 0
95 32 0
96 32 0
1 33 0
2 33 0
3 33 0
4 33 0
5 33 0
6 33 0
7 33 0
8 33 0
9 33 0
10 33 0
11 33 0
12 33 0
13 33 0
14 33 0
15 33 0
16 33 1.12822e-05
17 33 3.48606e-05
18 33 7.53623e-05
19 33 0.000134308
20 33 0.000181972
21 33 0.00021734
22 33 0.000252707
23 33 0.000310639
24 33 0.000393164
25 33 0.000495244
26 33 0.000601347
27 33 0.000717228
28 33 0.00083512
29 33 0.000943234
30 33 0.00104934
31 33 0.00122389
32 33 0.00141251
33 33 0.00160114
34 33 0.0017672
35 33 0.00190867
36 33 0.00205014
37 33 0.0022029
38 33 0.00236794
39 33 0.00251607
40 33 0.00260383
41 33 0.00267507
42 33 0.00269209
43 33 0.00270388
44 33 0.00267867
45 33 0.0026433
46 33 0.00254434
47 33 0.00239631
48 33 0.00223328
49 33 0.00206823
50 33 0.00188362
51 33 0.001695
52 33 0.00150637
53 33 0.00131774
54 33 0.00112911
55 33 0.000940487
56 33 0.00075186
57 33 0.000563233
58 33 0.00041653
59 33 0.000348427
60 33 0.000289481
61 33 0.000199092
62 33 0.000104778
63 33 5.23892e-05
64 33 5.2324e-06
65 33 0
66 33 0
67 33 0
68 33 0
69 33 0
70 33 0
71 33 0
72 33 0
73 33 0
74 33 0
75 33 0
76 33 0
77 33 0
78 33 0
79 33 0
80 33 0
81 33 0
82 33 0
83 33 0
84 33 0
85 33 0
86 33 0
87 33 0
88 33 0
89 33 0
90 33 0
91 33 0
92 33 0
93 33 0
94 33 0
95 33 0
96 33 0
1 34 0
2 34 0
3 34 0
4 34 0
5 34 0
6 34 0
7 34 0
8 34 0
9 34 0
10 34 0
11 34 0
12 34 0
13 34 0
14 34 0
15 34 1.12822e-05
16 34 3.48606e-05
17 34 7.53623e-05
18 34 0.000123026
19 34 0.000158394
20 34 0.000216326
21 34 0.00029885
22 34 0.000381374
23 34 0.000542874
24 34 0.000810003
25 34 0.00109093
26 34 0.00137387
27 34 0.00164704
28 34 0.00191819
29 34 0.00225779
30 34 0.00261146
31 34 0.00296514
32 34 0.00338726
33 34 0.00382346
34 34 0.00418069
35 34 0.00445184
36 34 0.00472299
37 34 0.00497158
38 34 0.00519557
39 34 0.00538892
40 34 0.00556194
41 34 0.00568375
42 34 0.0058218
43 34 0.00588304
44 34 0.0058149
45 34 0.00573238
46 34 0.00558141
47 34 0.00519626
48 34 0.00479341
49 34 0.00439258
50 34 0.00398197
51 34 0.00354979
52 34 0.00311359
53 34 0.00267739
54 34 0.00224119
55 34 0.00180499
56 34 0.00136879
57 34 0.00093259
58 34 0.000716492
59 34 0.000527865
60 34 0.000339238
61 34 0.000265903
62 34 0.000206957
63 34 0.000116568
64 34 5.36973e-05
65 34 5.2324e-06
66 34 0
67 34 0
68 34 0
69 34 0
70 34 0
71 34 0
72 34 0
73 34 0
74 34 0
75 34 0
76 34 0
77 34 0
78 34 0
79 34 0
80 34 0
81 34 0
82 34 0
83 34 0
84 34 0
85 34 0
86 34 0
87 34 0
88 34 0
89 34 0
90 34 0
91 34 0
92 34 0
93 34 0
94 34 0
95 34 0
96 34 0
1 35 0
2 35 0
3 35 0
4 35 0
5 35 0
6 35 0
7 35 0
8 35 0
9 35 0
10 35 0
11 35 0
12 35 0
13 35 0
14 35 1.12822e-05
15 35 5.17839e-05
16 35 0.00011073
17 35 0.000158394
18 35 0.000193761
19 35 0.000251693
20 35 0.000334218
21 35 0.000495718
22 35 0.000762847
23 35 0.00105092
24 35 0.00136722
25 35 0.00168553
26 35 0.00199406
27 35 0.00236902
28 35 0.00275807
29 35 0.00321556
30 35 0.00368712
31 35 0.00415869
32 35 0.00459115
33 35 0.00501556
34 35 0.00542305
35 35 0.00581209
36 35 0.00612216
37 35 0.00632519
38 35 0.00648208
39 35 0.00656984
40 35 0.00666364
41 35 0.00680119
42 35 0.00685237
43 35 0.00686185
44 35 0.00678849
45 35 0.00655923
46 35 0.00624321
47 35 0.00592359
48 35 0.00553684
49 35 0.00514578
50 35 0.00475674
51 35 0.00435792
52 35 0.00395708
53 35 0.00353669
54 35 0.00311228
55 35 0.00268787
56 35 0.00226346
57 35 0.00183905
58 35 0.00140416
59 35 0.000967957
60 35 0.000678492
61 35 0.000480708
62 35 0.000334006
63 35 0.000265903
64 35 0.000175514
65 35 8.12e-05
66 35 2.88108e-05
67 35 2.6162e-06
68 35 0
69 35 0
70 35 0
71 35 0
72 35 0
73 35 0
74 35 0
75 35 0
76 35 0
77 35 0
78 35 0
79 35 0
80 35 0
81 35 0
82 35 0
83 35 0
84 35 0
85 35 0
86 35 0
87 35 0
88 35 0
89 35 0
90 35 0
91 35 0
92 35 0
93 35 0
94 35 0
95 35 0
96 35 0
1 36 0
2 36 0
3 36 0
4 36 0
5 36 0
6 36 0
7 36 0
8 36 0
9 36 0
10 36 0
11 36 0
12 36 0
13 36 1.12822e-05
14 36 5.17839e-05
15 36 0.00011073
16 36 0.000158394
17 36 0.000216326
18 36 0.00029885
19 36 0.00046035
20 36 0.000707923
21 36 0.000991976
22 36 0.00129849
23 36 0.00171069
24 36 0.00221964
25 36 0.00272657
26 36 0.00330195
27 36 0.00389141
28 36 0.00454932
29 36 0.00522131
30 36 0.00585418
31 36 0.00647901
32 36 0.0072505
33 36 0.00805217
34 36 0.00875794
35 36 0.00935918
36 36 0.00992255
37 36 0.0104439
38 36 0.0108417
39 36 0.0111587
40 36 0.0114754
41 36 0.0116661
42 36 0.0118548
43 36 0.0116597
44 36 0.0113773
45 36 0.0111321
46 36 0.0108963
47 36 0.0102567
48 36 0.00956116
49 36 0.00879715
50 36 0.00801906
51 36 0.00725075
52 36 0.00647467
53 36 0.00569659
54 36 0.00489894
55 36 0.00409728
56 36 0.00329561
57 36 0.00249395
58 36 0.00202768
59 36 0.00160327
60 36 0.00116837
61 36 0.000732173
62 36 0.000516076
63 36 0.000327449
64 36 0.000254114
65 36 0.000174206
66 36 8.12e-05
67 36 2.88108e-05
68 36 2.6162e-06
69 36 0
70 36 0
71 36 0
72 36 0
73 36 0
74 36 0
75 36 0
76 36 0
77 36 0
78 36 0
79 36 0
80 36 0
81 36 0
82 36 0
83 36 0
84 36 0
85 36 0
86 36 0
87 36 0
88 36 0
89 36 0
90 36 0
91 36 0
92 36 0
93 36 0
94 36 0
95 36 0
96 36 0
1 37 0
2 37 0
3 37 0
4 37 0
5 37 0
6 37 0
7 37 0
8 37 0
9 37 0
10 37 0
11 37 0
12 37 1.12822e-05
13 37 5.17839e-05
14 37 0.00011073
15 37 0.000158394
16 37 0.000216326
17 37 0.00029885
18 37 0.00046035
19 37 0.000724846
20 37 0.00100779
21 37 0.00140618
22 37 0.0019229
23 37 0.00253902
24 37 0.00326995
25 37 0.00406933
26 37 0.00495123
27 37 0.00584721
28 37 0.00670408
29 37 0.0075529
30 37 0.00854839
31 37 0.00957405
32 37 0.0107073
33 37 0.0118626
34 37 0.0129108
35 37 0.0138421
36 37 0.0146356
37 37 0.0152775
38 37 0.0159077
39 37 0.0164627
40 37 0.016819
41 37 0.0170649
42 37 0.0171417
43 37 0.0171153
44 37 0.0170513
45 37 0.0164754
46 37 0.0158152
47 37 0.0148797
48 37 0.013913
49 37 0.0128778
50 37 0.0117601
51 37 0.0106283
52 37 0.00950636
53 37 0.00837661
54 37 0.00722529
55 37 0.00606995
56 37 0.00491461
57 37 0.00375927
58 37 0.00291836
59 37 0.00211669
60 37 0.00165042
61 37 0.00122601
62 37 0.000791119
63 37 0.000501654
64 37 0.00030387
65 37 0.000230535
66 37 0.000150627
67 37 5.76216e-05
68 37 5.2324e-06
69 37 0
70 37 0
71 37 0
72 37 0
73 37 0
74 37 0
75 37 0
76 37 0
77 37 0
78 37 0
79 37 0
80 37 0
81 37 0
82 37 0
83 37 0
84 37 0
85 37 0
86 37 0
87 37 0
88 37 0
89 37 0
90 37 0
91 37 0
92 37 0
93 37 0
94 37 0
95 37 0
96 37 0
1 38 0
2 38 0
3 38 0
4 38 0
5 38 0
6 38 0
7 38 0
8 38 0
9 38 0
10 38 0
11 38 1.12822e-05
12 38 3.48606e-05
13 38 7.53623e-05
14 38 0.000123026
15 38 0.000180958
16 38 0.000342458
17 38 0.000590031
18 38 0.000854528
19 38 0.00113747
20 38 0.00153586
21 38 0.00215976
22 38 0.0028927
23 38 0.00362363
24 38 0.0044907
25 38 0.00551407
26 38 0.00655152
27 38 0.00754986
28 38 0.00868682
29 38 0.00985395
30 38 0.0111286
31 38 0.0124255
32 38 0.0138885
33 38 0.015318
34 38 0.0166738
35 38 0.0179876
36 38 0.0191786
37 38 0.0201345
38 38 0.0210043
39 38 0.0217445
40 38 0.0222317
41 38 0.0226125
42 38 0.0228952
43 38 0.0228424
44 38 0.022553
45 38 0.0218009
46 38 0.0209761
47 38 0.0198143
48 38 0.0185133
49 38 0.0172047
50 38 0.0158277
51 38 0.0143681
52 38 0.0128944
53 38 0.0114306
54 38 0.00995893
55 38 0.00846573
56 38 0.0069685
57 38 0.00559704
58 38 0.00441946
59 38 0.00326412
60 38 0.00242321
61 38 0.00179973
62 38 0.00135569
63 38 0.000920801
64 38 0.0004846
65 38 0.000268503
66 38 0.000195168
67 38 0.00011526
68 38 5.36973e-05
69 38 5.2324e-06
70 38 0
71 38 0
72 38 0
73 38 0
74 38 0
75 38 0
76 38 0
77 38 0
78 38 0
79 38 0
80 38 0
81 38 0
82 38 0
83 38 0
84 38 0
85 38 0
86 38 0
87 38 0
88 38 0
89 38 0
90 38 0
91 38 0
92 38 0
93 38 0
94 38 0
95 38 0
96 38 0
1 39 0
2 39 0
3 39 0
4 39 0
5 39 0
6 39 0
7 39 0
8 39 0
9 39 0
10 39 0
11 39 1.12822e-05
12 39 5.17839e-05
13 39 9.94477e-05
14 39 0.00015738
15 39 0.000239904
16 39 0.000401404
17 39 0.0006659
18 39 0.00104474
19 39 0.00154765
20 39 0.00217155
21 39 0.00291427
22 39 0.0037149
23 39 0.00465575
24 39 0.00583707
25 39 0.00716551
26 39 0.0084859
27 39 0.00995296
28 39 0.0114502
29 39 0.013055
30 39 0.0148481
31 39 0.0166754
32 39 0.0185028
33 39 0.0203677
34 39 0.0220797
35 39 0.02369
36 39 0.0251912
37 39 0.0266127
38 39 0.027806
39 39 0.0288156
40 39 0.0295899
41 39 0.0302222
42 39 0.0302335
43 39 0.0301402
44 39 0.0297192
45 39 0.0289099
46 39 0.0277811
47 39 0.0266022
48 39 0.0247735
49 39 0.0228518
50 39 0.0209693
51 39 0.0190264
52 39 0.0170009
53 39 0.0149712
54 39 0.0129434
55 39 0.0109059
56 39 0.00884682
57 39 0.00728681
58 39 0.00578958
59 39 0.00441812
60 39 0.00324054
61 39 0.00239963
62 39 0.00159797
63 39 0.0011317
64 39 0.00073873
65 39 0.000454498
66 39 0.000256714
67 39 0.000183378
68 39 9.29892e-05
69 39 3.01189e-05
70 39 2.6162e-06
71 39 0
72 39 0
73 39 0
74 39 0
75 39 0
76 39 0
77 39 0
78 39 0
79 39 0
80 39 0
81 39 0
82 39 0
83 39 0
84 39 0
85 39 0
86 39 0
87 39 0
88 39 0
89 39 0
90 39 0
91 39 0
92 39 0
93 39 0
94 39 0
95 39 0
96 39 0
1 40 0
2 40 0
3 40 0
4 40 0
5 40 0
6 40 0
7 40 0
8 40 0
9 40 0
10 40 1.12822e-05
11 40 5.17839e-05
12 40 9.94477e-05
13 40 0.000134815
14 40 0.000192747
15 40 0.000354247
16 40 0.000618744
17 40 0.000997583
18 40 0.0015005
19 40 0.00211461
20 40 0.00292301
21 40 0.00379743
22 40 0.00489622
23 40 0.00624969
24 40 0.00772442
25 40 0.00927685
26 40 0.0109679
27 40 0.0127967
28 40 0.0146476
29 40 0.0166647
30 40 0.018716
31 40 0.0209629
32 40 0.02325
33 40 0.0256926
34 40 0.028053
35 40 0.030211
36 40 0.032223
37 40 0.0340979
38 40 0.0356674
39 40 0.0369589
40 40 0.0381467
41 40 0.038879
42 40 0.0390732
43 40 0.0388868
44 40 0.0381516
45 40 0.0373494
46 40 0.0358733
47 40 0.0342704
48 40 0.0320447
49 40 0.0295873
50 40 0.0271389
51 40 0.0246985
52 40 0.0221897
53 40 0.0195984
54 40 0.0170028
55 40 0.0143994
56 40 0.0117939
57 40 0.00967207
58 40 0.00760896
59 40 0.00604894
60 40 0.00455171
61 40 0.00335843
62 40 0.00240223
63 40 0.00158618
64 40 0.00111991
65 40 0.000685016
66 40 0.000395552
67 40 0.000239692
68 40 0.000171589
69 40 8.12e-05
70 40 2.88108e-05
71 40 2.6162e-06
72 40 0
73 40 0
74 40 0
75 40 0
76 40 0
77 40 0
78 40 0
79 40 0
80 40 0
81 40 0
82 40 0
83 40 0
84 40 0
85 40 0
86 40 0
87 40 0
88 40 0
89 40 0
90 40 0
91 40 0
92 40 0
93 40 0
94 40 0
95 40 0
96 40 0
1 41 0
2 41 0
3 41 0
4 41 0
5 41 0
6 41 0
7 41 0
8 41 0
9 41 0
10 41 1.12822e-05
11 41 5.17839e-05
12 41 9.94477e-05
13 41 0.00015738
14 41 0.00031888
15 41 0.000583376
16 41 0.000866317
17 41 0.00124516
18 41 0.00185525
19 41 0.00266365
20 41 0.00353806
21 41 0.00463686
22 41 0.00602907
23 41 0.00760653
24 41 0.00958768
25 41 0.0121747
26 41 0.0148995
27 41 0.0176464
28 41 0.0205595
29 41 0.0237023
30 41 0.0268854
31 41 0.0303521
32 41 0.033877
33 41 0.0371479
34 41 0.0399576
35 41 0.0426353
36 41 0.0449832
37 41 0.0471105
38 41 0.0489448
39 41 0.0505811
40 41 0.0518488
41 41 0.0526989
42 41 0.0531007
43 41 0.0530361
44 41 0.0523317
45 41 0.051236
46 41 0.0494005
47 41 0.047266
48 41 0.0440788
49 41 0.0406585
50 41 0.0370694
51 41 0.0334892
52 41 0.0298486
53 41 0.026194
54 41 0.0224709
55 41 0.0187435
56 41 0.0150083
57 41 0.0122577
58 41 0.00962875
59 41 0.00750285
60 41 0.00573321
61 41 0.00420982
62 41 0.00301655
63 41 0.00206035
64 41 0.00142247
65 41 0.000978438
66 41 0.000543546
67 41 0.000327449
68 41 0.000180746
69 41 9.16811e-05
70 41 3.01189e-05
71 41 2.6162e-06
72 41 0
73 41 0
74 41 0
75 41 0
76 41 0
77 41 0
78 41 0
79 41 0
80 41 0
81 41 0
82 41 0
83 41 0
84 41 0
85 41 0
86 41 0
87 41 0
88 41 0
89 41 0
90 41 0
91 41 0
92 41 0
93 41 0
94 41 0
95 41 0
96 41 0
1 42 0
2 42 0
3 42 0
4 42 0
5 42 0
6 42 0
7 42 0
8 42 0
9 42 1.12822e-05
10 42 5.17839e-05
11 42 9.94477e-05
12 42 0.00015738
13 42 0.000239904
14 42 0.000401404
15 42 0.0006659
16 42 0.00104474
17 42 0.00165483
18 42 0.00245346
19 42 0.00333564
20 42 0.004368
21 42 0.00574612
22 42 0.00732359
23 42 0.00930474
24 42 0.0121118
25 42 0.0151888
26 42 0.0183733
27 42 0.0217462
28 42 0.0253488
29 42 0.0289917
30 42 0.0329181
31 42 0.0370984
32 42 0.041298
33 42 0.0460264
34 42 0.0502007
35 42 0.053934
36 42 0.0574487
37 42 0.0606009
38 42 0.0634669
39 42 0.0660636
40 42 0.0682775
41 42 0.0699421
42 42 0.0703696
43 42 0.0702932
44 42 0.0696155
45 42 0.0680518
46 42 0.066144
47 42 0.0632133
48 42 0.0587103
49 42 0.0538988
50 42 0.0490653
51 42 0.044085
52 42 0.0391137
53 42 0.034082
54 42 0.0289678
55 42 0.0238493
56 42 0.018723
57 42 0.0148315
58 42 0.0118713
59 42 0.00921613
60 42 0.00709023
61 42 0.00532059
62 42 0.0037972
63 42 0.00260393
64 42 0.00176302
65 42 0.00113953
66 42 0.000726941
67 42 0.000442708
68 42 0.000244924
69 42 0.000171589
70 42 8.12e-05
71 42 2.88108e-05
72 42 2.6162e-06
73 42 0
74 42 0
75 42 0
76 42 0
77 42 0
78 42 0
79 42 0
80 42 0
81 42 0
82 42 0
83 42 0
84 42 0
85 42 0
86 42 0
87 42 0
88 42 0
89 42 0
90 42 0
91 42 0
92 42 0
93 42 0
94 42 0
95 42 0
96 42 0
1 43 0
2 43 0
3 43 0
4 43 0
5 43 0
6 43 0
7 43 0
8 43 0
9 43 1.12822e-05
10 43 5.17839e-05
11 43 9.94477e-05
12 43 0.00015738
13 43 0.00031888
14 43 0.000583376
15 43 0.000962216
16 43 0.00155275
17 43 0.00227966
18 43 0.00308806
19 43 0.00412043
20 43 0.00549855
21 43 0.00750474
22 43 0.00999226
23 43 0.0126607
24 43 0.0157075
25 43 0.0193997
26 43 0.0238336
27 43 0.0284973
28 43 0.0332012
29 43 0.0381886
30 43 0.04343
31 43 0.0487115
32 43 0.0542369
33 43 0.0599009
34 43 0.0654366
35 43 0.0706776
36 43 0.075368
37 43 0.0793228
38 43 0.082995
39 43 0.0860933
40 43 0.0887616
41 43 0.0911052
42 43 0.0923114
43 43 0.0921716
44 43 0.0912359
45 43 0.088927
46 43 0.0861554
47 43 0.0820841
48 43 0.0770252
49 43 0.0707285
50 43 0.0641722
51 43 0.0574472
52 43 0.0507311
53 43 0.044023
54 43 0.0372465
55 43 0.0303875
56 43 0.0244674
57 43 0.0192653
58 43 0.0153542
59 43 0.0115934
60 43 0.00883888
61 43 0.00671298
62 43 0.00494334
63 43 0.00354572
64 43 0.00236814
65 43 0.00152723
66 43 0.00106096
67 43 0.000626071
68 43 0.000336605
69 43 0.000180746
70 43 9.16811e-05
71 43 3.01189e-05
72 43 2.6162e-06
73 43 0
74 43 0
75 43 0
76 43 0
77 43 0
78 43 0
79 43 0
80 43 0
81 43 0
82 43 0
83 43 0
84 43 0
85 43 0
86 43 0
87 43 0
88 43 0
89 43 0
90 43 0
91 43 0
92 43 0
93 43 0
94 43 0
95 43 0
96 43 0
1 44 0
2 44 0
3 44 0
4 44 0
5 44 0
6 44 0
7 44 0
8 44 1.12822e-05
9 44 5.17839e-05
10 44 9.94477e-05
11 44 0.000134815
12 44 0.000192747
13 44 0.000354247
14 44 0.000618744
15 44 0.000997583
16 44 0.00158812
17 44 0.00238272
18 44 0.00342285
19 44 0.00473454
20 44 0.00622948
21 44 0.00823567
22 44 0.0109041
23 44 0.0144586
24 44 0.0187042
25 44 0.0234483
26 44 0.0285649
27 44 0.0338769
28 44 0.0395128
29 44 0.0454025
30 44 0.052105
31 44 0.0589663
32 44 0.0660425
33 44 0.0728501
34 44 0.0798411
35 44 0.0861261
36 44 0.0916182
37 44 0.0965238
38 44 0.10112
39 44 0.105125
40 44 0.108476
41 44 0.110809
42 44 0.112273
43 44 0.112483
44 44 0.112206
45 44 0.109397
46 44 0.105598
47 44 0.0998841
48 44 0.0937181
49 44 0.0861929
50 44 0.0783283
51 44 0.070322
52 44 0.0621469
53 44 0.0539807
54 44 0.0457542
55 44 0.0374451
56 44 0.0304208
57 44 0.0235497
58 44 0.0182083
59 44 0.0134652
60 44 0.0103976
61 44 0.00774248
62 44 0.00561658
63 44 0.00405656
64 44 0.00268511
65 44 0.00170667
66 44 0.0010688
67 44 0.000656206
68 44 0.000371973
69 44 0.000216114
70 44 0.000148011
71 44 5.76216e-05
72 44 5.2324e-06
73 44 0
74 44 0
75 44 0
76 44 0
77 44 0
78 44 0
79 44 0
80 44 0
81 44 0
82 44 0
83 44 0
84 44 0
85 44 0
86 44 0
87 44 0
88 44 0
89 44 0
90 44 0
91 44 0
92 44 0
93 44 0
94 44 0
95 44 0
96 44 0
1 45 0
2 45 0
3 45 0
4 45 0
5 45 0
6 45 0
7 45 0
8 45 1.12822e-05
9 45 5.17839e-05
10 45 9.94477e-05
11 45 0.00015738
12 45 0.00031888
13 45 0.000583376
14 45 0.000962216
15 45 0.00155275
16 45 0.00227966
17 45 0.00308806
18 45 0.00412043
19 45 0.00549855
20 45 0.00743629
21 45 0.0101297
22 45 0.0135456
23 45 0.0176535
24 45 0.0222093
25 45 0.027427
26 45 0.033022
27 45 0.0389408
28 45 0.0451135
29 45 0.0513264
30 45 0.0583118
31 45 0.0660022
32 45 0.0743047
33 45 0.0822613
34 45 0.0902745
35 45 0.0978241
36 45 0.104375
37 45 0.11024
38 45 0.115197
39 45 0.119523
40 45 0.123392
41 45 0.126379
42 45 0.128527
43 45 0.129315
44 45 0.128429
45 45 0.125221
46 45 0.12004
47 45 0.113743
48 45 0.106453
49 45 0.0980737
50 45 0.0893839
51 45 0.0805523
52 45 0.0715519
53 45 0.0625605
54 45 0.0535087
55 45 0.0444428
56 45 0.0360421
57 45 0.0283052
58 45 0.0213452
59 45 0.0160037
60 45 0.0120886
61 45 0.0091244
62 45 0.00666839
63 45 0.00486081
64 45 0.0034632
65 45 0.00228562
66 45 0.00144471
67 45 0.000978438
68 45 0.000543546
69 45 0.000327449
70 45 0.000180746
71 45 9.16811e-05
72 45 3.01189e-05
73 45 2.6162e-06
74 45 0
75 45 0
76 45 0
77 45 0
78 45 0
79 45 0
80 45 0
81 45 0
82 45 0
83 45 0
84 45 0
85 45 0
86 45 0
87 45 0
88 45 0
89 45 0
90 45 0
91 45 0
92 45 0
93 45 0
94 45 0
95 45 0
96 45 0
1 46 0
2 46 0
3 46 0
4 46 0
5 46 0
6 46 0
7 46 0
8 46 1.12822e-05
9 46 5.17839e-05
10 46 9.94477e-05
11 46 0.00015738
12 46 0.00031888
13 46 0.000583376
14 46 0.000962216
15 46 0.00155275
16 46 0.00234735
17 46 0.00338748
18 46 0.00469917
19 46 0.00662284
20 46 0.00931628
21 46 0.0122245
22 46 0.015779
23 46 0.0203348
24 46 0.0255525
25 46 0.030952
26 46 0.037269
27 46 0.0446969
28 46 0.0523786
29 46 0.060873
30 46 0.0700934
31 46 0.0793523
32 46 0.087927
33 46 0.0967911
34 46 0.105841
35 46 0.114048
36 46 0.121583
37 46 0.128696
38 46 0.134823
39 46 0.139962
40 46 0.144653
41 46 0.14798
42 46 0.149985
43 46 0.150616
44 46 0.149098
45 46 0.146017
46 46 0.140206
47 46 0.133244
48 46 0.125148
49 46 0.116027
50 46 0.105431
51 46 0.0945013
52 46 0.0834298
53 46 0.0721895
54 46 0.0609581
55 46 0.051008
56 46 0.0417925
57 46 0.0333876
58 46 0.0256429
59 46 0.0196045
60 46 0.0143768
61 46 0.0104617
62 46 0.00770711
63 46 0.00558121
64 46 0.0040212
65 46 0.00264974
66 46 0.0016713
67 46 0.00103343
68 46 0.000620838
69 46 0.000336605
70 46 0.000180746
71 46 9.16811e-05
72 46 3.01189e-05
73 46 2.6162e-06
74 46 0
75 46 0
76 46 0
77 46 0
78 46 0
79 46 0
80 46 0
81 46 0
82 46 0
83 46 0
84 46 0
85 46 0
86 46 0
87 46 0
88 46 0
89 46 0
90 46 0
91 46 0
92 46 0
93 46 0
94 46 0
95 46 0
96 46 0
1 47 0
2 47 0
3 47 0
4 47 0
5 47 0
6 47 0
7 47 0
8 47 1.12822e-05
9 47 5.17839e-05
10 47 9.94477e-05
11 47 0.00015738
12 47 0.00031888
13 47 0.000583376
14 47 0.000962216
15 47 0.00155275
16 47 0.00234735
17 47 0.00338748
18 47 0.00469917
19 47 0.00662284
20 47 0.00931628
21 47 0.0127322
22 47 0.0171503
23 47 0.0221796
24 47 0.0275449
25 47 0.033862
26 47 0.04138
27 47 0.0492504
28 47 0.0579334
29 47 0.0673424
30 47 0.0768681
31 47 0.0869474
32 47 0.0967589
33 47 0.106457
34 47 0.11609
35 47 0.126042
36 47 0.135215
37 47 0.143412
38 47 0.150624
39 47 0.156848
40 47 0.161515
41 47 0.165117
42 47 0.167449
43 47 0.167318
44 47 0.165089
45 47 0.161556
46 47 0.15594
47 47 0.148527
48 47 0.140013
49 47 0.129724
50 47 0.117869
51 47 0.105666
52 47 0.0933208
53 47 0.0808072
54 47 0.0683026
55 47 0.0568696
56 47 0.0468369
57 47 0.0376171
58 47 0.0292044
59 47 0.0221508
60 47 0.0161975
61 47 0.0113785
62 47 0.00831095
63 47 0.00585493
64 47 0.00404736
65 47 0.00264974
66 47 0.0016713
67 47 0.00103343
68 47 0.000620838
69 47 0.000336605
70 47 0.000180746
71 47 9.16811e-05
72 47 3.01189e-05
73 47 2.6162e-06
74 47 0
75 47 0
76 47 0
77 47 0
78 47 0
79 47 0
80 47 0
81 47 0
82 47 0
83 47 0
84 47 0
85 47 0
86 47 0
87 47 0
88 47 0
89 47 0
90 47 0
91 47 0
92 47 0
93 47 0
94 47 0
95 47 0
96 47 0
1 48 0
2 48 0
3 48 0
4 48 0
5 48 0
6 48 0
7 48 0
8 48 1.12822e-05
9 48 5.17839e-05
10 48 9.94477e-05
11 48 0.00015738
12 48 0.00031888
13 48 0.000583376
14 48 0.000962216
15 48 0.00155275
16 48 0.00234735
17 48 0.00338748
18 48 0.00469917
19 48 0.00662284
20 48 0.00931628
21 48 0.0127322
22 48 0.0171503
23 48 0.0221796
24 48 0.028267
25 48 0.0354612
26 48 0.043371
27 48 0.0518544
28 48 0.0611504
29 48 0.0711725
30 48 0.0819761
31 48 0.093052
32 48 0.104383
33 48 0.114993
34 48 0.125525
35 48 0.135721
36 48 0.144964
37 48 0.153232
38 48 0.160515
39 48 0.166809
40 48 0.172388
41 48 0.176175
42 48 0.179114
43 48 0.179557
44 48 0.178086
45 48 0.173977
46 48 0.167789
47 48 0.159666
48 48 0.14973
49 48 0.138141
50 48 0.125537
51 48 0.11265
52 48 0.0996213
53 48 0.086424
54 48 0.0732356
55 48 0.0605948
56 48 0.0490792
57 48 0.0390422
58 48 0.0300662
59 48 0.0222398
60 48 0.0161975
61 48 0.0113785
62 48 0.00831095
63 48 0.00585493
64 48 0.00404736
65 48 0.00264974
66 48 0.0016713
67 48 0.00103343
68 48 0.000620838
69 48 0.000336605
70 48 0.000180746
71 48 9.16811e-05
72 48 3.01189e-05
73 48 2.6162e-06
74 48 0
75 48 0
76 48 0
77 48 0
78 48 0
79 48 0
80 48 0
81 48 0
82 48 0
83 48 0
84 48 0
85 48 0
86 48 0
87 48 0
88 48 0
89 48 0
90 48 0
91 48 0
92 48 0
93 48 0
94 48 0
95 48 0
96 48 0
1 49 0
2 49 0
3 49 0
4 49 0
5 49 0
6 49 0
7 49 0
8 49 1.12822e-05
9 49 5.17839e-05
10 49 9.94477e-05
11 49 0.00015738
12 49 0.00031888
13 49 0.000583376
14 49 0.000962216
15 49 0.00155275
16 49 0.00234735
17 49 0.00338748
18 49 0.00469917
19 49 0.00662284
20 49 0.00931628
21 49 0.0127322
22 49 0.0171503
23 49 0.0221796
24 49 0.028267
25 49 0.0354612
26 49 0.043371
27 49 0.0522267
28 49 0.0623008
29 49 0.073101
30 49 0.0843104
31 49 0.0953863
32 49 0.106717
33 49 0.118226
34 49 0.129002
35 49 0.13967
36 49 0.149468
37 49 0.15829
38 49 0.166127
39 49 0.172975
40 49 0.178707
41 49 0.183406
42 49 0.186529
43 49 0.186973
44 49 0.185501
45 49 0.181392
46 49 0.175205
47 49 0.167082
48 49 0.156181
49 49 0.144409
50 49 0.131304
51 49 0.117171
52 49 0.102811
53 49 0.0882813
54 49 0.0744525
55 49 0.0616872
56 49 0.0491996
57 49 0.0390422
58 49 0.0300662
59 49 0.0222398
60 49 0.0161975
61 49 0.0113785
62 49 0.00831095
63 49 0.00585493
64 49 0.00404736
65 49 0.00264974
66 49 0.0016713
67 49 0.00103343
68 49 0.000620838
69 49 0.000336605
70 49 0.000180746
71 49 9.16811e-05
72 49 3.01189e-05
73 49 2.6162e-06
74 49 0
75 49 0
76 49 0
77 49 0
78 49 0
79 49 0
80 49 0
81 49 0
82 49 0
83 49 0
84 49 0
85 49 0
86 49 0
87 49 0
88 49 0
89 49 0
90 49 0
91 49 0
92 49 0
93 49 0
94 49 0
95 49 0
96 49 0
1 50 0
2 50 0
3 50 0
4 50 0
5 50 0
6 50 0
7 50 0
8 50 1.12822e-05
9 50 5.17839e-05
10 50 9.94477e-05
11 50 0.00015738
12 50 0.00031888
13 50 0.000583376
14 50 0.000962216
15 50 0.00155275
16 50 0.00234735
17 50 0.00338748
18 50 0.00469917
19 50 0.00662284
20 50 0.00931628
21 50 0.0127322
22 50 0.0171503
23 50 0.0221796
24 50 0.028267
25 50 0.0354612
26 50 0.043371
27 50 0.0522267
28 50 0.0625265
29 50 0.0735726
30 50 0.084782
31 50 0.0958578
32 50 0.107188
33 50 0.118698
34 50 0.129474
35 50 0.140142
36 50 0.15032
37 50 0.159602
38 50 0.167899
39 50 0.174826
40 50 0.180557
41 50 0.185257
42 50 0.18838
43 50 0.188824
44 50 0.187352
45 50 0.183243
46 50 0.177056
47 50 0.168933
48 50 0.158032
49 50 0.14626
50 50 0.133155
51 50 0.118614
52 50 0.103374
53 50 0.0883323
54 50 0.0744525
55 50 0.0616872
56 50 0.0491996
57 50 0.0390422
58 50 0.0300662
59 50 0.0222398
60 50 0.0161975
61 50 0.0113785
62 50 0.00831095
63 50 0.00585493
64 50 0.00404736
65 50 0.00264974
66 50 0.0016713
67 50 0.00103343
68 50 0.000620838
69 50 0.000336605
70 50 0.000180746
71 50 9.16811e-05
72 50 3.01189e-05
73 50 2.6162e-06
74 50 0
75 50 0
76 50 0
77 50 0
78 50 0
79 50 0
80 50 0
81 50 0
82 50 0
83 50 0
84 50 0
85 50 0
86 50 0
87 50 0
88 50 0
89 50 0
90 50 0
91 50 0
92 50 0
93 50 0
94 50 0
95 50 0
96 50 0
1 51 0
2 51 0
3 51 0
4 51 0
5 51 0
6 51 0
7 51 0
8 51 1.12822e-05
9 51 5.17839e-05
10 51 9.94477e-05
11 51 0.00015738
12 51 0.00031888
13 51 0.000583376
14 51 0.000962216
15 51 0.00155275
16 51 0.00234735
17 51 0.00338748
18 51 0.00469917
19 51 0.00662284
20 51 0.00931628
21 51 0.0127322
22 51 0.0171503
23 51 0.0221796
24 51 0.028267
25 51 0.0354612
26 51 0.043371
27 51 0.0522267
28 51 0.0623008
29 51 0.073101
30 51 0.0843104
31 51 0.0953863
32 51 0.106717
33 51 0.118226
34 51 0.129002
35 51 0.13967
36 51 0.149849
37 51 0.159454
38 51 0.167817
39 51 0.174743
40 51 0.180475
41 51 0.185174
42 51 0.188297
43 51 0.188741
44 51 0.18727
45 51 0.18316
46 51 0.176973
47 51 0.16885
48 51 0.15795
49 51 0.146177
50 51 0.133072
51 51 0.118531
52 51 0.103365
53 51 0.0883323
54 51 0.0744525
55 51 0.0616872
56 51 0.0491996
57 51 0.0390422
58 51 0.0300662
59 51 0.0222398
60 51 0.0161975
61 51 0.0113785
62 51 0.00831095
63 51 0.00585493
64 51 0.00404736
65 51 0.00264974
66 51 0.0016713
67 51 0.00103343
68 51 0.000620838
69 51 0.000336605
70 51 0.000180746
71 51 9.16811e-05
72 51 3.01189e-05
73 51 2.6162e-06
74 51 0
75 51 0
76 51 0
77 51 0
78 51 0
79 51 0
80 51 0
81 51 0
82 51 0
83 51 0
84 51 0
85 51 0
86 51 0
87 51 0
88 51 0
89 51 0
90 51 0
91 51 0
92 51 0
93 51 0
94 51 0
95 51 0
96 51 0
1 52 0
2 52 0
3 52 0
4 52 0
5 52 0
6 52 0
7 52 0
8 52 1.12822e-05
9 52 5.17839e-05
10 52 9.94477e-05
11 52 0.00015738
12 52 0.00031888
13 52 0.000583376
14 52 0.000962216
15 52 0.00155275
16 52 0.00234735
17 52 0.00338748
18 52 0.00469917
19 52 0.00662284
20 52 0.00931628
21 52 0.0127322
22 52 0.0171503
23 52 0.0221796
24 52 0.028267
25 52 0.0354612
26 52 0.043371
27 52 0.0518544
28 52 0.0611504
29 52 0.0711725
30 52 0.0819761
31 52 0.093052
32 52 0.104383
33 52 0.115892
34 52 0.126668
35 52 0.137336
36 52 0.147515
37 52 0.156797
38 52 0.165093
39 52 0.17202
40 52 0.177752
41 52 0.182451
42 52 0.185574
43 52 0.186018
44 52 0.184546
45 52 0.180437
46 52 0.17425
47 52 0.166127
48 52 0.155226
49 52 0.143454
50 52 0.130349
51 52 0.1165
52 52 0.102457
53 52 0.0882459
54 52 0.0744525
55 52 0.0616872
56 52 0.0491996
57 52 0.0390422
58 52 0.0300662
59 52 0.0222398
60 52 0.0161975
61 52 0.0113785
62 52 0.00831095
63 52 0.00585493
64 52 0.00404736
65 52 0.00264974
66 52 0.0016713
67 52 0.00103343
68 52 0.000620838
69 52 0.000336605
70 52 0.000180746
71 52 9.16811e-05
72 52 3.01189e-05
73 52 2.6162e-06
74 52 0
75 52 0
76 52 0
77 52 0
78 52 0
79 52 0
80 52 0
81 52 0
82 52 0
83 52 0
84 52 0
85 52 0
86 52 0
87 52 0
88 52 0
89 52 0
90 52 0
91 52 0
92 52 0
93 52 0
94 52 0
95 52 0
96 52 0
1 53 0
2 53 0
3 53 0
4 53 0
5 53 0
6 53 0
7 53 0
8 53 1.12822e-05
9 53 5.17839e-05
10 53 9.94477e-05
11 53 0.00015738
12 53 0.00031888
13 53 0.000583376
14 53 0.000962216
15 53 0.00155275
16 53 0.00234735
17 53 0.00338748
18 53 0.00469917
19 53 0.00662284
20 53 0.00931628
21 53 0.0127322
22 53 0.0171503
23 53 0.0221796
24 53 0.0275449
25 53 0.033862
26 53 0.04138
27 53 0.0492504
28 53 0.0579334
29 53 0.0673424
30 53 0.077533
31 53 0.0881989
32 53 0.0987091
33 53 0.109432
34 53 0.120208
35 53 0.130875
36 53 0.140673
37 53 0.149495
38 53 0.157332
39 53 0.16418
40 53 0.169912
41 53 0.174611
42 53 0.177734
43 53 0.178178
44 53 0.176707
45 53 0.172597
46 53 0.16641
47 53 0.158287
48 53 0.148728
49 53 0.137291
50 53 0.124752
51 53 0.111924
52 53 0.0989546
53 53 0.0858162
54 53 0.0726868
55 53 0.0601573
56 53 0.0490321
57 53 0.0390422
58 53 0.0300662
59 53 0.0222398
60 53 0.0161975
61 53 0.0113785
62 53 0.00831095
63 53 0.00585493
64 53 0.00404736
65 53 0.00264974
66 53 0.0016713
67 53 0.00103343
68 53 0.000620838
69 53 0.000336605
70 53 0.000180746
71 53 9.16811e-05
72 53 3.01189e-05
73 53 2.6162e-06
74 53 0
75 53 0
76 53 0
77 53 0
78 53 0
79 53 0
80 53 0
81 53 0
82 53 0
83 53 0
84 53 0
85 53 0
86 53 0
87 53 0
88 53 0
89 53 0
90 53 0
91 53 0
92 53 0
93 53 0
94 53 0
95 53 0
96 53 0
1 54 0
2 54 0
3 54 0
4 54 0
5 54 0
6 54 0
7 54 0
8 54 1.12822e-05
9 54 5.17839e-05
10 54 9.94477e-05
11 54 0.00015738
12 54 0.00031888
13 54 0.000583376
14 54 0.000962216
15 54 0.00155275
16 54 0.00234735
17 54 0.00338748
18 54 0.00469917
19 54 0.00662284
20 54 0.00931628
21 54 0.0122245
22 54 0.015779
23 54 0.0203348
24 54 0.0255525
25 54 0.0311475
26 54 0.0377884
27 54 0.0454701
28 54 0.0539645
29 54 0.0631849
30 54 0.0731868
31 54 0.0830323
32 54 0.0927555
33 54 0.102443
34 54 0.112518
35 54 0.121868
36 54 0.130558
37 54 0.138826
38 54 0.146109
39 54 0.152403
40 54 0.157981
41 54 0.161769
42 54 0.164707
43 54 0.165151
44 54 0.163679
45 54 0.160513
46 54 0.15502
47 54 0.147221
48 54 0.138658
49 54 0.128745
50 54 0.117042
51 54 0.104957
52 54 0.09273
53 54 0.0803344
54 54 0.0679477
55 54 0.056905
56 54 0.0469194
57 54 0.0373014
58 54 0.0289333
59 54 0.0221221
60 54 0.0161975
61 54 0.0113785
62 54 0.00831095
63 54 0.00585493
64 54 0.00404736
65 54 0.00264974
66 54 0.0016713
67 54 0.00103343
68 54 0.000620838
69 54 0.000336605
70 54 0.000180746
71 54 9.16811e-05
72 54 3.01189e-05
73 54 2.6162e-06
74 54 0
75 54 0
76 54 0
77 54 0
78 54 0
79 54 0
80 54 0
81 54 0
82 54 0
83 54 0
84 54 0
85 54 0
86 54 0
87 54 0
88 54 0
89 54 0
90 54 0
91 54 0
92 54 0
93 54 0
94 54 0
95 54 0
96 54 0
1 55 0
2 55 0
3 55 0
4 55 0
5 55 0
6 55 0
7 55 0
8 55 1.12822e-05
9 55 5.17839e-05
10 55 9.94477e-05
11 55 0.00015738
12 55 0.00031888
13 55 0.000583376
14 55 0.000962216
15 55 0.00155275
16 55 0.00227966
17 55 0.00308806
18 55 0.00412043
19 55 0.00549855
20 55 0.00750474
21 55 0.0101732
22 55 0.0137277
23 55 0.0179732
24 55 0.0227174
25 55 0.0281649
26 55 0.0340837
27 55 0.0402564
28 55 0.0472417
29 55 0.0549531
30 55 0.0627811
31 55 0.0712531
32 55 0.0801422
33 55 0.0892473
34 55 0.0980839
35 55 0.107191
36 55 0.11559
37 55 0.123119
38 55 0.129756
39 55 0.135705
40 55 0.140258
41 55 0.144096
42 55 0.146664
43 55 0.147354
44 55 0.145633
45 55 0.143094
46 55 0.138172
47 55 0.131659
48 55 0.123501
49 55 0.114584
50 55 0.104406
51 55 0.0939001
52 55 0.083253
53 55 0.0724372
54 55 0.0616302
55 55 0.0517271
56 55 0.0421134
57 55 0.033753
58 55 0.0260201
59 55 0.0199818
60 55 0.0145549
61 55 0.0105835
62 55 0.00781452
63 55 0.00567684
64 55 0.00403166
65 55 0.00264974
66 55 0.0016713
67 55 0.00103343
68 55 0.000620838
69 55 0.000336605
70 55 0.000180746
71 55 9.16811e-05
72 55 3.01189e-05
73 55 2.6162e-06
74 55 0
75 55 0
76 55 0
77 55 0
78 55 0
79 55 0
80 55 0
81 55 0
82 55 0
83 55 0
84 55 0
85 55 0
86 55 0
87 55 0
88 55 0
89 55 0
90 55 0
91 55 0
92 55 0
93 55 0
94 55 0
95 55 0
96 55 0
1 56 0
2 56 0
3 56 0
4 56 0
5 56 0
6 56 0
7 56 0
8 56 1.12822e-05
9 56 5.17839e-05
10 56 9.94477e-05
11 56 0.000134815
12 56 0.000192747
13 56 0.000354247
14 56 0.000618744
15 56 0.000997583
16 56 0.00160768
17 56 0.00241608
18 56 0.00344844
19 56 0.00482657
20 56 0.00640403
21 56 0.00838518
22 56 0.0111922
23 56 0.0148845
24 56 0.0193184
25 56 0.0240967
26 56 0.0294088
27 56 0.0350447
28 56 0.0409344
29 56 0.0476368
30 56 0.0550653
31 56 0.0632543
32 56 0.0712358
33 56 0.079304
34 56 0.0875083
35 56 0.094984
36 56 0.101782
37 56 0.107809
38 56 0.113544
39 56 0.118629
40 56 0.123232
41 56 0.126686
42 56 0.128714
43 56 0.130045
44 56 0.129735
45 56 0.127104
46 56 0.122263
47 56 0.115995
48 56 0.108799
49 56 0.100033
50 56 0.0910616
51 56 0.0819238
52 56 0.0726443
53 56 0.0631959
54 56 0.0537565
55 56 0.0442567
56 56 0.0359007
57 56 0.0281755
58 56 0.0214461
59 56 0.0159342
60 56 0.0119628
61 56 0.00899472
62 56 0.00653871
63 56 0.00473113
64 56 0.00333352
65 56 0.0021769
66 56 0.00140149
67 56 0.000817298
68 56 0.000555368
69 56 0.000331373
70 56 0.000180746
71 56 9.16811e-05
72 56 3.01189e-05
73 56 2.6162e-06
74 56 0
75 56 0
76 56 0
77 56 0
78 56 0
79 56 0
80 56 0
81 56 0
82 56 0
83 56 0
84 56 0
85 56 0
86 56 0
87 56 0
88 56 0
89 56 0
90 56 0
91 56 0
92 56 0
93 56 0
94 56 0
95 56 0
96 56 0
1 57 0
2 57 0
3 57 0
4 57 0
5 57 0
6 57 0
7 57 0
8 57 0
9 57 1.12822e-05
10 57 5.17839e-05
11 57 9.94477e-05
12 57 0.00015738
13 57 0.00031888
14 57 0.000583376
15 57 0.000962216
16 57 0.00157231
17 57 0.00231302
18 57 0.00311365
19 57 0.00421245
20 57 0.00560465
21 57 0.00761084
22 57 0.0100593
23 57 0.0128663
24 57 0.0160508
25 57 0.0199314
26 57 0.0245951
27 57 0.0295825
28 57 0.0348239
29 57 0.0401054
30 57 0.0461595
31 57 0.0529185
32 57 0.0599384
33 57 0.0665298
34 57 0.073245
35 57 0.0798207
36 57 0.0858551
37 57 0.0911958
38 57 0.09606
39 57 0.100367
40 57 0.104187
41 57 0.107193
42 57 0.109438
43 57 0.11034
44 57 0.110178
45 57 0.107369
46 57 0.103578
47 57 0.0983889
48 57 0.0927064
49 57 0.0853323
50 57 0.0775738
51 57 0.0696736
52 57 0.0616046
53 57 0.0535445
54 57 0.0454241
55 57 0.0372895
56 57 0.030512
57 57 0.023908
58 57 0.0184177
59 57 0.0136538
60 57 0.0105863
61 57 0.00792063
62 57 0.00578294
63 57 0.00413776
64 57 0.00275584
65 57 0.00177741
66 57 0.00113953
67 57 0.000726941
68 57 0.000442708
69 57 0.000286849
70 57 0.000124416
71 57 6.41784e-05
72 57 2.75027e-05
73 57 2.6162e-06
74 57 0
75 57 0
76 57 0
77 57 0
78 57 0
79 57 0
80 57 0
81 57 0
82 57 0
83 57 0
84 57 0
85 57 0
86 57 0
87 57 0
88 57 0
89 57 0
90 57 0
91 57 0
92 57 0
93 57 0
94 57 0
95 57 0
96 57 0
1 58 0
2 58 0
3 58 0
4 58 0
5 58 0
6 58 0
7 58 0
8 58 0
9 58 1.12822e-05
10 58 5.17839e-05
11 58 9.94477e-05
12 58 0.00015738
13 58 0.000239904
14 58 0.000401404
15 58 0.0006659
16 58 0.00104474
17 58 0.00165483
18 58 0.00246324
19 58 0.00333765
20 58 0.00443645
21 58 0.00589709
22 58 0.00744952
23 58 0.0095693
24 58 0.0125141
25 58 0.015887
26 58 0.019294
27 58 0.0228967
28 58 0.0268231
29 58 0.0310034
30 58 0.0359964
31 58 0.0411483
32 58 0.0468463
33 58 0.052407
34 58 0.0579391
35 58 0.0630857
36 58 0.0680034
37 58 0.0726737
38 58 0.0768733
39 58 0.0808204
40 58 0.084212
41 58 0.0864822
42 58 0.0881341
43 58 0.0887756
44 58 0.0886733
45 58 0.0866861
46 58 0.0842029
47 58 0.0799869
48 58 0.0749032
49 58 0.0690032
50 58 0.0628481
51 58 0.0565512
52 58 0.0500855
53 58 0.0436288
54 58 0.0371116
55 58 0.030512
56 58 0.0246207
57 58 0.0192194
58 58 0.015252
59 58 0.0114559
60 58 0.00868692
61 58 0.00654924
62 58 0.00477829
63 58 0.00338067
64 58 0.00222406
65 58 0.00144865
66 58 0.000864454
67 58 0.000602525
68 58 0.000336605
69 58 0.000180746
70 58 9.16811e-05
71 58 3.01189e-05
72 58 2.6162e-06
73 58 0
74 58 0
75 58 0
76 58 0
77 58 0
78 58 0
79 58 0
80 58 0
81 58 0
82 58 0
83 58 0
84 58 0
85 58 0
86 58 0
87 58 0
88 58 0
89 58 0
90 58 0
91 58 0
92 58 0
93 58 0
94 58 0
95 58 0
96 58 0
1 59 0
2 59 0
3 59 0
4 59 0
5 59 0
6 59 0
7 59 0
8 59 0
9 59 0
10 59 1.12822e-05
11 59 5.17839e-05
12 59 9.94477e-05
13 59 0.00015738
14 59 0.00031888
15 59 0.000583376
16 59 0.000866317
17 59 0.00126471
18 59 0.00188861
19 59 0.00268924
20 59 0.00363009
21 59 0.00481141
22 59 0.00628614
23 59 0.00783857
24 59 0.00995835
25 59 0.0126831
26 59 0.0155962
27 59 0.0187391
28 59 0.0219222
29 59 0.0253888
30 59 0.0291093
31 59 0.0328701
32 59 0.0373823
33 59 0.0421788
34 59 0.0466128
35 59 0.0508336
36 59 0.0547141
37 59 0.058374
38 59 0.0618561
39 59 0.0649556
40 59 0.0677035
41 59 0.0699761
42 59 0.0712114
43 59 0.0712835
44 59 0.0707683
45 59 0.0695033
46 59 0.0676479
47 59 0.0648516
48 59 0.0603396
49 59 0.055446
50 59 0.0504105
51 59 0.0452063
52 59 0.040011
53 59 0.0348237
54 59 0.029568
55 59 0.0242298
56 59 0.0188873
57 59 0.0149415
58 59 0.0119774
59 59 0.00931175
60 59 0.00717406
61 59 0.00540312
62 59 0.00379588
63 59 0.0026131
64 59 0.00183769
65 59 0.00122205
66 59 0.000809465
67 59 0.000525233
68 59 0.000296006
69 59 0.000124416
70 59 6.41784e-05
71 59 2.75027e-05
72 59 2.6162e-06
73 59 0
74 59 0
75 59 0
76 59 0
77 59 0
78 59 0
79 59 0
80 59 0
81 59 0
82 59 0
83 59 0
84 59 0
85 59 0
86 59 0
87 59 0
88 59 0
89 59 0
90 59 0
91 59 0
92 59 0
93 59 0
94 59 0
95 59 0
96 59 0
1 60 0
2 60 0
3 60 0
4 60 0
5 60 0
6 60 0
7 60 0
8 60 0
9 60 0
10 60 1.12822e-05
11 60 5.17839e-05
12 60 9.94477e-05
13 60 0.000134815
14 60 0.000192747
15 60 0.000354247
16 60 0.000618744
17 60 0.00101714
18 60 0.00152407
19 60 0.00214797
20 60 0.0029486
21 60 0.00388945
22 60 0.00507077
23 60 0.00639921
24 60 0.00797345
25 60 0.00969467
26 60 0.0115235
27 60 0.0135406
28 60 0.0157875
29 60 0.0180746
30 60 0.0206452
31 60 0.0234698
32 60 0.0263136
33 60 0.0298201
34 60 0.0333372
35 60 0.0366715
36 60 0.0397786
37 60 0.0427381
38 60 0.0455074
39 60 0.0478561
40 60 0.0500394
41 60 0.0518039
42 60 0.0524837
43 60 0.052465
44 60 0.0520494
45 60 0.0510016
46 60 0.0493498
47 60 0.0474099
48 60 0.0442242
49 60 0.0407685
50 60 0.0372907
51 60 0.0336662
52 60 0.0300507
53 60 0.0263747
54 60 0.0226162
55 60 0.0188535
56 60 0.015083
57 60 0.0123376
58 60 0.0097008
59 60 0.00756311
60 60 0.00579216
61 60 0.00418492
62 60 0.00300214
63 60 0.00204856
64 60 0.00141068
65 60 0.000840876
66 60 0.000578946
67 60 0.000354952
68 60 0.000204324
69 60 0.000115259
70 60 5.36973e-05
71 60 2.61946e-05
72 60 2.6162e-06
73 60 0
74 60 0
75 60 0
76 60 0
77 60 0
78 60 0
79 60 0
80 60 0
81 60 0
82 60 0
83 60 0
84 60 0
85 60 0
86 60 0
87 60 0
88 60 0
89 60 0
90 60 0
91 60 0
92 60 0
93 60 0
94 60 0
95 60 0
96 60 0
1 61 0
2 61 0
3 61 0
4 61 0
5 61 0
6 61 0
7 61 0
8 61 0
9 61 0
10 61 0
11 61 1.12822e-05
12 61 5.17839e-05
13 61 9.94477e-05
14 61 0.00015738
15 61 0.000239904
16 61 0.000401404
17 61 0.0006659
18 61 0.0010643
19 61 0.00158101
20 61 0.00219714
21 61 0.00299651
22 61 0.00387766
23 61 0.00490103
24 61 0.00605732
25 61 0.00752438
26 61 0.00912917
27 61 0.0107561
28 61 0.0125492
29 61 0.0145721
30 61 0.0166352
31 61 0.0189819
32 61 0.0213869
33 61 0.0238085
34 61 0.0260851
35 61 0.0282823
36 61 0.0302995
37 61 0.0322175
38 61 0.0339059
39 61 0.035526
40 61 0.036726
41 61 0.0376438
42 61 0.0380835
43 61 0.03826
44 61 0.0377087
45 61 0.0370433
46 61 0.035723
47 61 0.0341303
48 61 0.0320003
49 61 0.0296999
50 61 0.0272308
51 61 0.0247706
52 61 0.02225
53 61 0.0197153
54 61 0.0171122
55 61 0.0145048
56 61 0.0118896
57 61 0.0097559
58 61 0.007681
59 61 0.00603583
60 61 0.00444428
61 61 0.0032615
62 61 0.00230792
63 61 0.00155475
64 61 0.000970557
65 61 0.000708628
66 61 0.000442708
67 61 0.000286849
68 61 0.000124416
69 61 6.41784e-05
70 61 2.75027e-05
71 61 2.6162e-06
72 61 0
73 61 0
74 61 0
75 61 0
76 61 0
77 61 0
78 61 0
79 61 0
80 61 0
81 61 0
82 61 0
83 61 0
84 61 0
85 61 0
86 61 0
87 61 0
88 61 0
89 61 0
90 61 0
91 61 0
92 61 0
93 61 0
94 61 0
95 61 0
96 61 0
1 62 0
2 62 0
3 62 0
4 62 0
5 62 0
6 62 0
7 62 0
8 62 0
9 62 0
10 62 0
11 62 1.12822e-05
12 62 3.48606e-05
13 62 7.53623e-05
14 62 0.000123026
15 62 0.000180958
16 62 0.000342458
17 62 0.000590031
18 62 0.000874084
19 62 0.0011806
20 62 0.0015928
21 62 0.00220893
22 62 0.0030083
23 62 0.0038902
24 62 0.00485388
25 62 0.00585221
26 62 0.00698918
27 62 0.00826387
28 62 0.00956068
29 62 0.0110237
30 62 0.0125209
31 62 0.0142137
32 62 0.0159467
33 62 0.0178747
34 62 0.0197845
35 62 0.0216629
36 62 0.0234407
37 62 0.0249023
38 62 0.0261938
39 62 0.02742
40 62 0.0285177
41 62 0.0293661
42 62 0.029656
43 62 0.0298559
44 62 0.0294992
45 62 0.0288403
46 62 0.0277694
47 62 0.0266259
48 62 0.024945
49 62 0.0230418
50 62 0.0211475
51 62 0.0192612
52 62 0.0173065
53 62 0.0152692
54 62 0.0132277
55 62 0.0111784
56 62 0.00912705
57 62 0.0074859
58 62 0.00589436
59 62 0.00451244
60 62 0.00335582
61 62 0.00258041
62 62 0.00184948
63 62 0.00126529
64 62 0.000856622
65 62 0.000572389
66 62 0.000343162
67 62 0.000171573
68 62 0.000111335
69 62 5.36973e-05
70 62 2.61946e-05
71 62 2.6162e-06
72 62 0
73 62 0
74 62 0
75 62 0
76 62 0
77 62 0
78 62 0
79 62 0
80 62 0
81 62 0
82 62 0
83 62 0
84 62 0
85 62 0
86 62 0
87 62 0
88 62 0
89 62 0
90 62 0
91 62 0
92 62 0
93 62 0
94 62 0
95 62 0
96 62 0
1 63 0
2 63 0
3 63 0
4 63 0
5 63 0
6 63 0
7 63 0
8 63 0
9 63 0
10 63 0
11 63 0
12 63 1.12822e-05
13 63 5.17839e-05
14 63 0.00011073
15 63 0.000158394
16 63 0.000216326
17 63 0.00029885
18 63 0.00046035
19 63 0.000744402
20 63 0.0010607
21 63 0.00147491
22 63 0.00198385
23 63 0.00266642
24 63 0.00354832
25 63 0.00440518
26 63 0.00525401
27 63 0.0062495
28 63 0.00727516
29 63 0.00840838
30 63 0.00972995
31 63 0.0110857
32 63 0.0124415
33 63 0.0139928
34 63 0.0154562
35 63 0.0167897
36 63 0.018005
37 63 0.0190922
38 63 0.0200865
39 63 0.0209219
40 63 0.0216646
41 63 0.0223847
42 63 0.0225921
43 63 0.0227021
44 63 0.022676
45 63 0.0220832
46 63 0.0212918
47 63 0.0202792
48 63 0.0188855
49 63 0.0174354
50 63 0.0160245
51 63 0.0145531
52 63 0.0129992
53 63 0.011441
54 63 0.00988486
55 63 0.00831891
56 63 0.00673139
57 63 0.00534947
58 63 0.00419285
59 63 0.00306109
60 63 0.00228568
61 63 0.00167004
62 63 0.00110024
63 63 0.000838309
64 63 0.000614314
65 63 0.000390319
66 63 0.00021873
67 63 0.000127049
68 63 6.54865e-05
69 63 2.75027e-05
70 63 2.6162e-06
71 63 0
72 63 0
73 63 0
74 63 0
75 63 0
76 63 0
77 63 0
78 63 0
79 63 0
80 63 0
81 63 0
82 63 0
83 63 0
84 63 0
85 63 0
86 63 0
87 63 0
88 63 0
89 63 0
90 63 0
91 63 0
92 63 0
93 63 0
94 63 0
95 63 0
96 63 0
1 64 0
2 64 0
3 64 0
4 64 0
5 64 0
6 64 0
7 64 0
8 64 0
9 64 0
10 64 0
11 64 0
12 64 0
13 64 1.12822e-05
14 64 5.17839e-05
15 64 0.00011073
16 64 0.000158394
17 64 0.000216326
18 64 0.00029885
19 64 0.00046035
20 64 0.000727479
21 64 0.00102533
22 64 0.00133386
23 64 0.00173628
24 64 0.00231166
25 64 0.00296957
26 64 0.00364155
27 64 0.00427442
28 64 0.00504592
29 64 0.00584759
30 64 0.00675681
31 64 0.00768816
32 64 0.00878573
33 64 0.00991749
34 64 0.0109534
35 64 0.0118637
36 64 0.0127441
37 64 0.0135942
38 64 0.0143326
39 64 0.0149077
40 64 0.0153986
41 64 0.0158277
42 64 0.0163059
43 64 0.0163021
44 64 0.0161965
45 64 0.0158243
46 64 0.0154117
47 64 0.0144961
48 64 0.0135449
49 64 0.0126017
50 64 0.0115902
51 64 0.0104961
52 64 0.00938787
53 64 0.00828946
54 64 0.00718329
55 64 0.00605555
56 64 0.00492378
57 64 0.00379202
58 64 0.00301661
59 64 0.00228568
60 64 0.00170149
61 64 0.00113561
62 64 0.000873676
63 64 0.000607757
64 64 0.00037853
65 64 0.000206941
66 64 0.000115259
67 64 6.41784e-05
68 64 2.75027e-05
69 64 2.6162e-06
70 64 0
71 64 0
72 64 0
73 64 0
74 64 0
75 64 0
76 64 0
77 64 0
78 64 0
79 64 0
80 64 0
81 64 0
82 64 0
83 64 0
84 64 0
85 64 0
86 64 0
87 64 0
88 64 0
89 64 0
90 64 0
91 64 0
92 64 0
93 64 0
94 64 0
95 64 0
96 64 0
1 65 0
2 65 0
3 65 0
4 65 0
5 65 0
6 65 0
7 65 0
8 65 0
9 65 0
10 65 0
11 65 0
12 65 0
13 65 0
14 65 1.12822e-05
15 65 5.17839e-05
16 65 0.00011073
17 65 0.000158394
18 65 0.000193761
19 65 0.000251693
20 65 0.000334218
21 65 0.000515274
22 65 0.000796203
23 65 0.00108629
24 65 0.00139281
25 65 0.00176777
26 65 0.00222526
27 65 0.00269683
28 65 0.00312929
29 65 0.0035537
30 65 0.00412478
31 65 0.00472603
32 65 0.00543484
33 65 0.00616577
34 65 0.00687977
35 65 0.00757534
36 65 0.00817096
37 65 0.00866742
38 65 0.00912952
39 65 0.00953427
40 65 0.00987302
41 65 0.0101625
42 65 0.0104285
43 65 0.0105573
44 65 0.0106516
45 65 0.0102953
46 65 0.00987085
47 65 0.00933881
48 65 0.00879651
49 65 0.00818576
50 65 0.00749249
51 65 0.00678513
52 65 0.00608756
53 65 0.00538222
54 65 0.00465531
55 65 0.00392438
56 65 0.00319345
57 65 0.00246252
58 65 0.00187833
59 65 0.00131244
60 65 0.00105051
61 65 0.000826519
62 65 0.000602525
63 65 0.00037853
64 65 0.000206941
65 65 0.000115259
66 65 6.41784e-05
67 65 2.75027e-05
68 65 2.6162e-06
69 65 0
70 65 0
71 65 0
72 65 0
73 65 0
74 65 0
75 65 0
76 65 0
77 65 0
78 65 0
79 65 0
80 65 0
81 65 0
82 65 0
83 65 0
84 65 0
85 65 0
86 65 0
87 65 0
88 65 0
89 65 0
90 65 0
91 65 0
92 65 0
93 65 0
94 65 0
95 65 0
96 65 0
1 66 0
2 66 0
3 66 0
4 66 0
5 66 0
6 66 0
7 66 0
8 66 0
9 66 0
10 66 0
11 66 0
12 66 0
13 66 0
14 66 0
15 66 1.12822e-05
16 66 3.48606e-05
17 66 7.53623e-05
18 66 0.000123026
19 66 0.000158394
20 66 0.000216326
21 66 0.000318406
22 66 0.000424509
23 66 0.000619365
24 66 0.000892528
25 66 0.00116368
26 66 0.00150328
27 66 0.00185695
28 66 0.00227908
29 66 0.00271528
30 66 0.00311236
31 66 0.00350141
32 66 0.00403712
33 66 0.004603
34 66 0.00508991
35 66 0.00549074
36 66 0.00587061
37 66 0.0062253
38 66 0.00654492
39 66 0.00686403
40 66 0.0071772
41 66 0.00736712
42 66 0.00755364
43 66 0.00751044
44 66 0.00738599
45 66 0.00733735
46 66 0.00730198
47 66 0.00689421
48 66 0.00643443
49 66 0.00590621
50 66 0.00536391
51 66 0.00483138
52 66 0.00429109
53 66 0.00374879
54 66 0.00318693
55 66 0.00262105
56 66 0.00205516
57 66 0.00148928
58 66 0.00122735
59 66 0.00100336
60 66 0.000737438
61 66 0.000508211
62 66 0.000357584
63 66 0.000195151
64 66 0.000134914
65 66 8.77568e-05
66 66 5.10811e-05
67 66 2.61946e-05
68 66 2.6162e-06
69 66 0
70 66 0
71 66 0
72 66 0
73 66 0
74 66 0
75 66 0
76 66 0
77 66 0
78 66 0
79 66 0
80 66 0
81 66 0
82 66 0
83 66 0
84 66 0
85 66 0
86 66 0
87 66 0
88 66 0
89 66 0
90 66 0
91 66 0
92 66 0
93 66 0
94 66 0
95 66 0
96 66 0
1 67 0
2 67 0
3 67 0
4 67 0
5 67 0
6 67 0
7 67 0
8 67 0
9 67 0
10 67 0
11 67 0
12 67 0
13 67 0
14 67 0
15 67 0
16 67 1.12822e-05
17 67 3.48606e-05
18 67 7.53623e-05
19 67 0.000134308
20 67 0.000181972
21 67 0.00021734
22 67 0.000272263
23 67 0.000353774
24 67 0.000469654
25 67 0.000587546
26 67 0.00069566
27 67 0.000870209
28 67 0.00105884
29 67 0.00131591
30 67 0.00158706
31 67 0.00185821
32 67 0.00209025
33 67 0.00231425
34 67 0.00251568
35 67 0.00269252
36 67 0.00286935
37 67 0.00303651
38 67 0.00321335
39 67 0.00336278
40 67 0.0034715
41 67 0.0035768
42 67 0.00356631
43 67 0.00358184
44 67 0.00355301
45 67 0.00351765
46 67 0.00341383
47 67 0.00329594
48 67 0.0031096
49 67 0.00291896
50 67 0.00273034
51 67 0.00253193
52 67 0.00233151
53 67 0.00211154
54 67 0.00188755
55 67 0.00166355
56 67 0.00143956
57 67 0.00121556
58 67 0.000991568
59 67 0.000767573
60 67 0.000543579
61 67 0.000371989
62 67 0.000206941
63 67 0.000146703
64 67 8.90649e-05
65 67 5.10811e-05
66 67 2.61946e-05
67 67 2.6162e-06
68 67 0
69 67 0
70 67 0
71 67 0
72 67 0
73 67 0
74 67 0
75 67 0
76 67 0
77 67 0
78 67 0
79 67 0
80 67 0
81 67 0
82 67 0
83 67 0
84 67 0
85 67 0
86 67 0
87 67 0
88 67 0
89 67 0
90 67 0
91 67 0
92 67 0
93 67 0
94 67 0
95 67 0
96 67 0
1 68 0
2 68 0
3 68 0
4 68 0
5 68 0
6 68 0
7 68 0
8 68 0
9 68 0
10 68 0
11 68 0
12 68 0
13 68 0
14 68 0
15 68 0
16 68 0
17 68 0
18 68 1.12822e-05
19 68 3.48606e-05
20 68 7.53623e-05
21 68 0.000134308
22 68 0.000181972
23 68 0.00021734
24 68 0.000272263
25 68 0.000340987
26 68 0.000411722
27 68 0.00047268
28 68 0.000531626
29 68 0.000659018
30 68 0.000800488
31 68 0.000941958
32 68 0.00115187
33 68 0.00137587
34 68 0.00159986
35 68 0.00183514
36 68 0.00208271
37 68 0.00231336
38 68 0.00252557
39 68 0.00270553
40 68 0.0028601
41 68 0.00301336
42 68 0.00315614
43 68 0.00322916
44 68 0.0031833
45 68 0.00312435
46 68 0.00301792
47 68 0.00282666
48 68 0.00263602
49 68 0.0024474
50 68 0.00224899
51 68 0.00202902
52 68 0.00180502
53 68 0.00158103
54 68 0.00135703
55 68 0.00113304
56 68 0.000909044
57 68 0.000685049
58 68 0.000534422
59 68 0.000371989
60 68 0.000206941
61 68 0.000146703
62 68 9.9546e-05
63 68 6.28703e-05
64 68 2.75027e-05
65 68 2.6162e-06
66 68 0
67 68 0
68 68 0
69 68 0
70 68 0
71 68 0
72 68 0
73 68 0
74 68 0
75 68 0
76 68 0
77 68 0
78 68 0
79 68 0
80 68 0
81 68 0
82 68 0
83 68 0
84 68 0
85 68 0
86 68 0
87 68 0
88 68 0
89 68 0
90 68 0
91 68 0
92 68 0
93 68 0
94 68 0
95 68 0
96 68 0
1 69 0
2 69 0
3 69 0
4 69 0
5 69 0
6 69 0
7 69 0
8 69 0
9 69 0
10 69 0
11 69 0
12 69 0
13 69 0
14 69 0
15 69 0
16 69 0
17 69 0
18 69 0
19 69 0
20 69 1.12822e-05
21 69 3.48606e-05
22 69 7.53623e-05
23 69 0.000134308
24 69 0.000193254
25 69 0.000271756
26 69 0.000354281
27 69 0.000446583
28 69 0.000540897
29 69 0.000625432
30 69 0.000707957
31 69 0.000858927
32 69 0.00102398
33 69 0.00118902
34 69 0.00135407
35 69 0.0015022
36 69 0.00163188
37 69 0.00175028
38 69 0.00185638
39 69 0.00196248
40 69 0.00204763
41 69 0.00213015
42 69 0.00220219
43 69 0.00227293
44 69 0.00226474
45 69 0.00224116
46 69 0.00212255
47 69 0.00199287
48 69 0.00185341
49 69 0.00171194
50 69 0.00155091
51 69 0.00138586
52 69 0.00122081
53 69 0.00105576
54 69 0.000890714
55 69 0.000725665
56 69 0.000560617
57 69 0.000395568
58 69 0.000230519
59 69 0.000170281
60 69 0.000123124
61 69 8.64487e-05
62 69 5.10811e-05
63 69 2.61946e-05
64 69 2.6162e-06
65 69 0
66 69 0
67 69 0
68 69 0
69 69 0
70 69 0
71 69 0
72 69 0
73 69 0
74 69 0
75 69 0
76 69 0
77 69 0
78 69 0
79 69 0
80 69 0
81 69 0
82 69 0
83 69 0
84 69 0
85 69 0
86 69 0
87 69 0
88 69 0
89 69 0
90 69 0
91 69 0
92 69 0
93 69 0
94 69 0
95 69 0
96 69 0
1 70 0
2 70 0
3 70 0
4 70 0
5 70 0
6 70 0
7 70 0
8 70 0
9 70 0
10 70 0
11 70 0
12 70 0
13 70 0
14 70 0
15 70 0
16 70 0
17 70 0
18 70 0
19 70 0
20 70 0
21 70 0
22 70 1.12822e-05
23 70 3.48606e-05
24 70 5.8439e-05
25 70 8.20174e-05
26 70 0.000125152
27 70 0.000172309
28 70 0.000219465
29 70 0.0002764
30 70 0.000335346
31 70 0.000384514
32 70 0.000431671
33 70 0.000478828
34 70 0.000525985
35 70 0.000561859
36 70 0.000585438
37 70 0.000609016
38 70 0.000632594
39 70 0.000656173
40 70 0.000679751
41 70 0.000682367
42 70 0.000682367
43 70 0.000682367
44 70 0.000681664
45 70 0.000681664
46 70 0.000661405
47 70 0.000637827
48 70 0.000614248
49 70 0.000571114
50 70 0.000523957
51 70 0.0004768
52 70 0.000429644
53 70 0.000382487
54 70 0.00033533
55 70 0.000288173
56 70 0.000241016
57 70 0.00019386
58 70 0.000146703
59 70 0.000110027
60 70 7.46595e-05
61 70 4.9773e-05
62 70 2.61946e-05
63 70 2.6162e-06
64 70 0
65 70 0
66 70 0
67 70 0
68 70 0
69 70 0
70 70 0
71 70 0
72 70 0
73 70 0
74 70 0
75 70 0
76 70 0
77 70 0
78 70 0
79 70 0
80 70 0
81 70 0
82 70 0
83 70 0
84 70 0
85 70 0
86 70 0
87 70 0
88 70 0
89 70 0
90 70 0
91 70 0
92 70 0
93 70 0
94 70 0
95 70 0
96 70 0
1 71 0
2 71 0
3 71 0
4 71 0
5 71 0
6 71 0
7 71 0
8 71 0
9 71 0
10 71 0
11 71 0
12 71 0
13 71 0
14 71 0
15 71 0
16 71 0
17 71 0
18 71 0
19 71 0
20 71 0
21 71 0
22 71 0
23 71 0
24 71 0
25 71 0
26 71 0
27 71 0
28 71 1.9556e-05
29 71 4.31344e-05
30 71 6.67128e-05
31 71 0.000100069
32 71 0.000135437
33 71 0.000170804
34 71 0.000206172
35 71 0.00024154
36 71 0.000276907
37 71 0.000312275
38 71 0.000347642
39 71 0.00038301
40 71 0.000418378
41 71 0.000453745
42 71 0.000489113
43 71 0.000503518
44 71 0.000505529
45 71 0.000505529
46 71 0.000495048
47 71 0.000463703
48 71 0.000428336
49 71 0.000392968
50 71 0.0003576
51 71 0.000322233
52 71 0.000286865
53 71 0.000251498
54 71 0.00021613
55 71 0.000180762
56 71 0.000145395
57 71 0.000110027
58 71 7.46595e-05
59 71 4.9773e-05
60 71 2.61946e-05
61 71 2.6162e-06
62 71 0
63 71 0
64 71 0
65 71 0
66 71 0
67 71 0
68 71 0
69 71 0
70 71 0
71 71 0
72 71 0
73 71 0
74 71 0
75 71 0
76 71 0
77 71 0
78 71 0
79 71 0
80 71 0
81 71 0
82 71 0
83 71 0
84 71 0
85 71 0
86 71 0
87 71 0
88 71 0
89 71 0
90 71 0
91 71 0
92 71 0
93 71 0
94 71 0
95 71 0
96 71 0
1 72 0
2 72 0
3 72 0
4 72 0
5 72 0
6 72 0
7 72 0
8 72 0
9 72 0
10 72 0
11 72 0
12 72 0
13 72 0
14 72 0
15 72 0
16 72 0
17 72 0
18 72 0
19 72 0
20 72 0
21 72 0
22 72 0
23 72 0
24 72 0
25 72 0
26 72 0
27 72 0
28 72 0
29 72 0
30 72 0
31 72 1.9556e-05
32 72 4.31344e-05
33 72 6.67128e-05
34 72 9.02912e-05
35 72 0.00011387
36 72 0.000137448
37 72 0.000161026
38 72 0.000184605
39 72 0.000208183
40 72 0.000231762
41 72 0.00025534
42 72 0.000278918
43 72 0.000302497
44 72 0.000306519
45 72 0.000306519
46 72 0.000285557
47 72 0.000261979
48 72 0.0002384
49 72 0.000214822
50 72 0.000191243
51 72 0.000167665
52 72 0.000144087
53 72 0.000120508
54 72 9.69298e-05
55 72 7.33514e-05
56 72 4.9773e-05
57 72 2.61946e-05
58 72 2.6162e-06
59 72 0
60 72 0
61 72 0
62 72 0
63 72 0
64 72 0
65 72 0
66 72 0
67 72 0
68 72 0
69 72 0
70 72 0
71 72 0
72 72 0
73 72 0
74 72 0
75 72 0
76 72 0
77 72 0
78 72 0
79 72 0
80 72 0
81 72 0
82 72 0
83 72 0
84 72 0
85 72 0
86 72 0
87 72 0
88 72 0
89 72 0
90 72 0
91 72 0
92 72 0
93 72 0
94 72 0
95 72 0
96 72 0
1 73 0
2 73 0
3 73 0
4 73 0
5 73 0
6 73 0
7 73 0
8 73 0
9 73 0
10 73 0
11 73 0
12 73 0
13 73 0
14 73 0
15 73 0
16 73 0
17 73 0
18 73 0
19 73 0
20 73 0
21 73 0
22 73 0
23 73 0
24 73 0
25 73 0
26 73 0
27 73 0
28 73 0
29 73 0
30 73 0
31 73 0
32 73 0
33 73 0
34 73 0
35 73 0
36 73 0
37 73 0
38 73 0
39 73 0
40 73 0
41 73 0
42 73 0
43 73 0
44 73 0
45 73 0
46 73 0
47 73 0
48 73 0
49 73 0
50 73 0
51 73 0
52 73 0
53 73 0
54 73 0
55 73 0
56 73 0
57 73 0
58 73 0
59 73 0
60 73 0
61 73 0
62 73 0
63 73 0
64 73 0
65 73 0
66 73 0
67 73 0
68 73 0
69 73 0
70 73 0
71 73 0
72 73 0
73 73 0
74 73 0
75 73 0
76 73 0
77 73 0
78 73 0
79 73 0
80 73 0
81 73 0
82 73 0
83 73 0
84 73 0
85 73 0
86 73 0
87 73 0
88 73 0
89 73 0
90 73 0
91 73 0
92 73 0
93 73 0
94 73 0
95 73 0
96 73 0
1 74 0
2 74 0
3 74 0
4 74 0
5 74 0
6 74 0
7 74 0
8 74 0
9 74 0
10 74 0
11 74 0
12 74 0
13 74 0
14 74 0
15 74 0
16 74 0
17 74 0
18 74 0
19 74 0
20 74 0
21 74 0
22 74 0
23 74 0
24 74 0
25 74 0
26 74 0
27 74 0
28 74 0
29 74 0
30 74 0
31 74 0
32 74 0
33 74 0
34 74 0
35 74 0
36 74 0
37 74 0
38 74 0
39 74 0
40 74 0
41 74 0
42 74 0
43 74 0
44 74 0
45 74 0
46 74 0
47 74 0
48 74 0
49 74 0
50 74 0
51 74 0
52 74 0
53 74 0
54 74 0
55 74 0
56 74 0
57 74 0
58 74 0
59 74 0
60 74 0
61 74 0
62 74 0
63 74 0
64 74 0
65 74 0
66 74 0
67 74 0
68 74 0
69 74 0
70 74 0
71 74 0
72 74 0
73 74 0
74 74 0
75 74 0
76 74 0
77 74 0
78 74 0
79 74 0
80 74 0
81 74 0
82 74 0
83 74 0
84 74 0
85 74 0
86 74 0
87 74 0
88 74 0
89 74 0
90 74 0
91 74 0
92 74 0
93 74 0
94 74 0
95 74 0
96 74 0
1 75 0
2 75 0
3 75 0
4 75 0
5 75 0
6 75 0
7 75 0
8 75 0
9 75 0
10 75 0
11 75 0
12 75 0
13 75 0
14 75 0
15 75 0
16 75 0
17 75 0
18 75 0
19 75 0
20 75 0
21 75 0
22 75 0
23 75 0
24 75 0
25 75 0
26 75 0
27 75 0
28 75 0
29 75 0
30 75 0
31 75 0
32 75 0
33 75 0
34 75 0
35 75 0
36 75 0
37 75 0
38 75 0
39 75 0
40 75 0
41 75 0
42 75 0
43 75 0
44 75 0
45 75 0
46 75 0
47 75 0
48 75 0
49 75 0
50 75 0
51 75 0
52 75 0
53 75 0
54 75 0
55 75 0
56 75 0
57 75 0
58 75 0
59 75 0
60 75 0
61 75 0
62 75 0
63 75 0
64 75 0
65 75 0
66 75 0
67 75 0
68 75 0
69 75 0
70 75 0
71 75 0
72 75 0
73 75 0
74 75 0
75 75 0
76 75 0
77 75 0
78 75 0
79 75 0
80 75 0
81 75 0
82 75 0
83 75 0
84 75 0
85 75 0
86 75 0
87 75 0
88 75 0
89 75 0
90 75 0
91 75 0
92 75 0
93 75 0
94 75 0
95 75 0
96 75 0
1 76 0
2 76 0
3 76 0
4 76 0
5 76 0
6 76 0
7 76 0
8 76 0
9 76 0
10 76 0
11 76 0
12 76 0
13 76 0
14 76 0
15 76 0
16 76 0
17 76 0
18 76 0
19 76 0
20 76 0
21 76 0
22 76 0
23 76 0
24 76 0
25 76 0
26 76 0
27 76 0
28 76 0
29 76 0
30 76 0
31 76 0
32 76 0
33 76 0
34 76 0
35 76 0
36 76 0
37 76 0
38 76 0
39 76 0
40 76 0
41 76 0
42 76 0
43 76 0
44 76 0
45 76 0
46 76 0
47 76 0
48 76 0
49 76 0
50 76 0
51 76 0
52 76 0
53 76 0
54 76 0
55 76 0
56 76 0
57 76 0
58 76 0
59 76 0
60 76 0
61 76 0
62 76 0
63 76 0
64 76 0
65 76 0
66 76 0
67 76 0
68 76 0
69 76 0
70 76 0
71 76 0
72 76 0
73 76 0
74 76 0
75 76 0
76 76 0
77 76 0
78 76 0
79 76 0
80 76 0
81 76 0
82 76 0
83 76 0
84 76 0
85 76 0
86 76 0
87 76 0
88 76 0
89 76 0
90 76 0
91 76 0
92 76 0
93 76 0
94 76 0
95 76 0
96 76 0
1 77 0
2 77 0
3 77 0
4 77 0
5 77 0
6 77 0
7 77 0
8 77 0
9 77 0
10 77 0
11 77 0
12 77 0
13 77 0
14 77 0
15 77 0
16 77 0
17 77 0
18 77 0
19 77 0
20 77 0
21 77 0
22 77 0
23 77 0
24 77 0
25 77 0
26 77 0
27 77 0
28 77 0
29 77 0
30 77 0
31 77 0
32 77 0
33 77 0
34 77 0
35 77 0
36 77 0
37 77 0
38 77 0
39 77 0
40 77 0
41 77 0
42 77 0
43 77 0
44 77 0
45 77 0
46 77 0
47 77 0
48 77 0
49 77 0
50 77 0
51 77 0
52 77 0
53 77 0
54 77 0
55 77 0
56 77 0
57 77 0
58 77 0
59 77 0
60 77 0
61 77 0
62 77 0
63 77 0
64 77 0
65 77 0
66 77 0
67 77 0
68 77 0
69 77 0
70 77 0
71 77 0
72 77 0
73 77 0
74 77 0
75 77 0
76 77 0
77 77 0
78 77 0
79 77 0
80 77 0
81 77 0
82 77 0
83 77 0
84 77 0
85 77 0
86 77 0
87 77 0
88 77 0
89 77 0
90 77 0
91 77 0
92 77 0
93 77 0
94 77 0
95 77 0
96 77 0
1 78 0
2 78 0
3 78 0
4 78 0
5 78 0
6 78 0
7 78 0
8 78 0
9 78 0
10 78 0
11 78 0
12 78 0
13 78 0
14 78 0
15 78 0
16 78 0
17 78 0
18 78 0
19 78 0
20 78 0
21 78 0
22 78 0
23 78 0
24 78 0
25 78 0
26 78 0
27 78 0
28 78 0
29 78 0
30 78 0
31 78 0
32 78 0
33 78 0
34 78 0
35 78 0
36 78 0
37 78 0
38 78 0
39 78 0
40 78 0
41 78 0
42 78 0
43 78 0
44 78 0
45 78 0
46 78 0
47 78 0
48 78 0
49 78 0
50 78 0
51 78 0
52 78 0
53 78 0
54 78 0
55 78 0
56 78 0
57 78 0
58 78 0
59 78 0
60 78 0
61 78 0
62 78 0
63 78 0
64 78 0
65 78 0
66 78 0
67 78 0
68 78 0
69 78 0
70 78 0
71 78 0
72 78 0
73 78 0
74 78 0
75 78 0
76 78 0
77 78 0
78 78 0
79 78 0
80 78 0
81 78 0
82 78 0
83 78 0
84 78 0
85 78 0
86 78 0
87 78 0
88 78 0
89 78 0
90 78 0
91 78 0
92 78 0
93 78 0
94 78 0
95 78 0
96 78 0
1 79 0
2 79 0
3 79 0
4 79 0
5 79 0
6 79 0
7 79 0
8 79 0
9 79 0
10 79 0
11 79 0
12 79 0
13 79 0
14 79 0
15 79 0
16 79 0
17 79 0
18 79 0
19 79 0
20 79 0
21 79 0
22 79 0
23 79 0
24 79 0
25 79 0
26 79 0
27 79 0
28 79 0
29 79 0
30 79 0
31 79 0
32 79 0
33 79 0
34 79 0
35 79 0
36 79 0
37 79 0
38 79 0
39 79 0
40 79 0
41 79 0
42 79 0
43 79 0
44 79 0
45 79 0
46 79 0
47 79 0
48 79 0
49 79 0
50 79 0
51 79 0
52 79 0
53 79 0
54 79 0
55 79 0
56 79 0
57 79 0
58 79 0
59 79 0
60 79 0
61 79 0
62 79 0
63 79 0
64 79 0
65 79 0
66 79 0
67 79 0
68 79 0
69 79 0
70 79 0
71 79 0
72 79 0
73 79 0
74 79 0
75 79 0
76 79 0
77 79 0
78 79 0
79 79 0
80 79 0
81 79 0
82 79 0
83 79 0
84 79 0
85 79 0
86 79 0
87 79 0
88 79 0
89 79 0
90 79 0
91 79 0
92 79 0
93 79 0
94 79 0
95 79 0
96 79 0
1 80 0
2 80 0
3 80 0
4 80 0
5 80 0
6 80 0
7 80 0
8 80 0
9 80 0
10 80 0
11 80 0
12 80 0
13 80 0
14 80 0
15 80 0
16 80 0
17 80 0
18 80 0
19 80 0
20 80 0
21 80 0
22 80 0
23 80 0
24 80 0
25 80 0
26 80 0
27 80 0
28 80 0
29 80 0
30 80 0
31 80 0
32 80 0
33 80 0
34 80 0
35 80 0
36 80 0
37 80 0
38 80 0
39 80 0
40 80 0
41 80 0
42 80 0
43 80 0
44 80 0
45 80 0
46 80 0
47 80 0
48 80 0
49 80 0
50 80 0
51 80 0
52 80 0
53 80 0
54 80 0
55 80 0
56 80 0
57 80 0
58 80 0
59 80 0
60 80 0
61 80 0
62 80 0
63 80 0
64 80 0
65 80 0
66 80 0
67 80 0
68 80 0
69 80 0
70 80 0
71 80 0
72 80 0
73 80 0
74 80 0
75 80 0
76 80 0
77 80 0
78 80 0
79 80 0
80 80 0
81 80 0
82 80 0
83 80 0
84 80 0
85 80 0
86 80 0
87 80 0
88 80 0
89 80 0
90 80 0
91 80 0
92 80 0
93 80 0
94 80 0
95 80 0
96 80 0
1 81 0
2 81 0
3 81 0
4 81 0
5 81 0
6 81 0
7 81 0
8 81 0
9 81 0
10 81 0
11 81 0
12 81 0
13 81 0
14 81 0
15 81 0
16 81 0
17 81 0
18 81 0
19 81 0
20 81 0
21 81 0
22 81 0
23 81 0
24 81 0
25 81 0
26 81 0
27 81 0
28 81 0
29 81 0
30 81 0
31 81 0
32 81 0
33 81 0
34 81 0
35 81 0
36 81 0
37 81 0
38 81 0
39 81 0
40 81 0
41 81 0
42 81 0
43 81 0
44 81 0
45 81 0
46 81 0
47 81 0
48 81 0
49 81 0
50 81 0
51 81 0
52 81 0
53 81 0
54 81 0
55 81 0
56 81 0
57 81 0
58 81 0
59 81 0
60 81 0
61 81 0
62 81 0
63 81 0
64 81 0
65 81 0
66 81 0
67 81 0
68 81 0
69 81 0
70 81 0
71 81 0
72 81 0
73 81 0
74 81 0
75 81 0
76 81 0
77 81 0
78 81 0
79 81 0
80 81 0
81 81 0
82 81 0
83 81 0
84 81 0
85 81 0
86 81 0
87 81 0
88 81 0
89 81 0
90 81 0
91 81 0
92 81 0
93 81 0
94 81 0
95 81 0
96 81 0
1 82 0
2 82 0
3 82 0
4 82 0
5 82 0
6 82 0
7 82 0
8 82 0
9 82 0
10 82 0
11 82 0
12 82 0
13 82 0
14 82 0
15 82 0
16 82 0
17 82 0
18 82 0
19 82 0
20 82 0
21 82 0
22 82 0
23 82 0
24 82 0
25 82 0
26 82 0
27 82 0
28 82 0
29 82 0
30 82 0
31 82 0
32 82 0
33 82 0
34 82 0
35 82 0
36 82 0
37 82 0
38 82 0
39 82 0
40 82 0
41 82 0
42 82 0
43 82 0
44 82 0
45 82 0
46 82 0
47 82 0
48 82 0
49 82 0
50 82 0
51 82 0
52 82 0
53 82 0
54 82 0
55 82 0
56 82 0
57 82 0
58 82 0
59 82 0
60 82 0
61 82 0
62 82 0
63 82 0
64 82 0
65 82 0
66 82 0
67 82 0
68 82 0
69 82 0
70 82 0
71 82 0
72 82 0
73 82 0
74 82 0
75 82 0
76 82 0
77 82 0
78 82 0
79 82 0
80 82 0
81 82 0
82 82 0
83 82 0
84 82 0
85 82 0
86 82 0
87 82 0
88 82 0
89 82 0
90 82 0
91 82 0
92 82 0
93 82 0
94 82 0
95 82 0
96 82 0
1 83 0
2 83 0
3 83 0
4 83 0
5 83 0
6 83 0
7 83 0
8 83 0
9 83 0
10 83 0
11 83 0
12 83 0
13 83 0
14 83 0
15 83 0
16 83 0
17 83 0
18 83 0
19 83 0
20 83 0
21 83 0
22 83 0
23 83 0
24 83 0
25 83 0
26 83 0
27 83 0
28 83 0
29 83 0
30 83 0
31 83 0
32 83 0
33 83 0
34 83 0
35 83 0
36 83 0
37 83 0
38 83 0
39 83 0
40 83 0
41 83 0
42 83 0
43 83 0
44 83 0
45 83 0
46 83 0
47 83 0
48 83 0
49 83 0
50 83 0
51 83 0
52 83 0
53 83 0
54 83 0
55 83 0
56 83 0
57 83 0
58 83 0
59 83 0
60 83 0
61 83 0
62 83 0
63 83 0
64 83 0
65 83 0
66 83 0
67 83 0
68 83 0
69 83 0
70 83 0
71 83 0
72 83 0
73 83 0
74 83 0
75 83 0
76 83 0
77 83 0
78 83 0
79 83 0
80 83 0
81 83 0
82 83 0
83 83 0
84 83 0
85 83 0
86 83 0
87 83 0
88 83 0
89 83 0
90 83 0
91 83 0
92 83 0
93 83 0
94 83 0
95 83 0
96 83 0
1 84 0
2 84 0
3 84 0
4 84 0
5 84 0
6 84 0
7 84 0
8 84 0
9 84 0
10 84 0
11 84 0
12 84 0
13 84 0
14 84 0
15 84 0
16 84 0
17 84 0
18 84 0
19 84 0
20 84 0
21 84 0
22 84 0
23 84 0
24 84 0
25 84 0
26 84 0
27 84 0
28 84 0
29 84 0
30 84 0
31 84 0
32 84 0
33 84 0
34 84 0
35 84 0
36 84 0
37 84 0
38 84 0
39 84 0
40 84 0
41 84 0
42 84 0
43 84 0
44 84 0
45 84 0
46 84 0
47 84 0
48 84 0
49 84 0
50 84 0
51 84 0
52 84 0
53 84 0
54 84 0
55 84 0
56 84 0
57 84 0
58 84 0
59 84 0
60 84 0
61 84 0
62 84 0
63 84 0
64 84 0
65 84 0
66 84 0
67 84 0
68 84 0
69 84 0
70 84 0
71 84 0
72 84 0
73 84 0
74 84 0
75 84 0
76 84 0
77 84 0
78 84 0
79 84 0
80 84 0
81 84 0
82 84 0
83 84 0
84 84 0
85 84 0
86 84 0
87 84 0
88 84 0
89 84 0
90 84 0
91 84 0
92 84 0
93 84 0
94 84 0
95 84 0
96 84 0
1 85 0
2 85 0
3 85 0
4 85 0
5 85 0
6 85 0
7 85 0
8 85 0
9 85 0
10 85 0
11 85 0
12 85 0
13 85 0
14 85 0
15 85 0
16 85 0
17 85 0
18 85 0
19 85 0
20 85 0
21 85 0
22 85 0
23 85 0
24 85 0
25 85 0
26 85 0
27 85 0
28 85 0
29 85 0
30 85 0
31 85 0
32 85 0
33 85 0
34 85 0
35 85 0
36 85 0
37 85 0
38 85 0
39 85 0
40 85 0
41 85 0
42 85 0
43 85 0
44 85 0
45 85 0
46 85 0
47 85 0
48 85 0
49 85 0
50 85 0
51 85 0
52 85 0
53 85 0
54 85 0
55 85 0
56 85 0
57 85 0
58 85 0
59 85 0
60 85 0
61 85 0
62 85 0
63 85 0
64 85 0
65 85 0
66 85 0
67 85 0
68 85 0
69 85 0
70 85 0
71 85 0
72 85 0
73 85 0
74 85 0
75 85 0
76 85 0
77 85 0
78 85 0
79 85 0
80 85 0
81 85 0
82 85 0
83 85 0
84 85 0
85 85 0
86 85 0
87 85 0
88 85 0
89 85 0
90 85 0
91 85 0
92 85 0
93 85 0
94 85 0
95 85 0
96 85 0
1 86 0
2 86 0
3 86 0
4 86 0
5 86 0
6 86 0
7 86 0
8 86 0
9 86 0
10 86 0
11 86 0
12 86 0
13 86 0
14 86 0
15 86 0
16 86 0
17 86 0
18 86 0
19 86 0
20 86 0
21 86 0
22 86 0
23 86 0
24 86 0
25 86 0
26 86 0
27 86 0
28 86 0
29 86 0
30 86 0
31 86 0
32 86 0
33 86 0
34 86 0
35 86 0
36 86 0
37 86 0
38 86 0
39 86 0
40 86 0
41 86 0
42 86 0
43 86 0
44 86 0
45 86 0
46 86 0
47 86 0
48 86 0
49 86 0
50 86 0
51 86 0
52 86 0
53 86 0
54 86 0
55 86 0
56 86 0
57 86 0
58 86 0
59 86 0
60 86 0
61 86 0
62 86 0
63 86 0
64 86 0
65 86 0
66 86 0
67 86 0
68 86 0
69 86 0
70 86 0
71 86 0
72 86 0
73 86 0
74 86 0
75 86 0
76 86 0
77 86 0
78 86 0
79 86 0
80 86 0
81 86 0
82 86 0
83 86 0
84 86 0
85 86 0
86 86 0
87 86 0
88 86 0
89 86 0
90 86 0
91 86 0
92 86 0
93 86 0
94 86 0
95 86 0
96 86 0
1 87 0
2 87 0
3 87 0
4 87 0
5 87 0
6 87 0
7 87 0
8 87 0
9 87 0
10 87 0
11 87 0
12 87 0
13 87 0
14 87 0
15 87 0
16 87 0
17 87 0
18 87 0
19 87 0
20 87 0
21 87 0
22 87 0
23 87 0
24 87 0
25 87 0
26 87 0
27 87 0
28 87 0
29 87 0
30 87 0
31 87 0
32 87 0
33 87 0
34 87 0
35 87 0
36 87 0
37 87 0
38 87 0
39 87 0
40 87 0
41 87 0
42 87 0
43 87 0
44 87 0
45 87 0
46 87 0
47 87 0
48 87 0
49 87 0
50 87 0
51 87 0
52 87 0
53 87 0
54 87 0
55 87 0
56 87 0
57 87 0
58 87 0
59 87 0
60 87 0
61 87 0
62 87 0
63 87 0
64 87 0
65 87 0
66 87 0
67 87 0
68 87 0
69 87 0
70 87 0
71 87 0
72 87 0
73 87 0
74 87 0
75 87 0
76 87 0
77 87 0
78 87 0
79 87 0
80 87 0
81 87 0
82 87 0
83 87 0
84 87 0
85 87 0
86 87 0
87 87 0
88 87 0
89 87 0
90 87 0
91 87 0
92 87 0
93 87 0
94 87 0
95 87 0
96 87 0
1 88 0
2 88 0
3 88 0
4 88 0
5 88 0
6 88 0
7 88 0
8 88 0
9 88 0
10 88 0
11 88 0
12 88 0
13 88 0
14 88 0
15 88 0
16 88 0
17 88 0
18 88 0
19 88 0
20 88 0
21 88 0
22 88 0
23 88 0
24 88 0
25 88 0
26 88 0
27 88 0
28 88 0
29 88 0
30 88 0
31 88 0
32 88 0
33 88 0
34 88 0
35 88 0
36 88 0
37 88 0
38 88 0
39 88 0
40 88 0
41 88 0
42 88 0
43 88 0
44 88 0
45 88 0
46 88 0
47 88 0
48 88 0
49 88 0
50 88 0
51 88 0
52 88 0
53 88 0
54 88 0
55 88 0
56 88 0
57 88 0
58 88 0
59 88 0
60 88 0
61 88 0
62 88 0
63 88 0
64 88 0
65 88 0
66 88 0
67 88 0
68 88 0
69 88 0
70 88 0
71 88 0
72 88 0
73 88 0
74 88 0
75 88 0
76 88 0
77 88 0
78 88 0
79 88 0
80 88 0
81 88 0
82 88 0
83 88 0
84 88 0
85 88 0
86 88 0
87 88 0
88 88 0
89 88 0
90 88 0
91 88 0
92 88 0
93 88 0
94 88 0
95 88 0
96 88 0
1 89 0
2 89 0
3 89 0
4 89 0
5 89 0
6 89 0
7 89 0
8 89 0
9 89 0
10 89 0
11 89 0
12 89 0
13 89 0
14 89 0
15 89 0
16 89 0
17 89 0
18 89 0
19 89 0
20 89 0
21 89 0
22 89 0
23 89 0
24 89 0
25 89 0
26 89 0
27 89 0
28 89 0
29 89 0
30 89 0
31 89 0
32 89 0
33 89 0
34 89 0
35 89 0
36 89 0
37 89 0
38 89 0
39 89 0
40 89 0
41 89 0
42 89 0
43 89 0
44 89 0
45 89 0
46 89 0
47 89 0
48 89 0
49 89 0
50 89 0
51 89 0
52 89 0
53 89 0
54 89 0
55 89 0
56 89 0
57 89 0
58 89 0
59 89 0
60 89 0
61 89 0
62 89 0
63 89 0
64 89 0
65 89 0
66 89 0
67 89 0
68 89 0
69 89 0
70 89 0
71 89 0
72 89 0
73 89 0
74 89 0
75 89 0
76 89 0
77 89 0
78 89 0
79 89 0
80 89 0
81 89 0
82 89 0
83 89 0
84 89 0
85 89 0
86 89 0
87 89 0
88 89 0
89 89 0
90 89 0
91 89 0
92 89 0
93 89 0
94 89 0
95 89 0
96 89 0
1 90 0
2 90 0
3 90 0
4 90 0
5 90 0
6 90 0
7 90 0
8 90 0
9 90 0
10 90 0
11 90 0
12 90 0
13 90 0
14 90 0
15 90 0
16 90 0
17 90 0
18 90 0
19 90 0
20 90 0
21 90 0
22 90 0
23 90 0
24 90 0
25 90 0
26 90 0
27 90 0
28 90 0
29 90 0
30 90 0
31 90 0
32 90 0
33 90 0
34 90 0
35 90 0
36 90 0
37 90 0
38 90 0
39 90 0
40 90 0
41 90 0
42 90 0
43 90 0
44 90 0
45 90 0
46 90 0
47 90 0
48 90 0
49 90 0
50 90 0
51 90 0
52 90 0
53 90 0
54 90 0
55 90 0
56 90 0
57 90 0
58 90 0
59 90 0
60 90 0
61 90 0
62 90 0
63 90 0
64 90 0
65 90 0
66 90 0
67 90 0
68 90 0
69 90 0
70 90 0
71 90 0
72 90 0
73 90 0
74 90 0
75 90 0
76 90 0
77 90 0
78 90 0
79 90 0
80 90 0
81 90 0
82 90 0
83 90 0
84 90 0
85 90 0
86 90 0
87 90 0
88 90 0
89 90 0
90 90 0
91 90 0
92 90 0
93 90 0
94 90 0
95 90 0
96 90 0
1 91 0
2 91 0
3 91 0
4 91 0
5 91 0
6 91 0
7 91 0
8 91 0
9 91 0
10 91 0
11 91 0
12 91 0
13 91 0
14 91 0
15 91 0
16 91 0
17 91 0
18 91 0
19 91 0
20 91 0
21 91 0
22 91 0
23 91 0
24 91 0
25 91 0
26 91 0
27 91 0
28 91 0
29 91 0
30 91 0
31 91 0
32 91 0
33 91 0
34 91 0
35 91 0
36 91 0
37 91 0
38 91 0
39 91 0
40 91 0
41 91 0
42 91 0
43 91 0
44 91 0
45 91 0
46 91 0
47 91 0
48 91 0
49 91 0
50 91 0
51 91 0
52 91 0
53 91 0
54 91 0
55 91 0
56 91 0
57 91 0
58 91 0
59 91 0
60 91 0
61 91 0
62 91 0
63 91 0
64 91 0
65 91 0
66 91 0
67 91 0
68 91 0
69 91 0
70 91 0
71 91 0
72 91 0
73 91 0
74 91 0
75 91 0
76 91 0
77 91 0
78 91 0
79 91 0
80 91 0
81 91 0
82 91 0
83 91 0
84 91 0
85 91 0
86 91 0
87 91 0
88 91 0
89 91 0
90 91 0
91 91 0
92 91 0
93 91 0
94 91 0
95 91 0
96 91 0
1 92 0
2 92 0
3 92 0
4 92 0
5 92 0
6 92 0
7 92 0
8 92 0
9 92 0
10 92 0
11 92 0
12 92 0
13 92 0
14 92 0
15 92 0
16 92 0
17 92 0
18 92 0
19 92 0
20 92 0
21 92 0
22 92 0
23 92 0
24 92 0
25 92 0
26 92 0
27 92 0
28 92 0
29 92 0
30 92 0
31 92 0
32 92 0
33 92 0
34 92 0
35 92 0
36 92 0
37 92 0
38 92 0
39 92 0
40 92 0
41 92 0
42 92 0
43 92 0
44 92 0
45 92 0
46 92 0
47 92 0
48 92 0
49 92 0
50 92 0
51 92 0
52 92 0
53 92 0
54 92 0
55 92 0
56 92 0
57 92 0
58 92 0
59 92 0
60 92 0
61 92 0
62 92 0
63 92 0
64 92 0
65 92 0
66 92 0
67 92 0
68 92 0
69 92 0
70 92 0
71 92 0
72 92 0
73 92 0
74 92 0
75 92 0
76 92 0
77 92 0
78 92 0
79 92 0
80 92 0
81 92 0
82 92 0
83 92 0
84 92 0
85 92 0
86 92 0
87 92 0
88 92 0
89 92 0
90 92 0
91 92 0
92 92 0
93 92 0
94 92 0
95 92 0
96 92 0
1 93 0
2 93 0
3 93 0
4 93 0
5 93 0
6 93 0
7 93 0
8 93 0
9 93 0
10 93 0
11 93 0
12 93 0
13 93 0
14 93 0
15 93 0
16 93 0
17 93 0
18 93 0
19 93 0
20 93 0
21 93 0
22 93 0
23 93 0
24 93 0
25 93 0
26 93 0
27 93 0
28 93 0
29 93 0
30 93 0
31 93 0
32 93 0
33 93 0
34 93 0
35 93 0
36 93 0
37 93 0
38 93 0
39 93 0
40 93 0
41 93 0
42 93 0
43 93 0
44 93 0
45 93 0
46 93 0
47 93 0
48 93 0
49 93 0
50 93 0
51 93 0
52 93 0
53 93 0
54 93 0
55 93 0
56 93 0
57 93 0
58 93 0
59 93 0
60 93 0
61 93 0
62 93 0
63 93 0
64 93 0
65 93 0
66 93 0
67 93 0
68 93 0
69 93 0
70 93 0
71 93 0
72 93 0
73 93 0
74 93 0
75 93 0
76 93 0
77 93 0
78 93 0
79 93 0
80 93 0
81 93 0
82 93 0
83 93 0
84 93 0
85 93 0
86 93 0
87 93 0
88 93 0
89 93 0
90 93 0
91 93 0
92 93 0
93 93 0
94 93 0
95 93 0
96 93 0
1 94 0
2 94 0
3 94 0
4 94 0
5 94 0
6 94 0
7 94 0
8 94 0
9 94 0
10 94 0
11 94 0
12 94 0
13 94 0
14 94 0
15 94 0
16 94 0
17 94 0
18 94 0
19 94 0
20 94 0
21 94 0
22 94 0
23 94 0
24 94 0
25 94 0
26 94 0
27 94 0
28 94 0
29 94 0
30 94 0
31 94 0
32 94 0
33 94 0
34 94 0
35 94 0
36 94 0
37 94 0
38 94 0
39 94 0
40 94 0
41 94 0
42 94 0
43 94 0
44 94 0
45 94 0
46 94 0
47 94 0
48 94 0
49 94 0
50 94 0
51 94 0
52 94 0
53 94 0
54 94 0
55 94 0
56 94 0
57 94 0
58 94 0
59 94 0
60 94 0
61 94 0
62 94 0
63 94 0
64 94 0
65 94 0
66 94 0
67 94 0
68 94 0
69 94 0
70 94 0
71 94 0
72 94 0
73 94 0
74 94 0
75 94 0
76 94 0
77 94 0
78 94 0
79 94 0
80 94 0
81 94 0
82 94 0
83 94 0
84 94 0
85 94 0
86 94 0
87 94 0
88 94 0
89 94 0
90 94 0
91 94 0
92 94 0
93 94 0
94 94 0
95 94 0
96 94 0
1 95 0
2 95 0
3 95 0
4 95 0
5 95 0
6 95 0
7 95 0
8 95 0
9 95 0
10 95 0
11 95 0
12 95 0
13 95 0
14 95 0
15 95 0
16 95 0
17 95 0
18 95 0
19 95 0
20 95 0
21 95 0
22 95 0
23 95 0
24 95 0
25 95 0
26 95 0
27 95 0
28 95 0
29 95 0
30 95 0
31 95 0
32 95 0
33 95 0
34 95 0
35 95 0
36 95 0
37 95 0
38 95 0
39 95 0
40 95 0
41 95 0
42 95 0
43 95 0
44 95 0
45 95 0
46 95 0
47 95 0
48 95 0
49 95 0
50 95 0
51 95 0
52 95 0
53 95 0
54 95 0
55 95 0
56 95 0
57 95 0
58 95 0
59 95 0
60 95 0
61 95 0
62 95 0
63 95 0
64 95 0
65 95 0
66 95 0
67 95 0
68 95 0
69 95 0
70 95 0
71 95 0
72 95 0
73 95 0
74 95 0
75 95 0
76 95 0
77 95 0
78 95 0
79 95 0
80 95 0
81 95 0
82 95 0
83 95 0
84 95 0
85 95 0
86 95 0
87 95 0
88 95 0
89 95 0
90 95 0
91 95 0
92 95 0
93 95 0
94 95 0
95 95 0
96 95 0
1 96 0
2 96 0
3 96 0
4 96 0
5 96 0
6 96 0
7 96 0
8 96 0
9 96 0
10 96 0
11 96 0
12 96 0
13 96 0
14 96 0
15 96 0
16 96 0
17 96 0
18 96 0
19 96 0
20 96 0
21 96 0
22 96 0
23 96 0
24 96 0
25 96 0
26 96 0
27 96 0
28 96 0
29 96 0
30 96 0
31 96 0
32 96 0
33 96 0
34 96 0
35 96 0
36 96 0
37 96 0
38 96 0
39 96 0
40 96 0
41 96 0
42 96 0
43 96 0
44 96 0
45 96 0
46 96 0
47 96 0
48 96 0
49 96 0
50 96 0
51 96 0
52 96 0
53 96 0
54 96 0
55 96 0
56 96 0
57 96 0
58 96 0
59 96 0
60 96 0
61 96 0
62 96 0
63 96 0
64 96 0
65 96 0
66 96 0
67 96 0
68 96 0
69 96 0
70 96 0
71 96 0
72 96 0
73 96 0
74 96 0
75 96 0
76 96 0
77 96 0
78 96 0
79 96 0
80 96 0
81 96 0
82 96 0
83 96 0
84 96 0
85 96 0
86 96 0
87 96 0
88 96 0
89 96 0
90 96 0
91 96 0
92 96 0
93 96 0
94 96 0
95 96 0
96 96 0
