1 1 0
2 1 0
3 1 0
4 1 0
5 1 0
6 1 0
7 1 0
8 1 0
9 1 0
10 1 0
11 1 0
12 1 0
13 1 0
14 1 0
15 1 0
16 1 0
17 1 0
18 1 0
19 1 0
20 1 0
21 1 0
22 1 0
23 1 0
24 1 0
25 1 0
26 1 0
27 1 0
28 1 0
29 1 0
30 1 0
31 1 0
32 1 0
33 1 0
34 1 0
35 1 0
36 1 0
37 1 0
38 1 0
39 1 0
40 1 0
41 1 0
42 1 0
43 1 0
44 1 0
45 1 0
46 1 0
47 1 0
48 1 0
49 1 0
50 1 0
51 1 0
52 1 0
53 1 0
54 1 0
55 1 0
56 1 0
57 1 0
58 1 0
59 1 0
60 1 0
61 1 0
62 1 0
63 1 0
64 1 0
65 1 0
66 1 0
67 1 0
68 1 0
69 1 0
70 1 0
71 1 0
72 1 0
73 1 0
74 1 0
75 1 0
76 1 0
77 1 0
78 1 0
79 1 0
80 1 0
81 1 0
82 1 0
83 1 0
84 1 0
85 1 0
86 1 0
87 1 0
88 1 0
89 1 0
90 1 0
91 1 0
92 1 0
93 1 0
94 1 0
95 1 0
96 1 0
1 2 0
2 2 0
3 2 0
4 2 0
5 2 0
6 2 0
7 2 0
8 2 0
9 2 0
10 2 0
11 2 0
12 2 0
13 2 0
14 2 0
15 2 0
16 2 0
17 2 0
18 2 0
19 2 0
20 2 0
21 2 0
22 2 0
23 2 0
24 2 0
25 2 0
26 2 0
27 2 0
28 2 0
29 2 0
30 2 0
31 2 0
32 2 0
33 2 0
34 2 0
35 2 0
36 2 0
37 2 0
38 2 0
39 2 0
40 2 0
41 2 0
42 2 0
43 2 0
44 2 0
45 2 0
46 2 0
47 2 0
48 2 0
49 2 0
50 2 0
51 2 0
52 2 0
53 2 0
54 2 0
55 2 0
56 2 0
57 2 0
58 2 0
59 2 0
60 2 0
61 2 0
62 2 0
63 2 0
64 2 0
65 2 0
66 2 0
67 2 0
68 2 0
69 2 0
70 2 0
71 2 0
72 2 0
73 2 0
74 2 0
75 2 0
76 2 0
77 2 0
78 2 0
79 2 0
80 2 0
81 2 0
82 2 0
83 2 0
84 2 0
85 2 0
86 2 0
87 2 0
88 2 0
89 2 0
90 2 0
91 2 0
92 2 0
93 2 0
94 2 0
95 2 0
96 2 0
1 3 0
2 3 0
3 3 0
4 3 0
5 3 0
6 3 0
7 3 0
8 3 0
9 3 0
10 3 0
11 3 0
12 3 0
13 3 0
14 3 0
15 3 0
16 3 0
17 3 0
18 3 0
19 3 0
20 3 0
21 3 0
22 3 0
23 3 0
24 3 0
25 3 0
26 3 0
27 3 0
28 3 0
29 3 0
30 3 0
31 3 0
32 3 0
33 3 0
34 3 0
35 3 0
36 3 0
37 3 0
38 3 0
39 3 0
40 3 0
41 3 0
42 3 0
43 3 0
44 3 0
45 3 0
46 3 0
47 3 0
48 3 0
49 3 0
50 3 0
51 3 0
52 3 0
53 3 0
54 3 0
55 3 0
56 3 0
57 3 0
58 3 0
59 3 0
60 3 0
61 3 0
62 3 0
63 3 0
64 3 0
65 3 0
66 3 0
67 3 0
68 3 0
69 3 0
70 3 0
71 3 0
72 3 0
73 3 0
74 3 0
75 3 0
76 3 0
77 3 0
78 3 0
79 3 0
80 3 0
81 3 0
82 3 0
83 3 0
84 3 0
85 3 0
86 3 0
87 3 0
88 3 0
89 3 0
90 3 0
91 3 0
92 3 0
93 3 0
94 3 0
95 3 0
96 3 0
1 4 0
2 4 0
3 4 0
4 4 0
5 4 0
6 4 0
7 4 0
8 4 0
9 4 0
10 4 0
11 4 0
12 4 0
13 4 0
14 4 0
15 4 0
16 4 0
17 4 0
18 4 0
19 4 0
20 4 0
21 4 0
22 4 0
23 4 0
24 4 0
25 4 0
26 4 0
27 4 0
28 4 0
29 4 0
30 4 0
31 4 0
32 4 0
33 4 0
34 4 0
35 4 0
36 4 0
37 4 0
38 4 0
39 4 0
40 4 0
41 4 0
42 4 0
43 4 0
44 4 0
45 4 0
46 4 0
47 4 0
48 4 0
49 4 0
50 4 0
51 4 0
52 4 0
53 4 0
54 4 0
55 4 0
56 4 0
57 4 0
58 4 0
59 4 0
60 4 0
61 4 0
62 4 0
63 4 0
64 4 0
65 4 0
66 4 0
67 4 0
68 4 0
69 4 0
70 4 0
71 4 0
72 4 0
73 4 0
74 4 0
75 4 0
76 4 0
77 4 0
78 4 0
79 4 0
80 4 0
81 4 0
82 4 0
83 4 0
84 4 0
85 4 0
86 4 0
87 4 0
88 4 0
89 4 0
90 4 0
91 4 0
92 4 0
93 4 0
94 4 0
95 4 0
96 4 0
1 5 0
2 5 0
3 5 0
4 5 0
5 5 0
6 5 0
7 5 0
8 5 0
9 5 0
10 5 0
11 5 0
12 5 0
13 5 0
14 5 0
15 5 0
16 5 0
17 5 0
18 5 0
19 5 0
20 5 0
21 5 0
22 5 0
23 5 0
24 5 0
25 5 0
26 5 0
27 5 0
28 5 0
29 5 0
30 5 0
31 5 0
32 5 0
33 5 0
34 5 0
35 5 0
36 5 0
37 5 0
38 5 0
39 5 0
40 5 0
41 5 0
42 5 0
43 5 0
44 5 0
45 5 0
46 5 0
47 5 0
48 5 0
49 5 0
50 5 0
51 5 0
52 5 0
53 5 0
54 5 0
55 5 0
56 5 0
57 5 0
58 5 0
59 5 0
60 5 0
61 5 0
62 5 0
63 5 0
64 5 0
65 5 0
66 5 0
67 5 0
68 5 0
69 5 0
70 5 0
71 5 0
72 5 0
73 5 0
74 5 0
75 5 0
76 5 0
77 5 0
78 5 0
79 5 0
80 5 0
81 5 0
82 5 0
83 5 0
84 5 0
85 5 0
86 5 0
87 5 0
88 5 0
89 5 0
90 5 0
91 5 0
92 5 0
93 5 0
94 5 0
95 5 0
96 5 0
1 6 0
2 6 0
3 6 0
4 6 0
5 6 0
6 6 0
7 6 0
8 6 0
9 6 0
10 6 0
11 6 0
12 6 0
13 6 0
14 6 0
15 6 0
16 6 0
17 6 0
18 6 0
19 6 0
20 6 0
21 6 0
22 6 0
23 6 0
24 6 0
25 6 0
26 6 0
27 6 0
28 6 0
29 6 0
30 6 0
31 6 0
32 6 0
33 6 0
34 6 0
35 6 0
36 6 0
37 6 0
38 6 0
39 6 0
40 6 0
41 6 0
42 6 0
43 6 0
44 6 0
45 6 0
46 6 0
47 6 0
48 6 0
49 6 0
50 6 0
51 6 0
52 6 0
53 6 0
54 6 0
55 6 0
56 6 0
57 6 0
58 6 0
59 6 0
60 6 0
61 6 0
62 6 0
63 6 0
64 6 0
65 6 0
66 6 0
67 6 0
68 6 0
69 6 0
70 6 0
71 6 0
72 6 0
73 6 0
74 6 0
75 6 0
76 6 0
77 6 0
78 6 0
79 6 0
80 6 0
81 6 0
82 6 0
83 6 0
84 6 0
85 6 0
86 6 0
87 6 0
88 6 0
89 6 0
90 6 0
91 6 0
92 6 0
93 6 0
94 6 0
95 6 0
96 6 0
1 7 0
2 7 0
3 7 0
4 7 0
5 7 0
6 7 0
7 7 0
8 7 0
9 7 0
10 7 0
11 7 0
12 7 0
13 7 0
14 7 0
15 7 0
16 7 0
17 7 0
18 7 0
19 7 0
20 7 0
21 7 0
22 7 0
23 7 0
24 7 0
25 7 0
26 7 0
27 7 0
28 7 0
29 7 0
30 7 0
31 7 0
32 7 0
33 7 0
34 7 0
35 7 0
36 7 0
37 7 0
38 7 0
39 7 0
40 7 0
41 7 0
42 7 0
43 7 0
44 7 0
45 7 0
46 7 0
47 7 0
48 7 0
49 7 0
50 7 0
51 7 0
52 7 0
53 7 0
54 7 0
55 7 0
56 7 0
57 7 0
58 7 0
59 7 0
60 7 0
61 7 0
62 7 0
63 7 0
64 7 0
65 7 0
66 7 0
67 7 0
68 7 0
69 7 0
70 7 0
71 7 0
72 7 0
73 7 0
74 7 0
75 7 0
76 7 0
77 7 0
78 7 0
79 7 0
80 7 0
81 7 0
82 7 0
83 7 0
84 7 0
85 7 0
86 7 0
87 7 0
88 7 0
89 7 0
90 7 0
91 7 0
92 7 0
93 7 0
94 7 0
95 7 0
96 7 0
1 8 0
2 8 0
3 8 0
4 8 0
5 8 0
6 8 0
7 8 0
8 8 0
9 8 0
10 8 0
11 8 0
12 8 0
13 8 0
14 8 0
15 8 0
16 8 0
17 8 0
18 8 0
19 8 0
20 8 0
21 8 0
22 8 0
23 8 0
24 8 0
25 8 0
26 8 0
27 8 0
28 8 0
29 8 0
30 8 0
31 8 0
32 8 0
33 8 0
34 8 0
35 8 0
36 8 0
37 8 0
38 8 0
39 8 0
40 8 0
41 8 0
42 8 0
43 8 0
44 8 0
45 8 0
46 8 0
47 8 0
48 8 0
49 8 0
50 8 0
51 8 0
52 8 0
53 8 0
54 8 0
55 8 0
56 8 0
57 8 0
58 8 0
59 8 0
60 8 0
61 8 0
62 8 0
63 8 0
64 8 0
65 8 0
66 8 0
67 8 0
68 8 0
69 8 0
70 8 0
71 8 0
72 8 0
73 8 0
74 8 0
75 8 0
76 8 0
77 8 0
78 8 0
79 8 0
80 8 0
81 8 0
82 8 0
83 8 0
84 8 0
85 8 0
86 8 0
87 8 0
88 8 0
89 8 0
90 8 0
91 8 0
92 8 0
93 8 0
94 8 0
95 8 0
96 8 0
1 9 0
2 9 0
3 9 0
4 9 0
5 9 0
6 9 0
7 9 0
8 9 0
9 9 0
10 9 0
11 9 0
12 9 0
13 9 0
14 9 0
15 9 0
16 9 0
17 9 0
18 9 0
19 9 0
20 9 0
21 9 0
22 9 0
23 9 0
24 9 0
25 9 0
26 9 0
27 9 0
28 9 0
29 9 0
30 9 0
31 9 0
32 9 0
33 9 0
34 9 0
35 9 0
36 9 0
37 9 0
38 9 0
39 9 0
40 9 0
41 9 0
42 9 0
43 9 0
44 9 0
45 9 0
46 9 0
47 9 0
48 9 0
49 9 0
50 9 0
51 9 0
52 9 0
53 9 0
54 9 0
55 9 0
56 9 0
57 9 0
58 9 0
59 9 0
60 9 0
61 9 0
62 9 0
63 9 0
64 9 0
65 9 0
66 9 0
67 9 0
68 9 0
69 9 0
70 9 0
71 9 0
72 9 0
73 9 0
74 9 0
75 9 0
76 9 0
77 9 0
78 9 0
79 9 0
80 9 0
81 9 0
82 9 0
83 9 0
84 9 0
85 9 0
86 9 0
87 9 0
88 9 0
89 9 0
90 9 0
91 9 0
92 9 0
93 9 0
94 9 0
95 9 0
96 9 0
1 10 0
2 10 0
3 10 0
4 10 0
5 10 0
6 10 0
7 10 0
8 10 0
9 10 0
10 10 0
11 10 0
12 10 0
13 10 0
14 10 0
15 10 0
16 10 0
17 10 0
18 10 0
19 10 0
20 10 0
21 10 0
22 10 0
23 10 0
24 10 0
25 10 0
26 10 0
27 10 0
28 10 0
29 10 0
30 10 0
31 10 0
32 10 0
33 10 0
34 10 0
35 10 0
36 10 0
37 10 0
38 10 0
39 10 0
40 10 0
41 10 0
42 10 0
43 10 0
44 10 0
45 10 0
46 10 0
47 10 0
48 10 0
49 10 0
50 10 0
51 10 0
52 10 0
53 10 0
54 10 0
55 10 0
56 10 0
57 10 0
58 10 0
59 10 0
60 10 0
61 10 0
62 10 0
63 10 0
64 10 0
65 10 0
66 10 0
67 10 0
68 10 0
69 10 0
70 10 0
71 10 0
72 10 0
73 10 0
74 10 0
75 10 0
76 10 0
77 10 0
78 10 0
79 10 0
80 10 0
81 10 0
82 10 0
83 10 0
84 10 0
85 10 0
86 10 0
87 10 0
88 10 0
89 10 0
90 10 0
91 10 0
92 10 0
93 10 0
94 10 0
95 10 0
96 10 0
1 11 0
2 11 0
3 11 0
4 11 0
5 11 0
6 11 0
7 11 0
8 11 0
9 11 0
10 11 0
11 11 0
12 11 0
13 11 0
14 11 0
15 11 0
16 11 0
17 11 0
18 11 0
19 11 0
20 11 0
21 11 0
22 11 0
23 11 0
24 11 0
25 11 0
26 11 0
27 11 0
28 11 0
29 11 0
30 11 0
31 11 0
32 11 0
33 11 0
34 11 0
35 11 0
36 11 0
37 11 0
38 11 0
39 11 0
40 11 0
41 11 0
42 11 0
43 11 0
44 11 0
45 11 0
46 11 0
47 11 0
48 11 0
49 11 0
50 11 0
51 11 0
52 11 0
53 11 0
54 11 0
55 11 0
56 11 0
57 11 0
58 11 0
59 11 0
60 11 0
61 11 0
62 11 0
63 11 0
64 11 0
65 11 0
66 11 0
67 11 0
68 11 0
69 11 0
70 11 0
71 11 0
72 11 0
73 11 0
74 11 0
75 11 0
76 11 0
77 11 0
78 11 0
79 11 0
80 11 0
81 11 0
82 11 0
83 11 0
84 11 0
85 11 0
86 11 0
87 11 0
88 11 0
89 11 0
90 11 0
91 11 0
92 11 0
93 11 0
94 11 0
95 11 0
96 11 0
1 12 0
2 12 0
3 12 0
4 12 0
5 12 0
6 12 0
7 12 0
8 12 0
9 12 0
10 12 0
11 12 0
12 12 0
13 12 0
14 12 0
15 12 0
16 12 0
17 12 0
18 12 0
19 12 0
20 12 0
21 12 0
22 12 0
23 12 0
24 12 0
25 12 0
26 12 0
27 12 0
28 12 0
29 12 0
30 12 0
31 12 0
32 12 0
33 12 0
34 12 0
35 12 0
36 12 0
37 12 0
38 12 0
39 12 0
40 12 0
41 12 0
42 12 0
43 12 0
44 12 0
45 12 0
46 12 0
47 12 0
48 12 0
49 12 0
50 12 0
51 12 0
52 12 0
53 12 0
54 12 0
55 12 0
56 12 0
57 12 0
58 12 0
59 12 0
60 12 0
61 12 0
62 12 0
63 12 0
64 12 0
65 12 0
66 12 0
67 12 0
68 12 0
69 12 0
70 12 0
71 12 0
72 12 0
73 12 0
74 12 0
75 12 0
76 12 0
77 12 0
78 12 0
79 12 0
80 12 0
81 12 0
82 12 0
83 12 0
84 12 0
85 12 0
86 12 0
87 12 0
88 12 0
89 12 0
90 12 0
91 12 0
92 12 0
93 12 0
94 12 0
95 12 0
96 12 0
1 13 0
2 13 0
3 13 0
4 13 0
5 13 0
6 13 0
7 13 0
8 13 0
9 13 0
10 13 0
11 13 0
12 13 0
13 13 0
14 13 0
15 13 0
16 13 0
17 13 0
18 13 0
19 13 0
20 13 0
21 13 0
22 13 0
23 13 0
24 13 0
25 13 0
26 13 0
27 13 0
28 13 0
29 13 0
30 13 0
31 13 0
32 13 0
33 13 0
34 13 0
35 13 0
36 13 0
37 13 0
38 13 0
39 13 0
40 13 0
41 13 0
42 13 0
43 13 0
44 13 0
45 13 0
46 13 0
47 13 0
48 13 0
49 13 0
50 13 0
51 13 0
52 13 0
53 13 0
54 13 0
55 13 0
56 13 0
57 13 0
58 13 0
59 13 0
60 13 0
61 13 0
62 13 0
63 13 0
64 13 0
65 13 0
66 13 0
67 13 0
68 13 0
69 13 0
70 13 0
71 13 0
72 13 0
73 13 0
74 13 0
75 13 0
76 13 0
77 13 0
78 13 0
79 13 0
80 13 0
81 13 0
82 13 0
83 13 0
84 13 0
85 13 0
86 13 0
87 13 0
88 13 0
89 13 0
90 13 0
91 13 0
92 13 0
93 13 0
94 13 0
95 13 0
96 13 0
1 14 0
2 14 0
3 14 0
4 14 0
5 14 0
6 14 0
7 14 0
8 14 0
9 14 0
10 14 0
11 14 0
12 14 0
13 14 0
14 14 0
15 14 0
16 14 0
17 14 0
18 14 0
19 14 0
20 14 0
21 14 0
22 14 0
23 14 0
24 14 0
25 14 0
26 14 0
27 14 0
28 14 0
29 14 0
30 14 0
31 14 0
32 14 0
33 14 0
34 14 0
35 14 0
36 14 0
37 14 0
38 14 0
39 14 0
40 14 0
41 14 0
42 14 0
43 14 0
44 14 0
45 14 0
46 14 0
47 14 0
48 14 0
49 14 0
50 14 0
51 14 0
52 14 0
53 14 0
54 14 0
55 14 0
56 14 0
57 14 0
58 14 0
59 14 0
60 14 0
61 14 0
62 14 0
63 14 0
64 14 0
65 14 0
66 14 0
67 14 0
68 14 0
69 14 0
70 14 0
71 14 0
72 14 0
73 14 0
74 14 0
75 14 0
76 14 0
77 14 0
78 14 0
79 14 0
80 14 0
81 14 0
82 14 0
83 14 0
84 14 0
85 14 0
86 14 0
87 14 0
88 14 0
89 14 0
90 14 0
91 14 0
92 14 0
93 14 0
94 14 0
95 14 0
96 14 0
1 15 0
2 15 0
3 15 0
4 15 0
5 15 0
6 15 0
7 15 0
8 15 0
9 15 0
10 15 0
11 15 0
12 15 0
13 15 0
14 15 0
15 15 0
16 15 0
17 15 0
18 15 0
19 15 0
20 15 0
21 15 0
22 15 0
23 15 0
24 15 0
25 15 0
26 15 0
27 15 0
28 15 0
29 15 0
30 15 0
31 15 0
32 15 0
33 15 0
34 15 0
35 15 0
36 15 0
37 15 0
38 15 0
39 15 0
40 15 0
41 15 0
42 15 0
43 15 0
44 15 0
45 15 0
46 15 0
47 15 0
48 15 0
49 15 0
50 15 0
51 15 0
52 15 0
53 15 0
54 15 0
55 15 0
56 15 0
57 15 0
58 15 0
59 15 0
60 15 0
61 15 0
62 15 0
63 15 0
64 15 0
65 15 0
66 15 0
67 15 0
68 15 0
69 15 0
70 15 0
71 15 0
72 15 0
73 15 0
74 15 0
75 15 0
76 15 0
77 15 0
78 15 0
79 15 0
80 15 0
81 15 0
82 15 0
83 15 0
84 15 0
85 15 0
86 15 0
87 15 0
88 15 0
89 15 0
90 15 0
91 15 0
92 15 0
93 15 0
94 15 0
95 15 0
96 15 0
1 16 0
2 16 0
3 16 0
4 16 0
5 16 0
6 16 0
7 16 0
8 16 0
9 16 0
10 16 0
11 16 0
12 16 0
13 16 0
14 16 0
15 16 0
16 16 0
17 16 0
18 16 0
19 16 0
20 16 0
21 16 0
22 16 0
23 16 0
24 16 0
25 16 0
26 16 0
27 16 0
28 16 0
29 16 0
30 16 0
31 16 0
32 16 0
33 16 0
34 16 0
35 16 0
36 16 0
37 16 0
38 16 0
39 16 0
40 16 0
41 16 0
42 16 0
43 16 0
44 16 0
45 16 0
46 16 0
47 16 0
48 16 0
49 16 0
50 16 0
51 16 0
52 16 0
53 16 0
54 16 0
55 16 0
56 16 0
57 16 0
58 16 0
59 16 0
60 16 0
61 16 0
62 16 0
63 16 0
64 16 0
65 16 0
66 16 0
67 16 0
68 16 0
69 16 0
70 16 0
71 16 0
72 16 0
73 16 0
74 16 0
75 16 0
76 16 0
77 16 0
78 16 0
79 16 0
80 16 0
81 16 0
82 16 0
83 16 0
84 16 0
85 16 0
86 16 0
87 16 0
88 16 0
89 16 0
90 16 0
91 16 0
92 16 0
93 16 0
94 16 0
95 16 0
96 16 0
1 17 0
2 17 0
3 17 0
4 17 0
5 17 0
6 17 0
7 17 0
8 17 0
9 17 0
10 17 0
11 17 0
12 17 0
13 17 0
14 17 0
15 17 0
16 17 0
17 17 0
18 17 0
19 17 0
20 17 0
21 17 0
22 17 0
23 17 0
24 17 0
25 17 0
26 17 0
27 17 0
28 17 0
29 17 0
30 17 0
31 17 0
32 17 0
33 17 0
34 17 0
35 17 0
36 17 0
37 17 0
38 17 0
39 17 0
40 17 0
41 17 0
42 17 0
43 17 0
44 17 0
45 17 0
46 17 0
47 17 0
48 17 0
49 17 0
50 17 0
51 17 0
52 17 0
53 17 0
54 17 0
55 17 0
56 17 0
57 17 0
58 17 0
59 17 0
60 17 0
61 17 0
62 17 0
63 17 0
64 17 0
65 17 0
66 17 0
67 17 0
68 17 0
69 17 0
70 17 0
71 17 0
72 17 0
73 17 0
74 17 0
75 17 0
76 17 0
77 17 0
78 17 0
79 17 0
80 17 0
81 17 0
82 17 0
83 17 0
84 17 0
85 17 0
86 17 0
87 17 0
88 17 0
89 17 0
90 17 0
91 17 0
92 17 0
93 17 0
94 17 0
95 17 0
96 17 0
1 18 0
2 18 0
3 18 0
4 18 0
5 18 0
6 18 0
7 18 0
8 18 0
9 18 0
10 18 0
11 18 0
12 18 0
13 18 0
14 18 0
15 18 0
16 18 0
17 18 0
18 18 0
19 18 0
20 18 0
21 18 0
22 18 0
23 18 0
24 18 0
25 18 0
26 18 0
27 18 0
28 18 0
29 18 0
30 18 0
31 18 0
32 18 0
33 18 0
34 18 0
35 18 0
36 18 0
37 18 0
38 18 0
39 18 0
40 18 0
41 18 0
42 18 0
43 18 0
44 18 0
45 18 0
46 18 0
47 18 0
48 18 0
49 18 0
50 18 0
51 18 0
52 18 0
53 18 0
54 18 0
55 18 0
56 18 0
57 18 0
58 18 0
59 18 0
60 18 0
61 18 0
62 18 0
63 18 0
64 18 0
65 18 0
66 18 0
67 18 0
68 18 0
69 18 0
70 18 0
71 18 0
72 18 0
73 18 0
74 18 0
75 18 0
76 18 0
77 18 0
78 18 0
79 18 0
80 18 0
81 18 0
82 18 0
83 18 0
84 18 0
85 18 0
86 18 0
87 18 0
88 18 0
89 18 0
90 18 0
91 18 0
92 18 0
93 18 0
94 18 0
95 18 0
96 18 0
1 19 0
2 19 0
3 19 0
4 19 0
5 19 0
6 19 0
7 19 0
8 19 0
9 19 0
10 19 0
11 19 0
12 19 0
13 19 0
14 19 0
15 19 0
16 19 0
17 19 0
18 19 0
19 19 0
20 19 0
21 19 0
22 19 0
23 19 0
24 19 0
25 19 0
26 19 0
27 19 0
28 19 0
29 19 0
30 19 0
31 19 0
32 19 0
33 19 0
34 19 0
35 19 0
36 19 0
37 19 0
38 19 0
39 19 0
40 19 0
41 19 0
42 19 0
43 19 0
44 19 0
45 19 0
46 19 0
47 19 0
48 19 0
49 19 0
50 19 0
51 19 0
52 19 0
53 19 0
54 19 0
55 19 0
56 19 0
57 19 0
58 19 0
59 19 0
60 19 0
61 19 0
62 19 0
63 19 0
64 19 0
65 19 0
66 19 0
67 19 0
68 19 0
69 19 0
70 19 0
71 19 0
72 19 0
73 19 0
74 19 0
75 19 0
76 19 0
77 19 0
78 19 0
79 19 0
80 19 0
81 19 0
82 19 0
83 19 0
84 19 0
85 19 0
86 19 0
87 19 0
88 19 0
89 19 0
90 19 0
91 19 0
92 19 0
93 19 0
94 19 0
95 19 0
96 19 0
1 20 0
2 20 0
3 20 0
4 20 0
5 20 0
6 20 0
7 20 0
8 20 0
9 20 0
10 20 0
11 20 0
12 20 0
13 20 0
14 20 0
15 20 0
16 20 0
17 20 0
18 20 0
19 20 0
20 20 0
21 20 0
22 20 0
23 20 0
24 20 0
25 20 0
26 20 0
27 20 0
28 20 0
29 20 0
30 20 0
31 20 0
32 20 0
33 20 0
34 20 0
35 20 0
36 20 0
37 20 0
38 20 0
39 20 0
40 20 0
41 20 0
42 20 0
43 20 0
44 20 0
45 20 0
46 20 0
47 20 0
48 20 0
49 20 0
50 20 0
51 20 0
52 20 0
53 20 0
54 20 0
55 20 0
56 20 0
57 20 0
58 20 0
59 20 0
60 20 0
61 20 0
62 20 0
63 20 0
64 20 0
65 20 0
66 20 0
67 20 0
68 20 0
69 20 0
70 20 0
71 20 0
72 20 0
73 20 0
74 20 0
75 20 0
76 20 0
77 20 0
78 20 0
79 20 0
80 20 0
81 20 0
82 20 0
83 20 0
84 20 0
85 20 0
86 20 0
87 20 0
88 20 0
89 20 0
90 20 0
91 20 0
92 20 0
93 20 0
94 20 0
95 20 0
96 20 0
1 21 0
2 21 0
3 21 0
4 21 0
5 21 0
6 21 0
7 21 0
8 21 0
9 21 0
10 21 0
11 21 0
12 21 0
13 21 0
14 21 0
15 21 0
16 21 0
17 21 0
18 21 0
19 21 0
20 21 0
21 21 0
22 21 0
23 21 0
24 21 0
25 21 0
26 21 0
27 21 0
28 21 0
29 21 0
30 21 0
31 21 0
32 21 0
33 21 0
34 21 0
35 21 0
36 21 0
37 21 0
38 21 0
39 21 0
40 21 0
41 21 0
42 21 0
43 21 0
44 21 0
45 21 0
46 21 0
47 21 0
48 21 0
49 21 0
50 21 0
51 21 0
52 21 0
53 21 0
54 21 0
55 21 0
56 21 0
57 21 0
58 21 0
59 21 0
60 21 0
61 21 0
62 21 0
63 21 0
64 21 0
65 21 0
66 21 0
67 21 0
68 21 0
69 21 0
70 21 0
71 21 0
72 21 0
73 21 0
74 21 0
75 21 0
76 21 0
77 21 0
78 21 0
79 21 0
80 21 0
81 21 0
82 21 0
83 21 0
84 21 0
85 21 0
86 21 0
87 21 0
88 21 0
89 21 0
90 21 0
91 21 0
92 21 0
93 21 0
94 21 0
95 21 0
96 21 0
1 22 0
2 22 0
3 22 0
4 22 0
5 22 0
6 22 0
7 22 0
8 22 0
9 22 0
10 22 0
11 22 0
12 22 0
13 22 0
14 22 0
15 22 0
16 22 0
17 22 0
18 22 0
19 22 0
20 22 0
21 22 0
22 22 0
23 22 0
24 22 0
25 22 0
26 22 0
27 22 0
28 22 0
29 22 0
30 22 0
31 22 0
32 22 0
33 22 0
34 22 0
35 22 0
36 22 0
37 22 0
38 22 0
39 22 0
40 22 0
41 22 0
42 22 0
43 22 0
44 22 0
45 22 0
46 22 0
47 22 0
48 22 0
49 22 0
50 22 0
51 22 0
52 22 0
53 22 0
54 22 0
55 22 0
56 22 0
57 22 0
58 22 0
59 22 0
60 22 0
61 22 0
62 22 0
63 22 0
64 22 0
65 22 0
66 22 0
67 22 0
68 22 0
69 22 0
70 22 0
71 22 0
72 22 0
73 22 0
74 22 0
75 22 0
76 22 0
77 22 0
78 22 0
79 22 0
80 22 0
81 22 0
82 22 0
83 22 0
84 22 0
85 22 0
86 22 0
87 22 0
88 22 0
89 22 0
90 22 0
91 22 0
92 22 0
93 22 0
94 22 0
95 22 0
96 22 0
1 23 0
2 23 0
3 23 0
4 23 0
5 23 0
6 23 0
7 23 0
8 23 0
9 23 0
10 23 0
11 23 0
12 23 0
13 23 0
14 23 0
15 23 0
16 23 0
17 23 0
18 23 0
19 23 0
20 23 0
21 23 0
22 23 0
23 23 0
24 23 0
25 23 0
26 23 0
27 23 0
28 23 0
29 23 0
30 23 0
31 23 0
32 23 0
33 23 0
34 23 0
35 23 0
36 23 0
37 23 0
38 23 0
39 23 0
40 23 0
41 23 0
42 23 0
43 23 0
44 23 0
45 23 0
46 23 0
47 23 0
48 23 0
49 23 0
50 23 0
51 23 0
52 23 0
53 23 0
54 23 0
55 23 0
56 23 0
57 23 0
58 23 0
59 23 0
60 23 0
61 23 0
62 23 0
63 23 0
64 23 0
65 23 0
66 23 0
67 23 0
68 23 0
69 23 0
70 23 0
71 23 0
72 23 0
73 23 0
74 23 0
75 23 0
76 23 0
77 23 0
78 23 0
79 23 0
80 23 0
81 23 0
82 23 0
83 23 0
84 23 0
85 23 0
86 23 0
87 23 0
88 23 0
89 23 0
90 23 0
91 23 0
92 23 0
93 23 0
94 23 0
95 23 0
96 23 0
1 24 0
2 24 0
3 24 0
4 24 0
5 24 0
6 24 0
7 24 0
8 24 0
9 24 0
10 24 0
11 24 0
12 24 0
13 24 0
14 24 0
15 24 0
16 24 0
17 24 0
18 24 0
19 24 0
20 24 0
21 24 0
22 24 0
23 24 0
24 24 0
25 24 0
26 24 0
27 24 0
28 24 0
29 24 0
30 24 0
31 24 0
32 24 0
33 24 0
34 24 0
35 24 0
36 24 0
37 24 0
38 24 0
39 24 0
40 24 0
41 24 0
42 24 0
43 24 0
44 24 0
45 24 0
46 24 0
47 24 0
48 24 0
49 24 0
50 24 0
51 24 0
52 24 0
53 24 0
54 24 0
55 24 0
56 24 0
57 24 0
58 24 0
59 24 0
60 24 0
61 24 0
62 24 0
63 24 0
64 24 0
65 24 0
66 24 0
67 24 0
68 24 0
69 24 0
70 24 0
71 24 0
72 24 0
73 24 0
74 24 0
75 24 0
76 24 0
77 24 0
78 24 0
79 24 0
80 24 0
81 24 0
82 24 0
83 24 0
84 24 0
85 24 0
86 24 0
87 24 0
88 24 0
89 24 0
90 24 0
91 24 0
92 24 0
93 24 0
94 24 0
95 24 0
96 24 0
1 25 0
2 25 0
3 25 0
4 25 0
5 25 0
6 25 0
7 25 0
8 25 0
9 25 0
10 25 0
11 25 0
12 25 0
13 25 0
14 25 0
15 25 0
16 25 0
17 25 0
18 25 0
19 25 0
20 25 0
21 25 0
22 25 0
23 25 0
24 25 0
25 25 0
26 25 0
27 25 0
28 25 0
29 25 0
30 25 0
31 25 0
32 25 0
33 25 0
34 25 0
35 25 0
36 25 0
37 25 0
38 25 0
39 25 0
40 25 0
41 25 0
42 25 0
43 25 0
44 25 0
45 25 0
46 25 0
47 25 0
48 25 0
49 25 0
50 25 0
51 25 0
52 25 0
53 25 0
54 25 0
55 25 0
56 25 0
57 25 0
58 25 0
59 25 0
60 25 0
61 25 0
62 25 0
63 25 0
64 25 0
65 25 0
66 25 0
67 25 0
68 25 0
69 25 0
70 25 0
71 25 0
72 25 0
73 25 0
74 25 0
75 25 0
76 25 0
77 25 0
78 25 0
79 25 0
80 25 0
81 25 0
82 25 0
83 25 0
84 25 0
85 25 0
86 25 0
87 25 0
88 25 0
89 25 0
90 25 0
91 25 0
92 25 0
93 25 0
94 25 0
95 25 0
96 25 0
1 26 0
2 26 0
3 26 0
4 26 0
5 26 0
6 26 0
7 26 0
8 26 0
9 26 0
10 26 0
11 26 0
12 26 0
13 26 0
14 26 0
15 26 0
16 26 0
17 26 0
18 26 0
19 26 0
20 26 0
21 26 0
22 26 0
23 26 0
24 26 0
25 26 0
26 26 0
27 26 0
28 26 0
29 26 0
30 26 0
31 26 0
32 26 0
33 26 5.9218e-06
34 26 1.47984e-05
35 26 2.3675e-05
36 26 3.25516e-05
37 26 4.14282e-05
38 26 5.03048e-05
39 26 5.91814e-05
40 26 6.8058e-05
41 26 7.69346e-05
42 26 8.58112e-05
43 26 9.46878e-05
44 26 0.000103564
45 26 0.000109929
46 26 0.000104008
47 26 9.5131e-05
48 26 8.62544e-05
49 26 7.73778e-05
50 26 6.85012e-05
51 26 5.96246e-05
52 26 5.0748e-05
53 26 4.18714e-05
54 26 3.29948e-05
55 26 2.41182e-05
56 26 1.52416e-05
57 26 6.365e-06
58 26 0
59 26 0
60 26 0
61 26 0
62 26 0
63 26 0
64 26 0
65 26 0
66 26 0
67 26 0
68 26 0
69 26 0
70 26 0
71 26 0
72 26 0
73 26 0
74 26 0
75 26 0
76 26 0
77 26 0
78 26 0
79 26 0
80 26 0
81 26 0
82 26 0
83 26 0
84 26 0
85 26 0
86 26 0
87 26 0
88 26 0
89 26 0
90 26 0
91 26 0
92 26 0
93 26 0
94 26 0
95 26 0
96 26 0
1 27 0
2 27 0
3 27 0
4 27 0
5 27 0
6 27 0
7 27 0
8 27 0
9 27 0
10 27 0
11 27 0
12 27 0
13 27 0
14 27 0
15 27 0
16 27 0
17 27 0
18 27 0
19 27 0
20 27 0
21 27 0
22 27 0
23 27 0
24 27 0
25 27 0
26 27 0
27 27 0
28 27 0
29 27 0
30 27 5.9218e-06
31 27 1.47984e-05
32 27 2.3675e-05
33 27 2.85729e-05
34 27 3.14855e-05
35 27 3.43981e-05
36 27 3.73107e-05
37 27 4.02233e-05
38 27 4.31359e-05
39 27 4.60485e-05
40 27 4.89611e-05
41 27 5.18737e-05
42 27 5.22747e-05
43 27 4.63107e-05
44 27 4.03467e-05
45 27 3.60702e-05
46 27 4.00489e-05
47 27 4.60129e-05
48 27 5.19769e-05
49 27 5.20191e-05
50 27 4.91065e-05
51 27 4.61939e-05
52 27 4.32813e-05
53 27 4.03687e-05
54 27 3.74561e-05
55 27 3.45435e-05
56 27 3.16309e-05
57 27 2.87183e-05
58 27 2.41182e-05
59 27 1.52416e-05
60 27 6.365e-06
61 27 0
62 27 0
63 27 0
64 27 0
65 27 0
66 27 0
67 27 0
68 27 0
69 27 0
70 27 0
71 27 0
72 27 0
73 27 0
74 27 0
75 27 0
76 27 0
77 27 0
78 27 0
79 27 0
80 27 0
81 27 0
82 27 0
83 27 0
84 27 0
85 27 0
86 27 0
87 27 0
88 27 0
89 27 0
90 27 0
91 27 0
92 27 0
93 27 0
94 27 0
95 27 0
96 27 0
1 28 0
2 28 0
3 28 0
4 28 0
5 28 0
6 28 0
7 28 0
8 28 0
9 28 0
10 28 0
11 28 0
12 28 0
13 28 0
14 28 0
15 28 0
16 28 0
17 28 0
18 28 0
19 28 0
20 28 0
21 28 0
22 28 0
23 28 0
24 28 0
25 28 0
26 28 0
27 28 0
28 28 5.9218e-06
29 28 2.64895e-05
30 28 4.31766e-05
31 28 5.78784e-05
32 28 7.25802e-05
33 28 8.53389e-05
34 28 9.71281e-05
35 28 0.000108917
36 28 0.000120707
37 28 0.000132496
38 28 0.000144285
39 28 0.000156074
40 28 0.000165352
41 28 0.000168264
42 28 0.000161173
43 28 0.000158261
44 28 0.000155348
45 28 0.000149924
46 28 0.000140078
47 28 0.000131201
48 28 0.000122325
49 28 0.000117427
50 28 0.000114514
51 28 0.00010568
52 28 9.38905e-05
53 28 8.21013e-05
54 28 7.03121e-05
55 28 5.85229e-05
56 28 4.67337e-05
57 28 3.49445e-05
58 28 2.56669e-05
59 28 2.27543e-05
60 28 1.98417e-05
61 28 1.52416e-05
62 28 6.365e-06
63 28 0
64 28 0
65 28 0
66 28 0
67 28 0
68 28 0
69 28 0
70 28 0
71 28 0
72 28 0
73 28 0
74 28 0
75 28 0
76 28 0
77 28 0
78 28 0
79 28 0
80 28 0
81 28 0
82 28 0
83 28 0
84 28 0
85 28 0
86 28 0
87 28 0
88 28 0
89 28 0
90 28 0
91 28 0
92 28 0
93 28 0
94 28 0
95 28 0
96 28 0
1 29 0
2 29 0
3 29 0
4 29 0
5 29 0
6 29 0
7 29 0
8 29 0
9 29 0
10 29 0
11 29 0
12 29 0
13 29 0
14 29 0
15 29 0
16 29 0
17 29 0
18 29 0
19 29 0
20 29 0
21 29 0
22 29 0
23 29 0
24 29 0
25 29 0
26 29 1.76129e-05
27 29 3.82787e-05
28 29 5.49658e-05
29 29 5.79765e-05
30 29 5.8946e-05
31 29 5.8946e-05
32 29 5.8946e-05
33 29 6.48678e-05
34 29 7.37444e-05
35 29 8.2621e-05
36 29 9.14976e-05
37 29 0.000100374
38 29 0.000106739
39 29 0.000106739
40 29 0.000108427
41 29 0.000114391
42 29 0.000129534
43 29 0.000138411
44 29 0.000147287
45 29 0.000145297
46 29 0.000139375
47 29 0.000130499
48 29 0.000121622
49 29 0.000114689
50 29 0.000108724
51 29 0.000106739
52 29 0.000106739
53 29 0.000100817
54 29 9.19408e-05
55 29 8.30642e-05
56 29 7.41876e-05
57 29 6.5311e-05
58 29 5.56103e-05
59 29 4.38211e-05
60 29 3.20319e-05
61 29 2.27543e-05
62 29 1.98417e-05
63 29 1.52416e-05
64 29 6.365e-06
65 29 0
66 29 0
67 29 0
68 29 0
69 29 0
70 29 0
71 29 0
72 29 0
73 29 0
74 29 0
75 29 0
76 29 0
77 29 0
78 29 0
79 29 0
80 29 0
81 29 0
82 29 0
83 29 0
84 29 0
85 29 0
86 29 0
87 29 0
88 29 0
89 29 0
90 29 0
91 29 0
92 29 0
93 29 0
94 29 0
95 29 0
96 29 0
1 30 0
2 30 0
3 30 0
4 30 0
5 30 0
6 30 0
7 30 0
8 30 0
9 30 0
10 30 0
11 30 0
12 30 0
13 30 0
14 30 0
15 30 0
16 30 0
17 30 0
18 30 0
19 30 0
20 30 0
21 30 0
22 30 0
23 30 0
24 30 1.16911e-05
25 30 2.94021e-05
26 30 3.43981e-05
27 30 3.73107e-05
28 30 3.82802e-05
29 30 3.82802e-05
30 30 4.4202e-05
31 30 5.30786e-05
32 30 6.19552e-05
33 30 7.27749e-05
34 30 8.45641e-05
35 30 9.63533e-05
36 30 0.000108142
37 30 0.00011742
38 30 0.00012202
39 30 0.000130897
40 30 0.000137262
41 30 0.000137262
42 30 0.000138086
43 30 0.000140998
44 30 0.000143911
45 30 0.000157691
46 30 0.000167537
47 30 0.000164722
48 30 0.00016181
49 30 0.000152975
50 30 0.000141186
51 30 0.00013134
52 30 0.000122463
53 30 0.000117565
54 30 0.000108731
55 30 9.69419e-05
56 30 8.51527e-05
57 30 7.33635e-05
58 30 6.23984e-05
59 30 5.35218e-05
60 30 4.46452e-05
61 30 3.49445e-05
62 30 2.31553e-05
63 30 1.38777e-05
64 30 1.09651e-05
65 30 6.365e-06
66 30 0
67 30 0
68 30 0
69 30 0
70 30 0
71 30 0
72 30 0
73 30 0
74 30 0
75 30 0
76 30 0
77 30 0
78 30 0
79 30 0
80 30 0
81 30 0
82 30 0
83 30 0
84 30 0
85 30 0
86 30 0
87 30 0
88 30 0
89 30 0
90 30 0
91 30 0
92 30 0
93 30 0
94 30 0
95 30 0
96 30 0
1 31 0
2 31 0
3 31 0
4 31 0
5 31 0
6 31 0
7 31 0
8 31 0
9 31 0
10 31 0
11 31 0
12 31 0
13 31 0
14 31 0
15 31 0
16 31 0
17 31 0
18 31 0
19 31 0
20 31 0
21 31 0
22 31 1.16911e-05
23 31 2.94021e-05
24 31 3.83768e-05
25 31 4.32747e-05
26 31 4.42442e-05
27 31 4.42442e-05
28 31 5.0166e-05
29 31 8.24248e-05
30 31 0.000116823
31 31 0.00015219
32 31 0.000187558
33 31 0.000246613
34 31 0.000317487
35 31 0.000385849
36 31 0.000447847
37 31 0.000511532
38 31 0.000576981
39 31 0.000636066
40 31 0.000695975
41 31 0.000757972
42 31 0.000795764
43 31 0.00083127
44 31 0.000866776
45 31 0.000885565
46 31 0.000838299
47 31 0.000790906
48 31 0.00074361
49 31 0.00068268
50 31 0.000620683
51 31 0.000552764
52 31 0.00048189
53 31 0.000412959
54 31 0.000348976
55 31 0.000286979
56 31 0.000219059
57 31 0.000148186
58 31 9.40293e-05
59 31 8.22401e-05
60 31 7.04509e-05
61 31 5.94858e-05
62 31 5.06092e-05
63 31 4.09085e-05
64 31 2.91193e-05
65 31 1.98417e-05
66 31 1.52416e-05
67 31 6.365e-06
68 31 0
69 31 0
70 31 0
71 31 0
72 31 0
73 31 0
74 31 0
75 31 0
76 31 0
77 31 0
78 31 0
79 31 0
80 31 0
81 31 0
82 31 0
83 31 0
84 31 0
85 31 0
86 31 0
87 31 0
88 31 0
89 31 0
90 31 0
91 31 0
92 31 0
93 31 0
94 31 0
95 31 0
96 31 0
1 32 0
2 32 0
3 32 0
4 32 0
5 32 0
6 32 0
7 32 0
8 32 0
9 32 0
10 32 0
11 32 0
12 32 0
13 32 0
14 32 0
15 32 0
16 32 0
17 32 0
18 32 0
19 32 0
20 32 0
21 32 1.16911e-05
22 32 2.94021e-05
23 32 4.03199e-05
24 32 4.61873e-05
25 32 4.71568e-05
26 32 4.71568e-05
27 32 7.64608e-05
28 32 0.000110859
29 32 0.000146226
30 32 0.000181594
31 32 0.000240649
32 32 0.000311523
33 32 0.000384247
34 32 0.000455384
35 32 0.000519331
36 32 0.000583701
37 32 0.000651925
38 32 0.000713783
39 32 0.000776466
40 32 0.000840413
41 32 0.000902272
42 32 0.00096413
43 32 0.00100927
44 32 0.000988663
45 32 0.000967073
46 32 0.000941644
47 32 0.000915292
48 32 0.000876944
49 32 0.000826874
50 32 0.000765114
51 32 0.000701312
52 32 0.000630619
53 32 0.000556971
54 32 0.000485267
55 32 0.000420453
56 32 0.000356651
57 32 0.000285958
58 32 0.000213095
59 32 0.000142222
60 32 8.80653e-05
61 32 7.62761e-05
62 32 6.44869e-05
63 32 5.35218e-05
64 32 4.38211e-05
65 32 3.20319e-05
66 32 2.27543e-05
67 32 1.73301e-05
68 32 6.365e-06
69 32 0
70 32 0
71 32 0
72 32 0
73 32 0
74 32 0
75 32 0
76 32 0
77 32 0
78 32 0
79 32 0
80 32 0
81 32 0
82 32 0
83 32 0
84 32 0
85 32 0
86 32 0
87 32 0
88 32 0
89 32 0
90 32 0
91 32 0
92 32 0
93 32 0
94 32 0
95 32 0
96 32 0
1 33 0
2 33 0
3 33 0
4 33 0
5 33 0
6 33 0
7 33 0
8 33 0
9 33 0
10 33 0
11 33 0
12 33 0
13 33 0
14 33 0
15 33 0
16 33 0
17 33 0
18 33 0
19 33 0
20 33 1.16911e-05
21 33 1.7711e-05
22 33 2.85307e-05
23 33 3.43981e-05
24 33 3.53676e-05
25 33 5.87498e-05
26 33 8.825e-05
27 33 0.000122648
28 33 0.000158016
29 33 0.000240453
30 33 0.000334905
31 33 0.000431208
32 33 0.000528434
33 33 0.000621206
34 33 0.00074135
35 33 0.000879645
36 33 0.00102179
37 33 0.00116091
38 33 0.00130598
39 33 0.00144385
40 33 0.00157963
41 33 0.0016987
42 33 0.00175202
43 33 0.00180435
44 33 0.0018547
45 33 0.00186367
46 33 0.00180358
47 33 0.00170608
48 33 0.00160672
49 33 0.00150644
50 33 0.00139417
51 33 0.00125848
52 33 0.00112076
53 33 0.000976139
54 33 0.000828566
55 33 0.000682936
56 33 0.000544197
57 33 0.000421539
58 33 0.000336028
59 33 0.00026238
60 33 0.000189517
61 33 0.000118643
62 33 6.44869e-05
63 33 5.26977e-05
64 33 4.17326e-05
65 33 3.53676e-05
66 33 3.20319e-05
67 33 2.27543e-05
68 33 1.73301e-05
69 33 6.365e-06
70 33 0
71 33 0
72 33 0
73 33 0
74 33 0
75 33 0
76 33 0
77 33 0
78 33 0
79 33 0
80 33 0
81 33 0
82 33 0
83 33 0
84 33 0
85 33 0
86 33 0
87 33 0
88 33 0
89 33 0
90 33 0
91 33 0
92 33 0
93 33 0
94 33 0
95 33 0
96 33 0
1 34 0
2 34 0
3 34 0
4 34 0
5 34 0
6 34 0
7 34 0
8 34 0
9 34 0
10 34 0
11 34 0
12 34 0
13 34 0
14 34 0
15 34 0
16 34 0
17 34 0
18 34 0
19 34 1.16911e-05
20 34 1.7711e-05
21 34 2.85307e-05
22 34 3.43981e-05
23 34 5.87498e-05
24 34 8.825e-05
25 34 0.000120705
26 34 0.000155103
27 34 0.000213853
28 34 0.000296486
29 34 0.000392789
30 34 0.000525089
31 34 0.00069127
32 34 0.000871699
33 34 0.00104494
34 34 0.00125987
35 34 0.00149925
36 34 0.00173308
37 34 0.001969
38 34 0.0022041
39 34 0.00243044
40 34 0.00262983
41 34 0.00276789
42 34 0.00290368
43 34 0.00301854
44 34 0.00305702
45 34 0.00305403
46 34 0.00300294
47 34 0.00288214
48 34 0.00270437
49 34 0.00250964
50 34 0.00231305
51 34 0.00210356
52 34 0.00187064
53 34 0.00163569
54 34 0.00139977
55 34 0.00115792
56 34 0.000915066
57 34 0.000706611
58 34 0.000568884
59 34 0.000424265
60 34 0.000297609
61 34 0.000223961
62 34 0.000151098
63 34 9.02705e-05
64 34 6.15743e-05
65 34 5.06092e-05
66 34 4.17326e-05
67 34 3.20319e-05
68 34 2.27543e-05
69 34 1.73301e-05
70 34 6.365e-06
71 34 0
72 34 0
73 34 0
74 34 0
75 34 0
76 34 0
77 34 0
78 34 0
79 34 0
80 34 0
81 34 0
82 34 0
83 34 0
84 34 0
85 34 0
86 34 0
87 34 0
88 34 0
89 34 0
90 34 0
91 34 0
92 34 0
93 34 0
94 34 0
95 34 0
96 34 0
1 35 0
2 35 0
3 35 0
4 35 0
5 35 0
6 35 0
7 35 0
8 35 0
9 35 0
10 35 0
11 35 0
12 35 0
13 35 0
14 35 0
15 35 0
16 35 0
17 35 0
18 35 1.16911e-05
19 35 1.17892e-05
20 35 1.96541e-05
21 35 2.55215e-05
22 35 4.98732e-05
23 35 7.93734e-05
24 35 0.000113771
25 35 0.000172521
26 35 0.000255155
27 35 0.00038468
28 35 0.000516351
29 35 0.000647001
30 35 0.000917433
31 35 0.00121814
32 35 0.00155093
33 35 0.00189255
34 35 0.00231289
35 35 0.00276503
36 35 0.00321844
37 35 0.00366975
38 35 0.00410436
39 35 0.00449659
40 35 0.00488804
41 35 0.00516643
42 35 0.00541405
43 35 0.00560853
44 35 0.00571749
45 35 0.00571947
46 35 0.00559895
47 35 0.00529209
48 35 0.00495879
49 35 0.00456077
50 35 0.00414676
51 35 0.00373187
52 35 0.00332775
53 35 0.00288835
54 35 0.00243703
55 35 0.00198377
56 35 0.00152362
57 35 0.00112422
58 35 0.000888255
59 35 0.000659938
60 35 0.000474473
61 35 0.00034197
62 35 0.000253503
63 35 0.00018064
64 35 0.000109766
65 35 5.56103e-05
66 35 4.38211e-05
67 35 3.2856e-05
68 35 2.31553e-05
69 35 1.38777e-05
70 35 8.4535e-06
71 35 0
72 35 0
73 35 0
74 35 0
75 35 0
76 35 0
77 35 0
78 35 0
79 35 0
80 35 0
81 35 0
82 35 0
83 35 0
84 35 0
85 35 0
86 35 0
87 35 0
88 35 0
89 35 0
90 35 0
91 35 0
92 35 0
93 35 0
94 35 0
95 35 0
96 35 0
1 36 0
2 36 0
3 36 0
4 36 0
5 36 0
6 36 0
7 36 0
8 36 0
9 36 0
10 36 0
11 36 0
12 36 0
13 36 0
14 36 0
15 36 0
16 36 0
17 36 1.16911e-05
18 36 1.17892e-05
19 36 1.7711e-05
20 36 2.26089e-05
21 36 4.69606e-05
22 36 7.0539e-05
23 36 0.000101982
24 36 0.000160732
25 36 0.000243365
26 36 0.000380663
27 36 0.000516212
28 36 0.000787613
29 36 0.00107666
30 36 0.00144204
31 36 0.0018258
32 36 0.00227974
33 36 0.00277279
34 36 0.00331379
35 36 0.00388535
36 36 0.00444846
37 36 0.00499485
38 36 0.00549558
39 36 0.00599046
40 36 0.00647079
41 36 0.00686304
42 36 0.00722749
43 36 0.007417
44 36 0.00754386
45 36 0.00742812
46 36 0.00725502
47 36 0.00690352
48 36 0.00651448
49 36 0.00608417
50 36 0.00560988
51 36 0.00510182
52 36 0.00458291
53 36 0.00407088
54 36 0.00351969
55 36 0.00295658
56 36 0.00238561
57 36 0.00184234
58 36 0.00138118
59 36 0.000986728
60 36 0.000744884
61 36 0.000527594
62 36 0.000380021
63 36 0.000253365
64 36 0.000177205
65 36 9.79773e-05
66 36 4.38211e-05
67 36 3.20319e-05
68 36 2.35784e-05
69 36 2.02427e-05
70 36 1.09651e-05
71 36 6.365e-06
72 36 0
73 36 0
74 36 0
75 36 0
76 36 0
77 36 0
78 36 0
79 36 0
80 36 0
81 36 0
82 36 0
83 36 0
84 36 0
85 36 0
86 36 0
87 36 0
88 36 0
89 36 0
90 36 0
91 36 0
92 36 0
93 36 0
94 36 0
95 36 0
96 36 0
1 37 0
2 37 0
3 37 0
4 37 0
5 37 0
6 37 0
7 37 0
8 37 0
9 37 0
10 37 0
11 37 0
12 37 0
13 37 0
14 37 0
15 37 0
16 37 1.16911e-05
17 37 1.17892e-05
18 37 1.7711e-05
19 37 2.26089e-05
20 37 4.69606e-05
21 37 7.0539e-05
22 37 0.000100039
23 37 0.000157819
24 37 0.000275526
25 37 0.000413118
26 37 0.000653887
27 37 0.000926171
28 37 0.00126195
29 37 0.00163344
30 37 0.00217389
31 37 0.0027477
32 37 0.00337426
33 37 0.00402323
34 37 0.00481814
35 37 0.0056757
36 37 0.00651447
37 37 0.00730757
38 37 0.00809482
39 37 0.00886753
40 37 0.00957227
41 37 0.0101447
42 37 0.0106229
43 37 0.0109095
44 37 0.0111641
45 37 0.0110934
46 37 0.0108692
47 37 0.0103493
48 37 0.00978027
49 37 0.0091362
50 37 0.00842518
51 37 0.00766434
52 37 0.00686389
53 37 0.00605262
54 37 0.00524821
55 37 0.00440465
56 37 0.00354722
57 37 0.00276564
58 37 0.00219074
59 37 0.00164941
60 37 0.0011932
61 37 0.000794814
62 37 0.000562573
63 37 0.000377108
64 37 0.000250452
65 37 0.000174293
66 37 9.50647e-05
67 37 4.09085e-05
68 37 2.99434e-05
69 37 2.35784e-05
70 37 2.02427e-05
71 37 1.09651e-05
72 37 6.365e-06
73 37 0
74 37 0
75 37 0
76 37 0
77 37 0
78 37 0
79 37 0
80 37 0
81 37 0
82 37 0
83 37 0
84 37 0
85 37 0
86 37 0
87 37 0
88 37 0
89 37 0
90 37 0
91 37 0
92 37 0
93 37 0
94 37 0
95 37 0
96 37 0
1 38 0
2 38 0
3 38 0
4 38 0
5 38 0
6 38 0
7 38 0
8 38 0
9 38 0
10 38 0
11 38 0
12 38 0
13 38 0
14 38 0
15 38 1.16911e-05
16 38 2.34803e-05
17 38 2.35784e-05
18 38 3.14433e-05
19 38 5.87498e-05
20 38 8.23282e-05
21 38 0.000111828
22 38 0.000169609
23 38 0.000263628
24 38 0.000389401
25 38 0.00063017
26 38 0.000937527
27 38 0.00130321
28 38 0.00177131
29 38 0.00231496
30 38 0.0031829
31 38 0.00408491
32 38 0.00514169
33 38 0.00626914
34 38 0.00744061
35 38 0.00877861
36 38 0.0101632
37 38 0.0115165
38 38 0.0128552
39 38 0.0141134
40 38 0.0153019
41 38 0.0161597
42 38 0.0168397
43 38 0.0173769
44 38 0.0176449
45 38 0.0175487
46 38 0.0172307
47 38 0.0164662
48 38 0.0154016
49 38 0.0142773
50 38 0.0130672
51 38 0.0118197
52 38 0.0105077
53 38 0.00914119
54 38 0.00777559
55 38 0.00638157
56 38 0.00502547
57 38 0.00392767
58 38 0.00306335
59 38 0.00227881
60 38 0.00172434
61 38 0.00121682
62 38 0.00081548
63 38 0.000570681
64 38 0.000353391
65 38 0.000226735
66 38 0.000150575
67 38 8.13939e-05
68 38 5.26977e-05
69 38 4.17326e-05
70 38 3.20319e-05
71 38 2.02427e-05
72 38 8.4535e-06
73 38 0
74 38 0
75 38 0
76 38 0
77 38 0
78 38 0
79 38 0
80 38 0
81 38 0
82 38 0
83 38 0
84 38 0
85 38 0
86 38 0
87 38 0
88 38 0
89 38 0
90 38 0
91 38 0
92 38 0
93 38 0
94 38 0
95 38 0
96 38 0
1 39 0
2 39 0
3 39 0
4 39 0
5 39 0
6 39 0
7 39 0
8 39 0
9 39 0
10 39 0
11 39 0
12 39 0
13 39 0
14 39 0
15 39 1.16911e-05
16 39 1.17892e-05
17 39 1.7711e-05
18 39 4.59911e-05
19 39 7.0539e-05
20 39 0.000100039
21 39 0.000157819
22 39 0.000251839
23 39 0.000475059
24 39 0.000712833
25 39 0.00102019
26 39 0.00135626
27 39 0.00181931
28 39 0.0026367
29 39 0.00353732
30 39 0.00445871
31 39 0.00573229
32 39 0.0071147
33 39 0.00867367
34 39 0.0103007
35 39 0.0120994
36 39 0.0139708
37 39 0.0158194
38 39 0.0176
39 39 0.019296
40 39 0.0206356
41 39 0.0218718
42 39 0.0230279
43 39 0.0238323
44 39 0.0240495
45 39 0.0238614
46 39 0.0233186
47 39 0.0225118
48 39 0.0210728
49 39 0.019528
50 39 0.0179086
51 39 0.0161984
52 39 0.0144163
53 39 0.0125796
54 39 0.0107033
55 39 0.00882009
56 39 0.00704492
57 39 0.00562342
58 39 0.00426527
59 39 0.00316058
60 39 0.00237798
61 39 0.00180997
62 39 0.00126966
63 39 0.000834182
64 39 0.000515416
65 39 0.000329952
66 39 0.000203295
67 39 0.000130432
68 39 6.96047e-05
69 39 4.09085e-05
70 39 2.99434e-05
71 39 2.02427e-05
72 39 1.09651e-05
73 39 6.365e-06
74 39 0
75 39 0
76 39 0
77 39 0
78 39 0
79 39 0
80 39 0
81 39 0
82 39 0
83 39 0
84 39 0
85 39 0
86 39 0
87 39 0
88 39 0
89 39 0
90 39 0
91 39 0
92 39 0
93 39 0
94 39 0
95 39 0
96 39 0
1 40 0
2 40 0
3 40 0
4 40 0
5 40 0
6 40 0
7 40 0
8 40 0
9 40 0
10 40 0
11 40 0
12 40 0
13 40 0
14 40 1.16911e-05
15 40 1.17892e-05
16 40 1.17892e-05
17 40 1.96541e-05
18 40 4.69606e-05
19 40 7.0539e-05
20 40 0.000125364
21 40 0.000219384
22 40 0.000337385
23 40 0.000574275
24 40 0.000846102
25 40 0.00124628
26 40 0.0017003
27 40 0.00251285
28 40 0.00341598
29 40 0.00456137
30 40 0.0058352
31 40 0.00774821
32 40 0.00976762
33 40 0.0119771
34 40 0.014269
35 40 0.0168328
36 40 0.019546
37 40 0.0222143
38 40 0.024794
39 40 0.0272801
40 40 0.0292039
41 40 0.0310169
42 40 0.0324946
43 40 0.0336704
44 40 0.0338563
45 40 0.0337386
46 40 0.0329748
47 40 0.0318359
48 40 0.0297855
49 40 0.0275059
50 40 0.0251164
51 40 0.0226474
52 40 0.020078
53 40 0.0174182
54 40 0.0146962
55 40 0.0119527
56 40 0.00946031
57 40 0.00754088
58 40 0.00575379
59 40 0.00432442
60 40 0.00305129
61 40 0.00224714
62 40 0.00160655
63 40 0.00106328
64 40 0.000661943
65 40 0.000429702
66 40 0.000259307
67 40 0.00017084
68 40 9.79773e-05
69 40 4.38211e-05
70 40 3.20319e-05
71 40 2.35784e-05
72 40 2.02427e-05
73 40 8.4535e-06
74 40 0
75 40 0
76 40 0
77 40 0
78 40 0
79 40 0
80 40 0
81 40 0
82 40 0
83 40 0
84 40 0
85 40 0
86 40 0
87 40 0
88 40 0
89 40 0
90 40 0
91 40 0
92 40 0
93 40 0
94 40 0
95 40 0
96 40 0
1 41 0
2 41 0
3 41 0
4 41 0
5 41 0
6 41 0
7 41 0
8 41 0
9 41 0
10 41 0
11 41 0
12 41 0
13 41 0
14 41 1.16911e-05
15 41 1.17892e-05
16 41 1.7711e-05
17 41 4.59911e-05
18 41 7.0539e-05
19 41 0.000123421
20 41 0.000181398
21 41 0.000275417
22 41 0.00050641
23 41 0.000781192
24 41 0.00116971
25 41 0.00161792
26 41 0.00243046
27 41 0.00351443
28 41 0.00464763
29 41 0.00630018
30 41 0.00821935
31 41 0.0109597
32 41 0.0138803
33 41 0.0171811
34 41 0.0206088
35 41 0.0246316
36 41 0.0289464
37 41 0.0331955
38 41 0.037313
39 41 0.041255
40 41 0.0444305
41 41 0.0474436
42 41 0.0497825
43 41 0.0516308
44 41 0.0523672
45 41 0.052118
46 41 0.0509424
47 41 0.048918
48 41 0.0455636
49 41 0.0418818
50 41 0.0379355
51 41 0.0338847
52 41 0.0297695
53 41 0.0255685
54 41 0.0212656
55 41 0.0169063
56 41 0.0130105
57 41 0.0102455
58 41 0.00770496
59 41 0.00583446
60 41 0.00419766
61 41 0.00292646
62 41 0.00212134
63 41 0.00149234
64 41 0.000980896
65 41 0.000579558
66 41 0.000362268
67 41 0.000229764
68 41 0.000138786
69 41 6.96047e-05
70 41 4.09085e-05
71 41 2.99434e-05
72 41 2.02427e-05
73 41 1.09651e-05
74 41 6.365e-06
75 41 0
76 41 0
77 41 0
78 41 0
79 41 0
80 41 0
81 41 0
82 41 0
83 41 0
84 41 0
85 41 0
86 41 0
87 41 0
88 41 0
89 41 0
90 41 0
91 41 0
92 41 0
93 41 0
94 41 0
95 41 0
96 41 0
1 42 0
2 42 0
3 42 0
4 42 0
5 42 0
6 42 0
7 42 0
8 42 0
9 42 0
10 42 0
11 42 0
12 42 0
13 42 1.16911e-05
14 42 1.17892e-05
15 42 1.17892e-05
16 42 1.96541e-05
17 42 4.69606e-05
18 42 7.0539e-05
19 42 0.000125364
20 42 0.000219384
21 42 0.000442604
22 42 0.000715451
23 42 0.0010231
24 42 0.00144101
25 42 0.00217364
26 42 0.0032251
27 42 0.00435111
28 42 0.00600266
29 42 0.00859355
30 42 0.0113421
31 42 0.0144562
32 42 0.0179522
33 42 0.0216762
34 42 0.0259455
35 42 0.0306839
36 42 0.0354642
37 42 0.04016
38 42 0.0446907
39 42 0.0490905
40 42 0.0531887
41 42 0.0569155
42 42 0.0594769
43 42 0.0613892
44 42 0.0626787
45 42 0.0622634
46 42 0.0604027
47 42 0.057367
48 42 0.0536533
49 42 0.0497802
50 42 0.0455796
51 42 0.041105
52 42 0.0365072
53 42 0.0318079
54 42 0.0270027
55 42 0.0221661
56 42 0.0174368
57 42 0.0133037
58 42 0.00995045
59 42 0.00740995
60 42 0.00553353
61 42 0.00389377
62 42 0.0026285
63 42 0.00184788
64 42 0.00128554
65 42 0.000801727
66 42 0.000482961
67 42 0.000297497
68 42 0.00017084
69 42 9.79773e-05
70 42 4.38211e-05
71 42 3.20319e-05
72 42 2.35784e-05
73 42 2.02427e-05
74 42 8.4535e-06
75 42 0
76 42 0
77 42 0
78 42 0
79 42 0
80 42 0
81 42 0
82 42 0
83 42 0
84 42 0
85 42 0
86 42 0
87 42 0
88 42 0
89 42 0
90 42 0
91 42 0
92 42 0
93 42 0
94 42 0
95 42 0
96 42 0
1 43 0
2 43 0
3 43 0
4 43 0
5 43 0
6 43 0
7 43 0
8 43 0
9 43 0
10 43 0
11 43 0
12 43 0
13 43 1.16911e-05
14 43 1.17892e-05
15 43 1.17892e-05
16 43 4.30363e-05
17 43 7.0539e-05
18 43 0.0001175
19 43 0.000207595
20 43 0.000301908
21 43 0.000532901
22 43 0.000807683
23 43 0.00120786
24 43 0.00193078
25 43 0.00295602
26 43 0.00407136
27 43 0.00572625
28 43 0.00817162
29 43 0.0108401
30 43 0.013949
31 43 0.0182134
32 43 0.0232585
33 43 0.0285889
34 43 0.0341023
35 43 0.0397007
36 43 0.0456022
37 43 0.0516022
38 43 0.057414
39 43 0.0630629
40 43 0.0676474
41 43 0.0716513
42 43 0.0752189
43 43 0.077324
44 43 0.0777728
45 43 0.0768217
46 43 0.0754035
47 43 0.0724878
48 43 0.0681301
49 43 0.0630177
50 43 0.0575215
51 43 0.0518795
52 43 0.0460412
53 43 0.0400584
54 43 0.033975
55 43 0.0279646
56 43 0.0225284
57 43 0.017799
58 43 0.0134024
59 43 0.0094517
60 43 0.00690333
61 43 0.00502298
62 43 0.0034564
63 43 0.00235267
64 43 0.00156813
65 43 0.00102486
66 43 0.000623524
67 43 0.000391283
68 43 0.000220888
69 43 0.00012991
70 43 6.07281e-05
71 43 3.20319e-05
72 43 2.35784e-05
73 43 2.02427e-05
74 43 8.4535e-06
75 43 0
76 43 0
77 43 0
78 43 0
79 43 0
80 43 0
81 43 0
82 43 0
83 43 0
84 43 0
85 43 0
86 43 0
87 43 0
88 43 0
89 43 0
90 43 0
91 43 0
92 43 0
93 43 0
94 43 0
95 43 0
96 43 0
1 44 0
2 44 0
3 44 0
4 44 0
5 44 0
6 44 0
7 44 0
8 44 0
9 44 0
10 44 0
11 44 0
12 44 0
13 44 1.16911e-05
14 44 1.17892e-05
15 44 1.7711e-05
16 44 4.59911e-05
17 44 7.0539e-05
18 44 0.000123421
19 44 0.000216471
20 44 0.000439692
21 44 0.000712539
22 44 0.0010665
23 44 0.00173626
24 44 0.00247115
25 44 0.00352261
26 44 0.00503244
27 44 0.00741364
28 44 0.0102232
29 44 0.0133115
30 44 0.0175683
31 44 0.0220774
32 44 0.0280363
33 44 0.0343605
34 44 0.0410961
35 44 0.0479856
36 44 0.0552517
37 44 0.062602
38 44 0.0697939
39 44 0.0760328
40 44 0.08182
41 44 0.0865376
42 44 0.0906429
43 44 0.0932221
44 44 0.0939278
45 44 0.0929247
46 44 0.0910373
47 44 0.0874261
48 44 0.0826855
49 44 0.0764583
50 44 0.0698395
51 44 0.0628621
52 44 0.0555989
53 44 0.0481864
54 44 0.0406676
55 44 0.0334548
56 44 0.0272189
57 44 0.0213591
58 44 0.0164821
59 44 0.0119852
60 44 0.00861813
61 44 0.00606879
62 44 0.00427186
63 44 0.00291076
64 44 0.00186132
65 44 0.00122937
66 44 0.000745555
67 44 0.000426789
68 44 0.000256394
69 44 0.000167928
70 44 9.50647e-05
71 44 4.09085e-05
72 44 2.99434e-05
73 44 2.02427e-05
74 44 1.09651e-05
75 44 6.365e-06
76 44 0
77 44 0
78 44 0
79 44 0
80 44 0
81 44 0
82 44 0
83 44 0
84 44 0
85 44 0
86 44 0
87 44 0
88 44 0
89 44 0
90 44 0
91 44 0
92 44 0
93 44 0
94 44 0
95 44 0
96 44 0
1 45 0
2 45 0
3 45 0
4 45 0
5 45 0
6 45 0
7 45 0
8 45 0
9 45 0
10 45 0
11 45 0
12 45 1.16911e-05
13 45 1.17892e-05
14 45 1.17892e-05
15 45 4.30363e-05
16 45 7.0539e-05
17 45 0.0001175
18 45 0.000172521
19 45 0.000266541
20 45 0.000497534
21 45 0.000772315
22 45 0.00116084
23 45 0.00187793
24 45 0.00290317
25 45 0.00439263
26 45 0.00672874
27 45 0.00917981
28 45 0.0120353
29 45 0.0159543
30 45 0.0210382
31 45 0.0268343
32 45 0.0337937
33 45 0.0412303
34 45 0.0489684
35 45 0.057077
36 45 0.0655343
37 45 0.0739503
38 45 0.0822033
39 45 0.0894504
40 45 0.0963045
41 45 0.101895
42 45 0.105894
43 45 0.108304
44 45 0.10946
45 45 0.108868
46 45 0.106203
47 45 0.102104
48 45 0.0963542
49 45 0.0890709
50 45 0.0813785
51 45 0.0732781
52 45 0.064997
53 45 0.0565542
54 45 0.0479672
55 45 0.0396046
56 45 0.0321216
57 45 0.025237
58 45 0.019383
59 45 0.0146145
60 45 0.0104332
61 45 0.00717321
62 45 0.00497014
63 45 0.00340355
64 45 0.00229983
65 45 0.00151529
66 45 0.000972019
67 45 0.000570681
68 45 0.000353391
69 45 0.000220888
70 45 0.00012991
71 45 6.07281e-05
72 45 3.20319e-05
73 45 2.35784e-05
74 45 2.02427e-05
75 45 8.4535e-06
76 45 0
77 45 0
78 45 0
79 45 0
80 45 0
81 45 0
82 45 0
83 45 0
84 45 0
85 45 0
86 45 0
87 45 0
88 45 0
89 45 0
90 45 0
91 45 0
92 45 0
93 45 0
94 45 0
95 45 0
96 45 0
1 46 0
2 46 0
3 46 0
4 46 0
5 46 0
6 46 0
7 46 0
8 46 0
9 46 0
10 46 0
11 46 0
12 46 1.16911e-05
13 46 1.17892e-05
14 46 1.17892e-05
15 46 4.30363e-05
16 46 7.0539e-05
17 46 0.0001175
18 46 0.000207595
19 46 0.000407128
20 46 0.000674077
21 46 0.00103099
22 46 0.00170075
23 46 0.00243564
24 46 0.0034871
25 46 0.00499694
26 46 0.00738064
27 46 0.0101941
28 46 0.0140359
29 46 0.0190031
30 46 0.0247707
31 46 0.0317603
32 46 0.03927
33 46 0.047264
34 46 0.0558477
35 46 0.0647889
36 46 0.0737682
37 46 0.0831147
38 46 0.0924578
39 46 0.100934
40 46 0.108396
41 46 0.115246
42 46 0.119826
43 46 0.12202
44 46 0.123103
45 46 0.122005
46 46 0.118615
47 46 0.114018
48 46 0.108224
49 46 0.100843
50 46 0.092213
51 46 0.0831914
52 46 0.0738112
53 46 0.0641453
54 46 0.054541
55 46 0.045509
56 46 0.0370609
57 46 0.0295274
58 46 0.0228079
59 46 0.0173285
60 46 0.0125442
61 46 0.00858558
62 46 0.00603329
63 46 0.00424227
64 46 0.00287821
65 46 0.00182582
66 46 0.00119386
67 46 0.000710048
68 46 0.000391283
69 46 0.000220888
70 46 0.00012991
71 46 6.07281e-05
72 46 3.20319e-05
73 46 2.35784e-05
74 46 2.02427e-05
75 46 8.4535e-06
76 46 0
77 46 0
78 46 0
79 46 0
80 46 0
81 46 0
82 46 0
83 46 0
84 46 0
85 46 0
86 46 0
87 46 0
88 46 0
89 46 0
90 46 0
91 46 0
92 46 0
93 46 0
94 46 0
95 46 0
96 46 0
1 47 0
2 47 0
3 47 0
4 47 0
5 47 0
6 47 0
7 47 0
8 47 0
9 47 0
10 47 0
11 47 0
12 47 1.16911e-05
13 47 1.17892e-05
14 47 1.17892e-05
15 47 4.30363e-05
16 47 7.0539e-05
17 47 0.0001175
18 47 0.000207595
19 47 0.000407128
20 47 0.000674077
21 47 0.00103099
22 47 0.00170075
23 47 0.00264608
24 47 0.00407342
25 47 0.00626448
26 47 0.00884094
27 47 0.0124664
28 47 0.0163884
29 47 0.0214672
30 47 0.0281587
31 47 0.0356779
32 47 0.0435828
33 47 0.0538254
34 47 0.0645871
35 47 0.0754291
36 47 0.0866316
37 47 0.0984957
38 47 0.10871
39 47 0.118383
40 47 0.127073
41 47 0.134233
42 47 0.138882
43 47 0.14159
44 47 0.142462
45 47 0.141992
46 47 0.138827
47 47 0.133681
48 47 0.127499
49 47 0.119037
50 47 0.107944
51 47 0.0964428
52 47 0.084533
53 47 0.0723123
54 47 0.0606651
55 47 0.0509544
56 47 0.0418166
57 47 0.0333015
58 47 0.0260177
59 47 0.019902
60 47 0.0144244
61 47 0.00990786
62 47 0.00664395
63 47 0.00444874
64 47 0.00287821
65 47 0.00182582
66 47 0.00119386
67 47 0.000710048
68 47 0.000391283
69 47 0.000220888
70 47 0.00012991
71 47 6.07281e-05
72 47 3.20319e-05
73 47 2.35784e-05
74 47 2.02427e-05
75 47 8.4535e-06
76 47 0
77 47 0
78 47 0
79 47 0
80 47 0
81 47 0
82 47 0
83 47 0
84 47 0
85 47 0
86 47 0
87 47 0
88 47 0
89 47 0
90 47 0
91 47 0
92 47 0
93 47 0
94 47 0
95 47 0
96 47 0
1 48 0
2 48 0
3 48 0
4 48 0
5 48 0
6 48 0
7 48 0
8 48 0
9 48 0
10 48 0
11 48 0
12 48 1.16911e-05
13 48 1.17892e-05
14 48 1.17892e-05
15 48 4.30363e-05
16 48 7.0539e-05
17 48 0.0001175
18 48 0.000207595
19 48 0.000407128
20 48 0.000674077
21 48 0.00103099
22 48 0.00170075
23 48 0.00264608
24 48 0.00407342
25 48 0.00626448
26 48 0.00884094
27 48 0.0124664
28 48 0.0170898
29 48 0.022876
30 48 0.0299943
31 48 0.037517
32 48 0.0472317
33 48 0.0581883
34 48 0.0695861
35 48 0.0814724
36 48 0.0940136
37 48 0.107313
38 48 0.120162
39 48 0.130796
40 48 0.140854
41 48 0.149665
42 48 0.155909
43 48 0.159405
44 48 0.160327
45 48 0.159113
46 48 0.155353
47 48 0.149694
48 48 0.142254
49 48 0.131546
50 48 0.118988
51 48 0.106021
52 48 0.0926459
53 48 0.0789598
54 48 0.065539
55 48 0.0537855
56 48 0.043969
57 48 0.0348369
58 48 0.0266607
59 48 0.019902
60 48 0.0144244
61 48 0.00990786
62 48 0.00664395
63 48 0.00444874
64 48 0.00287821
65 48 0.00182582
66 48 0.00119386
67 48 0.000710048
68 48 0.000391283
69 48 0.000220888
70 48 0.00012991
71 48 6.07281e-05
72 48 3.20319e-05
73 48 2.35784e-05
74 48 2.02427e-05
75 48 8.4535e-06
76 48 0
77 48 0
78 48 0
79 48 0
80 48 0
81 48 0
82 48 0
83 48 0
84 48 0
85 48 0
86 48 0
87 48 0
88 48 0
89 48 0
90 48 0
91 48 0
92 48 0
93 48 0
94 48 0
95 48 0
96 48 0
1 49 0
2 49 0
3 49 0
4 49 0
5 49 0
6 49 0
7 49 0
8 49 0
9 49 0
10 49 0
11 49 0
12 49 1.16911e-05
13 49 1.17892e-05
14 49 1.17892e-05
15 49 4.30363e-05
16 49 7.0539e-05
17 49 0.0001175
18 49 0.000207595
19 49 0.000407128
20 49 0.000674077
21 49 0.00103099
22 49 0.00170075
23 49 0.00264608
24 49 0.00407342
25 49 0.00626448
26 49 0.00884094
27 49 0.0124664
28 49 0.0170898
29 49 0.022876
30 49 0.0299943
31 49 0.0392005
32 49 0.0494438
33 49 0.0610945
34 49 0.0731879
35 49 0.0859329
36 49 0.0993852
37 49 0.113611
38 49 0.1271
39 49 0.13948
40 49 0.14961
41 49 0.158604
42 49 0.165063
43 49 0.168789
44 49 0.169793
45 49 0.168579
46 49 0.164819
47 49 0.15861
48 49 0.149574
49 49 0.138084
50 49 0.124638
51 49 0.110918
52 49 0.0967887
53 49 0.082296
54 49 0.0679974
55 49 0.0551782
56 49 0.043969
57 49 0.0348369
58 49 0.0266607
59 49 0.019902
60 49 0.0144244
61 49 0.00990786
62 49 0.00664395
63 49 0.00444874
64 49 0.00287821
65 49 0.00182582
66 49 0.00119386
67 49 0.000710048
68 49 0.000391283
69 49 0.000220888
70 49 0.00012991
71 49 6.07281e-05
72 49 3.20319e-05
73 49 2.35784e-05
74 49 2.02427e-05
75 49 8.4535e-06
76 49 0
77 49 0
78 49 0
79 49 0
80 49 0
81 49 0
82 49 0
83 49 0
84 49 0
85 49 0
86 49 0
87 49 0
88 49 0
89 49 0
90 49 0
91 49 0
92 49 0
93 49 0
94 49 0
95 49 0
96 49 0
1 50 0
2 50 0
3 50 0
4 50 0
5 50 0
6 50 0
7 50 0
8 50 0
9 50 0
10 50 0
11 50 0
12 50 1.16911e-05
13 50 1.17892e-05
14 50 1.17892e-05
15 50 4.30363e-05
16 50 7.0539e-05
17 50 0.0001175
18 50 0.000207595
19 50 0.000407128
20 50 0.000674077
21 50 0.00103099
22 50 0.00170075
23 50 0.00264608
24 50 0.00407342
25 50 0.00626448
26 50 0.00884094
27 50 0.0124664
28 50 0.0170898
29 50 0.022876
30 50 0.0299943
31 50 0.0392005
32 50 0.0494438
33 50 0.0610945
34 50 0.0732112
35 50 0.0859799
36 50 0.0994557
37 50 0.113681
38 50 0.12713
39 50 0.139792
40 50 0.150032
41 50 0.159006
42 50 0.165465
43 50 0.169192
44 50 0.170195
45 50 0.168981
46 50 0.165221
47 50 0.159012
48 50 0.149976
49 50 0.138486
50 50 0.125051
51 50 0.111222
52 50 0.0967617
53 50 0.082296
54 50 0.0679974
55 50 0.0551782
56 50 0.043969
57 50 0.0348369
58 50 0.0266607
59 50 0.019902
60 50 0.0144244
61 50 0.00990786
62 50 0.00664395
63 50 0.00444874
64 50 0.00287821
65 50 0.00182582
66 50 0.00119386
67 50 0.000710048
68 50 0.000391283
69 50 0.000220888
70 50 0.00012991
71 50 6.07281e-05
72 50 3.20319e-05
73 50 2.35784e-05
74 50 2.02427e-05
75 50 8.4535e-06
76 50 0
77 50 0
78 50 0
79 50 0
80 50 0
81 50 0
82 50 0
83 50 0
84 50 0
85 50 0
86 50 0
87 50 0
88 50 0
89 50 0
90 50 0
91 50 0
92 50 0
93 50 0
94 50 0
95 50 0
96 50 0
1 51 0
2 51 0
3 51 0
4 51 0
5 51 0
6 51 0
7 51 0
8 51 0
9 51 0
10 51 0
11 51 0
12 51 1.16911e-05
13 51 1.17892e-05
14 51 1.17892e-05
15 51 4.30363e-05
16 51 7.0539e-05
17 51 0.0001175
18 51 0.000207595
19 51 0.000407128
20 51 0.000674077
21 51 0.00103099
22 51 0.00170075
23 51 0.00264608
24 51 0.00407342
25 51 0.00626448
26 51 0.00884094
27 51 0.0124664
28 51 0.0170898
29 51 0.022876
30 51 0.0299943
31 51 0.0392005
32 51 0.0494438
33 51 0.0610945
34 51 0.0732112
35 51 0.0860617
36 51 0.0995383
37 51 0.113764
38 51 0.127212
39 51 0.139644
40 51 0.149769
41 51 0.158742
42 51 0.165202
43 51 0.168928
44 51 0.169932
45 51 0.168717
46 51 0.164957
47 51 0.158749
48 51 0.149713
49 51 0.138222
50 51 0.124788
51 51 0.111033
52 51 0.0967617
53 51 0.082296
54 51 0.0679974
55 51 0.0551782
56 51 0.043969
57 51 0.0348369
58 51 0.0266607
59 51 0.019902
60 51 0.0144244
61 51 0.00990786
62 51 0.00664395
63 51 0.00444874
64 51 0.00287821
65 51 0.00182582
66 51 0.00119386
67 51 0.000710048
68 51 0.000391283
69 51 0.000220888
70 51 0.00012991
71 51 6.07281e-05
72 51 3.20319e-05
73 51 2.35784e-05
74 51 2.02427e-05
75 51 8.4535e-06
76 51 0
77 51 0
78 51 0
79 51 0
80 51 0
81 51 0
82 51 0
83 51 0
84 51 0
85 51 0
86 51 0
87 51 0
88 51 0
89 51 0
90 51 0
91 51 0
92 51 0
93 51 0
94 51 0
95 51 0
96 51 0
1 52 0
2 52 0
3 52 0
4 52 0
5 52 0
6 52 0
7 52 0
8 52 0
9 52 0
10 52 0
11 52 0
12 52 1.16911e-05
13 52 1.17892e-05
14 52 1.17892e-05
15 52 4.30363e-05
16 52 7.0539e-05
17 52 0.0001175
18 52 0.000207595
19 52 0.000407128
20 52 0.000674077
21 52 0.00103099
22 52 0.00170075
23 52 0.00264608
24 52 0.00407342
25 52 0.00626448
26 52 0.00884094
27 52 0.0124664
28 52 0.0170898
29 52 0.022876
30 52 0.0299943
31 52 0.0392005
32 52 0.0494438
33 52 0.0610945
34 52 0.0732112
35 52 0.0859799
36 52 0.0994557
37 52 0.113681
38 52 0.127254
39 52 0.139759
40 52 0.150015
41 52 0.15905
42 52 0.165509
43 52 0.169236
44 52 0.17024
45 52 0.169025
46 52 0.165265
47 52 0.159057
48 52 0.15002
49 52 0.13853
50 52 0.125043
51 52 0.111173
52 52 0.0968954
53 52 0.082296
54 52 0.0679974
55 52 0.0551782
56 52 0.043969
57 52 0.0348369
58 52 0.0266607
59 52 0.019902
60 52 0.0144244
61 52 0.00990786
62 52 0.00664395
63 52 0.00444874
64 52 0.00287821
65 52 0.00182582
66 52 0.00119386
67 52 0.000710048
68 52 0.000391283
69 52 0.000220888
70 52 0.00012991
71 52 6.07281e-05
72 52 3.20319e-05
73 52 2.35784e-05
74 52 2.02427e-05
75 52 8.4535e-06
76 52 0
77 52 0
78 52 0
79 52 0
80 52 0
81 52 0
82 52 0
83 52 0
84 52 0
85 52 0
86 52 0
87 52 0
88 52 0
89 52 0
90 52 0
91 52 0
92 52 0
93 52 0
94 52 0
95 52 0
96 52 0
1 53 0
2 53 0
3 53 0
4 53 0
5 53 0
6 53 0
7 53 0
8 53 0
9 53 0
10 53 0
11 53 0
12 53 1.16911e-05
13 53 1.17892e-05
14 53 1.17892e-05
15 53 4.30363e-05
16 53 7.0539e-05
17 53 0.0001175
18 53 0.000207595
19 53 0.000407128
20 53 0.000674077
21 53 0.00103099
22 53 0.00170075
23 53 0.00264608
24 53 0.00407342
25 53 0.00626448
26 53 0.00884094
27 53 0.0124664
28 53 0.0170898
29 53 0.022876
30 53 0.0299943
31 53 0.0392005
32 53 0.0494438
33 53 0.0610945
34 53 0.0731879
35 53 0.0854355
36 53 0.098231
37 53 0.111755
38 53 0.124623
39 53 0.136444
40 53 0.146014
41 53 0.154325
42 53 0.160127
43 53 0.163153
44 53 0.163908
45 53 0.162693
46 53 0.158933
47 53 0.152936
48 53 0.144608
49 53 0.133768
50 53 0.121015
51 53 0.107854
52 53 0.0942839
53 53 0.0804032
54 53 0.0668126
55 53 0.0546436
56 53 0.043969
57 53 0.0348369
58 53 0.0266607
59 53 0.019902
60 53 0.0144244
61 53 0.00990786
62 53 0.00664395
63 53 0.00444874
64 53 0.00287821
65 53 0.00182582
66 53 0.00119386
67 53 0.000710048
68 53 0.000391283
69 53 0.000220888
70 53 0.00012991
71 53 6.07281e-05
72 53 3.20319e-05
73 53 2.35784e-05
74 53 2.02427e-05
75 53 8.4535e-06
76 53 0
77 53 0
78 53 0
79 53 0
80 53 0
81 53 0
82 53 0
83 53 0
84 53 0
85 53 0
86 53 0
87 53 0
88 53 0
89 53 0
90 53 0
91 53 0
92 53 0
93 53 0
94 53 0
95 53 0
96 53 0
1 54 0
2 54 0
3 54 0
4 54 0
5 54 0
6 54 0
7 54 0
8 54 0
9 54 0
10 54 0
11 54 0
12 54 1.16911e-05
13 54 1.17892e-05
14 54 1.17892e-05
15 54 4.30363e-05
16 54 7.0539e-05
17 54 0.0001175
18 54 0.000207595
19 54 0.000407128
20 54 0.000674077
21 54 0.00103099
22 54 0.00170075
23 54 0.00264608
24 54 0.00407342
25 54 0.00626448
26 54 0.00884094
27 54 0.0124664
28 54 0.0170898
29 54 0.022876
30 54 0.0299943
31 54 0.037517
32 54 0.0468468
33 54 0.0572383
34 54 0.0682782
35 54 0.0795813
36 54 0.0909683
37 54 0.10291
38 54 0.114401
39 54 0.123676
40 54 0.132376
41 54 0.139829
42 54 0.144715
43 54 0.147262
44 54 0.147927
45 54 0.146826
46 54 0.142969
47 54 0.137513
48 54 0.130992
49 54 0.121642
50 54 0.110442
51 54 0.0988335
52 54 0.0868166
53 54 0.0744886
54 54 0.0624259
55 54 0.0518572
56 54 0.0426482
57 54 0.033859
58 54 0.0262469
59 54 0.019902
60 54 0.0144244
61 54 0.00990786
62 54 0.00664395
63 54 0.00444874
64 54 0.00287821
65 54 0.00182582
66 54 0.00119386
67 54 0.000710048
68 54 0.000391283
69 54 0.000220888
70 54 0.00012991
71 54 6.07281e-05
72 54 3.20319e-05
73 54 2.35784e-05
74 54 2.02427e-05
75 54 8.4535e-06
76 54 0
77 54 0
78 54 0
79 54 0
80 54 0
81 54 0
82 54 0
83 54 0
84 54 0
85 54 0
86 54 0
87 54 0
88 54 0
89 54 0
90 54 0
91 54 0
92 54 0
93 54 0
94 54 0
95 54 0
96 54 0
1 55 0
2 55 0
3 55 0
4 55 0
5 55 0
6 55 0
7 55 0
8 55 0
9 55 0
10 55 0
11 55 0
12 55 1.16911e-05
13 55 1.17892e-05
14 55 1.17892e-05
15 55 4.30363e-05
16 55 7.0539e-05
17 55 0.0001175
18 55 0.000207595
19 55 0.000407128
20 55 0.000674077
21 55 0.00103099
22 55 0.00170075
23 55 0.00264608
24 55 0.00407342
25 55 0.00626448
26 55 0.00884094
27 55 0.0123124
28 55 0.0160095
29 55 0.020748
30 55 0.0267617
31 55 0.0339676
32 55 0.0414669
33 55 0.0511445
34 55 0.0611751
35 55 0.0715736
36 55 0.0821929
37 55 0.0929028
38 55 0.101759
39 55 0.110139
40 55 0.1177
41 55 0.123773
42 55 0.127991
43 55 0.130882
44 55 0.131331
45 55 0.130788
46 55 0.127684
47 55 0.122963
48 55 0.116611
49 55 0.10853
50 55 0.098514
51 55 0.0881427
52 55 0.0775142
53 55 0.0666516
54 55 0.0561892
55 55 0.0470861
56 55 0.0383638
57 55 0.0305926
58 55 0.023873
59 55 0.0181886
60 55 0.0129867
61 55 0.00916873
62 55 0.00625403
63 55 0.00428325
64 55 0.00287821
65 55 0.00182582
66 55 0.00119386
67 55 0.000710048
68 55 0.000391283
69 55 0.000220888
70 55 0.00012991
71 55 6.07281e-05
72 55 3.20319e-05
73 55 2.35784e-05
74 55 2.02427e-05
75 55 8.4535e-06
76 55 0
77 55 0
78 55 0
79 55 0
80 55 0
81 55 0
82 55 0
83 55 0
84 55 0
85 55 0
86 55 0
87 55 0
88 55 0
89 55 0
90 55 0
91 55 0
92 55 0
93 55 0
94 55 0
95 55 0
96 55 0
1 56 0
2 56 0
3 56 0
4 56 0
5 56 0
6 56 0
7 56 0
8 56 0
9 56 0
10 56 0
11 56 0
12 56 1.16911e-05
13 56 1.17892e-05
14 56 1.17892e-05
15 56 4.30363e-05
16 56 7.0539e-05
17 56 0.0001175
18 56 0.000207595
19 56 0.000407128
20 56 0.000674077
21 56 0.00103099
22 56 0.00166522
23 56 0.00235277
24 56 0.00332432
25 56 0.00477204
26 56 0.0070107
27 56 0.00960514
28 56 0.0132221
29 56 0.0178489
30 56 0.0229388
31 56 0.0290703
32 56 0.036246
33 56 0.0438344
34 56 0.051868
35 56 0.0601291
36 56 0.0687242
37 56 0.0773984
38 56 0.0858255
39 56 0.0935043
40 56 0.100191
41 56 0.10631
42 56 0.110903
43 56 0.1133
44 56 0.114385
45 56 0.112925
46 56 0.109873
47 56 0.105301
48 56 0.0993279
49 56 0.0918772
50 56 0.0839692
51 56 0.0757229
52 56 0.0671387
53 56 0.0583811
54 56 0.049489
55 56 0.0408105
56 56 0.033056
57 56 0.026069
58 56 0.0197808
59 56 0.0145946
60 56 0.0106715
61 56 0.00741149
62 56 0.00520842
63 56 0.00364183
64 56 0.00249851
65 56 0.00159871
66 56 0.0010262
67 56 0.000624963
68 56 0.000353093
69 56 0.000220888
70 56 0.00012991
71 56 6.07281e-05
72 56 3.20319e-05
73 56 2.35784e-05
74 56 2.02427e-05
75 56 8.4535e-06
76 56 0
77 56 0
78 56 0
79 56 0
80 56 0
81 56 0
82 56 0
83 56 0
84 56 0
85 56 0
86 56 0
87 56 0
88 56 0
89 56 0
90 56 0
91 56 0
92 56 0
93 56 0
94 56 0
95 56 0
96 56 0
1 57 0
2 57 0
3 57 0
4 57 0
5 57 0
6 57 0
7 57 0
8 57 0
9 57 0
10 57 0
11 57 0
12 57 1.16911e-05
13 57 1.17892e-05
14 57 1.17892e-05
15 57 3.71145e-05
16 57 6.75842e-05
17 57 0.0001175
18 57 0.000166599
19 57 0.000257664
20 57 0.00046497
21 57 0.000733854
22 57 0.0010898
23 57 0.00175956
24 57 0.00270489
25 57 0.00413223
26 57 0.00632329
27 57 0.00871186
28 57 0.0114172
29 57 0.015105
30 57 0.0198511
31 57 0.0249758
32 57 0.0316319
33 57 0.0386444
34 57 0.0457936
35 57 0.0530028
36 57 0.0605966
37 57 0.0682785
38 57 0.075802
39 57 0.0823725
40 57 0.0884752
41 57 0.0934773
42 57 0.0969321
43 57 0.0988297
44 57 0.0998259
45 57 0.0988407
46 57 0.096543
47 57 0.0926138
48 57 0.0873712
49 57 0.0806235
50 57 0.07352
51 57 0.0661594
52 57 0.0585646
53 57 0.0508438
54 57 0.0429935
55 57 0.0354759
56 57 0.0289206
57 57 0.0226187
58 57 0.0172199
59 57 0.0127152
60 57 0.00922657
61 57 0.00631284
62 57 0.00434011
63 57 0.00293605
64 57 0.00188463
65 57 0.00125267
66 57 0.000768855
67 57 0.00045009
68 57 0.000279695
69 57 0.00018287
70 57 9.55731e-05
71 57 5.18515e-05
72 57 2.56669e-05
73 57 2.35784e-05
74 57 1.77311e-05
75 57 2.0885e-06
76 57 0
77 57 0
78 57 0
79 57 0
80 57 0
81 57 0
82 57 0
83 57 0
84 57 0
85 57 0
86 57 0
87 57 0
88 57 0
89 57 0
90 57 0
91 57 0
92 57 0
93 57 0
94 57 0
95 57 0
96 57 0
1 58 0
2 58 0
3 58 0
4 58 0
5 58 0
6 58 0
7 58 0
8 58 0
9 58 0
10 58 0
11 58 0
12 58 0
13 58 1.16911e-05
14 58 1.17892e-05
15 58 1.17892e-05
16 58 4.30363e-05
17 58 7.0539e-05
18 58 0.0001175
19 58 0.000207595
20 58 0.000407128
21 58 0.000674077
22 58 0.00103099
23 58 0.00170075
24 58 0.00240603
25 58 0.00337758
26 58 0.0048253
27 58 0.00706396
28 58 0.0096584
29 58 0.0125155
30 58 0.0162864
31 58 0.0203285
32 58 0.0256198
33 58 0.0311088
34 58 0.0371191
35 58 0.0434109
36 58 0.0497396
37 58 0.0560131
38 58 0.0621513
39 58 0.0673411
40 58 0.0721975
41 58 0.0760072
42 58 0.0793112
43 58 0.0816858
44 58 0.0822906
45 58 0.0813227
46 58 0.0794089
47 58 0.0758809
48 58 0.0713281
49 58 0.0658821
50 58 0.0601717
51 58 0.0541234
52 58 0.0479018
53 58 0.0415456
54 58 0.0351009
55 58 0.0288513
56 58 0.02321
57 58 0.018063
58 58 0.0140265
59 58 0.0102164
60 58 0.00730563
61 58 0.00526168
62 58 0.00369509
63 58 0.00255177
64 58 0.00165197
65 58 0.00107946
66 58 0.000678223
67 58 0.000391283
68 58 0.000220888
69 58 0.00012991
70 58 6.07281e-05
71 58 3.20319e-05
72 58 2.35784e-05
73 58 2.02427e-05
74 58 8.4535e-06
75 58 0
76 58 0
77 58 0
78 58 0
79 58 0
80 58 0
81 58 0
82 58 0
83 58 0
84 58 0
85 58 0
86 58 0
87 58 0
88 58 0
89 58 0
90 58 0
91 58 0
92 58 0
93 58 0
94 58 0
95 58 0
96 58 0
1 59 0
2 59 0
3 59 0
4 59 0
5 59 0
6 59 0
7 59 0
8 59 0
9 59 0
10 59 0
11 59 0
12 59 0
13 59 1.16911e-05
14 59 1.17892e-05
15 59 1.17892e-05
16 59 4.30363e-05
17 59 7.0539e-05
18 59 0.0001175
19 59 0.000207595
20 59 0.000301908
21 59 0.000509214
22 59 0.000778098
23 59 0.0011457
24 59 0.00182128
25 59 0.00276661
26 59 0.00381983
27 59 0.00530006
28 59 0.00753538
29 59 0.00998484
30 59 0.0128689
31 59 0.0166449
32 59 0.0206719
33 59 0.0250627
34 59 0.029741
35 59 0.0350141
36 59 0.0405193
37 59 0.0459396
38 59 0.0511949
39 59 0.0563043
40 59 0.0604768
41 59 0.0640469
42 59 0.0672037
43 59 0.0693895
44 59 0.0700211
45 59 0.0693357
46 59 0.0676685
47 59 0.0645812
48 59 0.0600941
49 59 0.055393
50 59 0.0503287
51 59 0.045101
52 59 0.0397924
53 59 0.0343688
54 59 0.0288624
55 59 0.0232776
56 59 0.0181227
57 59 0.0142338
58 59 0.0107551
59 59 0.00785219
60 59 0.00581216
61 59 0.00415624
62 59 0.0028104
63 59 0.00191452
64 59 0.00131439
65 59 0.000830575
66 59 0.00051181
67 59 0.000326463
68 59 0.000191746
69 59 0.00010445
70 59 6.07281e-05
71 59 3.20319e-05
72 59 2.35784e-05
73 59 2.02427e-05
74 59 8.4535e-06
75 59 0
76 59 0
77 59 0
78 59 0
79 59 0
80 59 0
81 59 0
82 59 0
83 59 0
84 59 0
85 59 0
86 59 0
87 59 0
88 59 0
89 59 0
90 59 0
91 59 0
92 59 0
93 59 0
94 59 0
95 59 0
96 59 0
1 60 0
2 60 0
3 60 0
4 60 0
5 60 0
6 60 0
7 60 0
8 60 0
9 60 0
10 60 0
11 60 0
12 60 0
13 60 1.16911e-05
14 60 1.17892e-05
15 60 1.17892e-05
16 60 1.37323e-05
17 60 4.40058e-05
18 60 7.0539e-05
19 60 0.000119443
20 60 0.000210507
21 60 0.000410041
22 60 0.00067699
23 60 0.000952066
24 60 0.00131671
25 60 0.00200201
26 60 0.00297356
27 60 0.00403745
28 60 0.00554646
29 60 0.00779195
30 60 0.0102384
31 60 0.01313
32 60 0.0161441
33 60 0.0194048
34 60 0.0227528
35 60 0.0265088
36 60 0.0304636
37 60 0.0343313
38 60 0.0380427
39 60 0.0416463
40 60 0.0449528
41 60 0.0480614
42 60 0.0501148
43 60 0.0513767
44 60 0.0518973
45 60 0.0513692
46 60 0.0495916
47 60 0.0473216
48 60 0.0442589
49 60 0.0409035
50 60 0.0373096
51 60 0.0336191
52 60 0.0298202
53 60 0.0259376
54 60 0.0219609
55 60 0.0179498
56 60 0.014183
57 60 0.0110141
58 60 0.00811127
59 60 0.00607319
60 60 0.00441824
61 60 0.00307045
62 60 0.00216299
63 60 0.001532
64 60 0.00102912
65 60 0.000627876
66 60 0.000356005
67 60 0.0002238
68 60 0.000132822
69 60 6.36407e-05
70 60 3.49445e-05
71 60 2.56669e-05
72 60 2.35784e-05
73 60 1.77311e-05
74 60 2.0885e-06
75 60 0
76 60 0
77 60 0
78 60 0
79 60 0
80 60 0
81 60 0
82 60 0
83 60 0
84 60 0
85 60 0
86 60 0
87 60 0
88 60 0
89 60 0
90 60 0
91 60 0
92 60 0
93 60 0
94 60 0
95 60 0
96 60 0
1 61 0
2 61 0
3 61 0
4 61 0
5 61 0
6 61 0
7 61 0
8 61 0
9 61 0
10 61 0
11 61 0
12 61 0
13 61 0
14 61 1.16911e-05
15 61 1.17892e-05
16 61 1.17892e-05
17 61 4.30363e-05
18 61 7.0539e-05
19 61 0.0001175
20 61 0.000172521
21 61 0.000266541
22 61 0.000473846
23 61 0.000742731
24 61 0.00109867
25 61 0.00149954
26 61 0.00220256
27 61 0.00317411
28 61 0.00424772
29 61 0.00575907
30 61 0.00732262
31 61 0.00976972
32 61 0.0123178
33 61 0.0150534
34 61 0.0178698
35 61 0.0208974
36 61 0.0240048
37 61 0.0270885
38 61 0.030062
39 61 0.0329173
40 61 0.0349593
41 61 0.0368435
42 61 0.0382268
43 61 0.0392299
44 61 0.0394405
45 61 0.0390704
46 61 0.0380072
47 61 0.0364678
48 61 0.0339685
49 61 0.0312306
50 61 0.0284059
51 61 0.0254912
52 61 0.0224648
53 61 0.0194031
54 61 0.0162659
55 61 0.013111
56 61 0.0102422
57 61 0.00808672
58 61 0.00611987
59 61 0.00463336
60 61 0.00327965
61 61 0.00237515
62 61 0.00171965
63 61 0.00114715
64 61 0.000745907
65 61 0.000458966
66 61 0.000288571
67 61 0.000191746
68 61 0.00010445
69 61 6.07281e-05
70 61 3.20319e-05
71 61 2.35784e-05
72 61 2.02427e-05
73 61 8.4535e-06
74 61 0
75 61 0
76 61 0
77 61 0
78 61 0
79 61 0
80 61 0
81 61 0
82 61 0
83 61 0
84 61 0
85 61 0
86 61 0
87 61 0
88 61 0
89 61 0
90 61 0
91 61 0
92 61 0
93 61 0
94 61 0
95 61 0
96 61 0
1 62 0
2 62 0
3 62 0
4 62 0
5 62 0
6 62 0
7 62 0
8 62 0
9 62 0
10 62 0
11 62 0
12 62 0
13 62 0
14 62 1.16911e-05
15 62 1.17892e-05
16 62 1.17892e-05
17 62 1.37323e-05
18 62 4.40058e-05
19 62 7.0539e-05
20 62 0.000119443
21 62 0.000210507
22 62 0.000304821
23 62 0.000512127
24 62 0.000781011
25 62 0.00114861
26 62 0.0015553
27 62 0.00228793
28 62 0.00306381
29 62 0.00413483
30 62 0.00523785
31 62 0.00678046
32 62 0.00850659
33 62 0.0103436
34 62 0.0121929
35 62 0.0142244
36 62 0.0163328
37 62 0.0183885
38 62 0.0203975
39 62 0.0223217
40 62 0.0237344
41 62 0.0250404
42 62 0.0259964
43 62 0.0268433
44 62 0.0268912
45 62 0.0266143
46 62 0.0259986
47 62 0.024999
48 62 0.0232683
49 62 0.0215006
50 62 0.019623
51 62 0.0176629
52 62 0.0156527
53 62 0.013564
54 62 0.0114516
55 62 0.00931461
56 62 0.00736332
57 62 0.00588478
58 62 0.00448168
59 62 0.00333541
60 62 0.00244152
61 62 0.00181882
62 62 0.00124729
63 62 0.000833488
64 62 0.000514722
65 62 0.000329375
66 62 0.000194659
67 62 0.000107362
68 62 6.36407e-05
69 62 3.49445e-05
70 62 2.56669e-05
71 62 2.35784e-05
72 62 1.77311e-05
73 62 2.0885e-06
74 62 0
75 62 0
76 62 0
77 62 0
78 62 0
79 62 0
80 62 0
81 62 0
82 62 0
83 62 0
84 62 0
85 62 0
86 62 0
87 62 0
88 62 0
89 62 0
90 62 0
91 62 0
92 62 0
93 62 0
94 62 0
95 62 0
96 62 0
1 63 0
2 63 0
3 63 0
4 63 0
5 63 0
6 63 0
7 63 0
8 63 0
9 63 0
10 63 0
11 63 0
12 63 0
13 63 0
14 63 0
15 63 1.16911e-05
16 63 1.17892e-05
17 63 1.17892e-05
18 63 4.30363e-05
19 63 7.0539e-05
20 63 9.41174e-05
21 63 0.000143021
22 63 0.000234086
23 63 0.000433619
24 63 0.000665495
25 63 0.000946198
26 63 0.00123196
27 63 0.00164767
28 63 0.00235554
29 63 0.00311665
30 63 0.003965
31 63 0.00505756
32 63 0.00623242
33 63 0.00745102
34 63 0.00878862
35 63 0.0102185
36 63 0.0116602
37 63 0.0130623
38 63 0.0144371
39 63 0.0157311
40 63 0.01669
41 63 0.0176155
42 63 0.0184333
43 63 0.0188846
44 63 0.0190243
45 63 0.0187357
46 63 0.0182917
47 63 0.0175535
48 63 0.0164578
49 63 0.0152562
50 63 0.0139475
51 63 0.0126131
52 63 0.0112334
53 63 0.00980209
54 63 0.00836964
55 63 0.00691838
56 63 0.00552131
57 63 0.00437993
58 63 0.00337369
59 63 0.00247388
60 63 0.00188162
61 63 0.00138265
62 63 0.000981413
63 63 0.000660331
64 63 0.00038846
65 63 0.000253744
66 63 0.000156401
67 63 8.72191e-05
68 63 5.18515e-05
69 63 2.56669e-05
70 63 2.35784e-05
71 63 2.02427e-05
72 63 8.4535e-06
73 63 0
74 63 0
75 63 0
76 63 0
77 63 0
78 63 0
79 63 0
80 63 0
81 63 0
82 63 0
83 63 0
84 63 0
85 63 0
86 63 0
87 63 0
88 63 0
89 63 0
90 63 0
91 63 0
92 63 0
93 63 0
94 63 0
95 63 0
96 63 0
1 64 0
2 64 0
3 64 0
4 64 0
5 64 0
6 64 0
7 64 0
8 64 0
9 64 0
10 64 0
11 64 0
12 64 0
13 64 0
14 64 0
15 64 1.16911e-05
16 64 2.34803e-05
17 64 2.35784e-05
18 64 2.55215e-05
19 64 5.5795e-05
20 64 8.23282e-05
21 64 0.000105907
22 64 0.00015481
23 64 0.000245875
24 64 0.000347961
25 64 0.000582832
26 64 0.000863535
27 64 0.0011493
28 64 0.0015553
29 64 0.00198942
30 64 0.00274745
31 64 0.00352606
32 64 0.00436931
33 64 0.00525961
34 64 0.0062299
35 64 0.00722501
36 64 0.00819356
37 64 0.00914371
38 64 0.0100626
39 64 0.0109541
40 64 0.0117991
41 64 0.0123029
42 64 0.0126862
43 64 0.0129076
44 64 0.0130732
45 64 0.0129917
46 64 0.0126611
47 64 0.0119827
48 64 0.0112318
49 64 0.0104062
50 64 0.00954535
51 64 0.00864408
52 64 0.00769595
53 64 0.00674672
54 64 0.00578645
55 64 0.0048067
56 64 0.00380545
57 64 0.00290662
58 64 0.00227901
59 64 0.00171243
60 64 0.00128446
61 64 0.000884187
62 64 0.000597247
63 64 0.0004119
64 64 0.000277183
65 64 0.00017984
66 64 0.000107362
67 64 6.36407e-05
68 64 3.74561e-05
69 64 3.53676e-05
70 64 3.20319e-05
71 64 1.77311e-05
72 64 2.0885e-06
73 64 0
74 64 0
75 64 0
76 64 0
77 64 0
78 64 0
79 64 0
80 64 0
81 64 0
82 64 0
83 64 0
84 64 0
85 64 0
86 64 0
87 64 0
88 64 0
89 64 0
90 64 0
91 64 0
92 64 0
93 64 0
94 64 0
95 64 0
96 64 0
1 65 0
2 65 0
3 65 0
4 65 0
5 65 0
6 65 0
7 65 0
8 65 0
9 65 0
10 65 0
11 65 0
12 65 0
13 65 0
14 65 0
15 65 0
16 65 1.16911e-05
17 65 1.17892e-05
18 65 1.17892e-05
19 65 1.37323e-05
20 65 4.40058e-05
21 65 7.0539e-05
22 65 9.41174e-05
23 65 0.000148943
24 65 0.000242962
25 65 0.000345048
26 65 0.000579919
27 65 0.000825549
28 65 0.00111102
29 65 0.00139965
30 65 0.00181536
31 65 0.00225351
32 65 0.00273553
33 65 0.00323611
34 65 0.00382636
35 65 0.00445062
36 65 0.00505976
37 65 0.0056487
38 65 0.00621924
39 65 0.00675847
40 65 0.00727044
41 65 0.00766905
42 65 0.00801776
43 65 0.00820668
44 65 0.00836367
45 65 0.00826044
46 65 0.00806387
47 65 0.00764161
48 65 0.00717024
49 65 0.00665343
50 65 0.00611404
51 65 0.00554553
52 65 0.0049759
53 65 0.00438356
54 65 0.00378332
55 65 0.0031676
56 65 0.00254392
57 65 0.00197142
58 65 0.00154447
59 65 0.00114813
60 65 0.000828015
61 65 0.000556144
62 65 0.000408987
63 65 0.000274271
64 65 0.000176928
65 65 0.00010445
66 65 6.07281e-05
67 65 3.20319e-05
68 65 2.35784e-05
69 65 2.35784e-05
70 65 1.77311e-05
71 65 2.0885e-06
72 65 0
73 65 0
74 65 0
75 65 0
76 65 0
77 65 0
78 65 0
79 65 0
80 65 0
81 65 0
82 65 0
83 65 0
84 65 0
85 65 0
86 65 0
87 65 0
88 65 0
89 65 0
90 65 0
91 65 0
92 65 0
93 65 0
94 65 0
95 65 0
96 65 0
1 66 0
2 66 0
3 66 0
4 66 0
5 66 0
6 66 0
7 66 0
8 66 0
9 66 0
10 66 0
11 66 0
12 66 0
13 66 0
14 66 0
15 66 0
16 66 0
17 66 1.16911e-05
18 66 1.17892e-05
19 66 1.17892e-05
20 66 1.96541e-05
21 66 5.28824e-05
22 66 7.94156e-05
23 66 0.000104937
24 66 0.000160732
25 66 0.000219678
26 66 0.00032147
27 66 0.000427434
28 66 0.000660362
29 66 0.000899101
30 66 0.00118162
31 66 0.00150577
32 66 0.00185404
33 66 0.00219619
34 66 0.0025888
35 66 0.00302085
36 66 0.0034483
37 66 0.00386271
38 66 0.00425692
39 66 0.00464277
40 66 0.00501273
41 66 0.00530985
42 66 0.00559809
43 66 0.00572815
44 66 0.00578499
45 66 0.00566925
46 66 0.00549615
47 66 0.00520979
48 66 0.00488286
49 66 0.00452654
50 66 0.00414695
51 66 0.00374836
52 66 0.00333893
53 66 0.00293342
54 66 0.00251243
55 66 0.00208543
56 66 0.00165353
57 66 0.00125821
58 66 0.000947947
59 66 0.00066493
60 66 0.000479584
61 66 0.000347379
62 66 0.000250553
63 66 0.000163257
64 66 0.000116239
65 66 7.25173e-05
66 66 4.38211e-05
67 66 3.45435e-05
68 66 3.2455e-05
69 66 2.66077e-05
70 66 8.4535e-06
71 66 0
72 66 0
73 66 0
74 66 0
75 66 0
76 66 0
77 66 0
78 66 0
79 66 0
80 66 0
81 66 0
82 66 0
83 66 0
84 66 0
85 66 0
86 66 0
87 66 0
88 66 0
89 66 0
90 66 0
91 66 0
92 66 0
93 66 0
94 66 0
95 66 0
96 66 0
1 67 0
2 67 0
3 67 0
4 67 0
5 67 0
6 67 0
7 67 0
8 67 0
9 67 0
10 67 0
11 67 0
12 67 0
13 67 0
14 67 0
15 67 0
16 67 0
17 67 0
18 67 1.16911e-05
19 67 1.17892e-05
20 67 1.37323e-05
21 67 2.25667e-05
22 67 5.5795e-05
23 67 8.23282e-05
24 67 0.00010785
25 67 0.000157723
26 67 0.000213714
27 67 0.000307733
28 67 0.000409819
29 67 0.000537527
30 67 0.000781305
31 67 0.0010317
32 67 0.00128414
33 67 0.00153197
34 67 0.00181618
35 67 0.00212244
36 67 0.0024427
37 67 0.00276087
38 67 0.00306986
39 67 0.00335557
40 67 0.00363799
41 67 0.00379094
42 67 0.00390273
43 67 0.00400208
44 67 0.00403483
45 67 0.00402204
46 67 0.00391408
47 67 0.0036812
48 67 0.0034426
49 67 0.00317774
50 67 0.00289095
51 67 0.00258553
52 67 0.00228793
53 67 0.00197282
54 67 0.00165465
55 67 0.00133453
56 67 0.00101937
57 67 0.000758323
58 67 0.000617033
59 67 0.000470846
60 67 0.000336129
61 67 0.000232939
62 67 0.000145642
63 67 0.000101921
64 67 6.65533e-05
65 67 4.03687e-05
66 67 3.74561e-05
67 67 3.53676e-05
68 67 2.95203e-05
69 67 1.13661e-05
70 67 2.0885e-06
71 67 0
72 67 0
73 67 0
74 67 0
75 67 0
76 67 0
77 67 0
78 67 0
79 67 0
80 67 0
81 67 0
82 67 0
83 67 0
84 67 0
85 67 0
86 67 0
87 67 0
88 67 0
89 67 0
90 67 0
91 67 0
92 67 0
93 67 0
94 67 0
95 67 0
96 67 0
1 68 0
2 68 0
3 68 0
4 68 0
5 68 0
6 68 0
7 68 0
8 68 0
9 68 0
10 68 0
11 68 0
12 68 0
13 68 0
14 68 0
15 68 0
16 68 0
17 68 0
18 68 0
19 68 1.16911e-05
20 68 1.17892e-05
21 68 1.37323e-05
22 68 2.25667e-05
23 68 5.5795e-05
24 68 8.23282e-05
25 68 0.000105907
26 68 0.000131428
27 68 0.000187223
28 68 0.000246169
29 68 0.000312887
30 68 0.000418557
31 68 0.000546265
32 68 0.000684823
33 68 0.000816635
34 68 0.000952551
35 68 0.00108541
36 68 0.00121774
37 68 0.0013649
38 68 0.00151123
39 68 0.0016463
40 68 0.00175808
41 68 0.0018315
42 68 0.00189628
43 68 0.00194515
44 68 0.00193037
45 68 0.00190624
46 68 0.00187364
47 68 0.00180609
48 68 0.00169342
49 68 0.0015697
50 68 0.00143821
51 68 0.00131454
52 68 0.00117334
53 68 0.00102716
54 68 0.00088
55 68 0.000738765
56 68 0.000602428
57 68 0.00047609
58 68 0.000380235
59 68 0.000277044
60 68 0.000189748
61 68 0.00014273
62 68 9.90083e-05
63 68 6.36407e-05
64 68 3.74561e-05
65 68 3.53676e-05
66 68 3.53676e-05
67 68 2.95203e-05
68 68 1.13661e-05
69 68 2.0885e-06
70 68 0
71 68 0
72 68 0
73 68 0
74 68 0
75 68 0
76 68 0
77 68 0
78 68 0
79 68 0
80 68 0
81 68 0
82 68 0
83 68 0
84 68 0
85 68 0
86 68 0
87 68 0
88 68 0
89 68 0
90 68 0
91 68 0
92 68 0
93 68 0
94 68 0
95 68 0
96 68 0
1 69 0
2 69 0
3 69 0
4 69 0
5 69 0
6 69 0
7 69 0
8 69 0
9 69 0
10 69 0
11 69 0
12 69 0
13 69 0
14 69 0
15 69 0
16 69 0
17 69 0
18 69 0
19 69 0
20 69 1.16911e-05
21 69 1.17892e-05
22 69 1.37323e-05
23 69 2.25667e-05
24 69 3.24128e-05
25 69 5.87498e-05
26 69 8.23282e-05
27 69 0.00010785
28 69 0.000140263
29 69 0.000199012
30 69 0.000257958
31 69 0.000324677
32 69 0.000395273
33 69 0.000487614
34 69 0.00058998
35 69 0.000687746
36 69 0.000776635
37 69 0.000865007
38 69 0.000968197
39 69 0.00107056
40 69 0.00116833
41 69 0.00125306
42 69 0.0012975
43 69 0.00133845
44 69 0.00137104
45 69 0.00138774
46 69 0.00131904
47 69 0.00123929
48 69 0.00115176
49 69 0.00106036
50 69 0.000980652
51 69 0.000883427
52 69 0.000781206
53 69 0.000678016
54 69 0.000580748
55 69 0.000488377
56 69 0.000391054
57 69 0.000288834
58 69 0.000201537
59 69 0.000154519
60 69 0.000110797
61 69 7.54299e-05
62 69 4.67337e-05
63 69 3.74561e-05
64 69 3.53676e-05
65 69 3.53676e-05
66 69 2.95203e-05
67 69 1.13661e-05
68 69 2.0885e-06
69 69 0
70 69 0
71 69 0
72 69 0
73 69 0
74 69 0
75 69 0
76 69 0
77 69 0
78 69 0
79 69 0
80 69 0
81 69 0
82 69 0
83 69 0
84 69 0
85 69 0
86 69 0
87 69 0
88 69 0
89 69 0
90 69 0
91 69 0
92 69 0
93 69 0
94 69 0
95 69 0
96 69 0
1 70 0
2 70 0
3 70 0
4 70 0
5 70 0
6 70 0
7 70 0
8 70 0
9 70 0
10 70 0
11 70 0
12 70 0
13 70 0
14 70 0
15 70 0
16 70 0
17 70 0
18 70 0
19 70 0
20 70 0
21 70 1.16911e-05
22 70 2.34803e-05
23 70 2.55215e-05
24 70 2.84341e-05
25 70 3.53254e-05
26 70 3.82802e-05
27 70 6.16624e-05
28 70 8.71839e-05
29 70 0.000113675
30 70 0.000146088
31 70 0.000181455
32 70 0.000216823
33 70 0.000259963
34 70 0.000306981
35 70 0.000353175
36 70 0.00039728
37 70 0.000436362
38 70 0.000465226
39 70 0.000503791
40 70 0.000549985
41 70 0.00059409
42 70 0.000635684
43 70 0.000664241
44 70 0.000652509
45 70 0.000637285
46 70 0.000605934
47 70 0.000570705
48 70 0.000547168
49 70 0.000517806
50 70 0.000473799
51 70 0.00042775
52 70 0.000380732
53 70 0.000339636
54 70 0.000297516
55 70 0.000253411
56 70 0.000207362
57 70 0.000160344
58 70 0.000116623
59 70 8.12551e-05
60 70 5.25589e-05
61 70 4.32813e-05
62 70 4.03687e-05
63 70 3.82802e-05
64 70 3.49445e-05
65 70 2.06437e-05
66 70 5.0011e-06
67 70 2.0885e-06
68 70 0
69 70 0
70 70 0
71 70 0
72 70 0
73 70 0
74 70 0
75 70 0
76 70 0
77 70 0
78 70 0
79 70 0
80 70 0
81 70 0
82 70 0
83 70 0
84 70 0
85 70 0
86 70 0
87 70 0
88 70 0
89 70 0
90 70 0
91 70 0
92 70 0
93 70 0
94 70 0
95 70 0
96 70 0
1 71 0
2 71 0
3 71 0
4 71 0
5 71 0
6 71 0
7 71 0
8 71 0
9 71 0
10 71 0
11 71 0
12 71 0
13 71 0
14 71 0
15 71 0
16 71 0
17 71 0
18 71 0
19 71 0
20 71 0
21 71 0
22 71 1.16911e-05
23 71 2.34803e-05
24 71 2.35784e-05
25 71 2.55215e-05
26 71 3.24128e-05
27 71 4.12894e-05
28 71 4.42442e-05
29 71 6.76264e-05
30 71 9.31479e-05
31 71 0.000119639
32 71 0.00014613
33 71 0.000178543
34 71 0.00021391
35 71 0.000249278
36 71 0.000284645
37 71 0.000319189
38 71 0.000346621
39 71 0.000361323
40 71 0.000381872
41 71 0.000417239
42 71 0.000428401
43 71 0.000437277
44 71 0.000446154
45 71 0.000445847
46 71 0.000416347
47 71 0.000395583
48 71 0.000374918
49 71 0.000340617
50 71 0.00030525
51 71 0.000275804
52 71 0.000249313
53 71 0.000218843
54 71 0.000184445
55 71 0.000149078
56 71 0.00011371
57 71 7.83425e-05
58 71 5.21579e-05
59 71 4.92453e-05
60 71 4.63327e-05
61 71 4.42442e-05
62 71 4.42442e-05
63 71 3.83969e-05
64 71 1.77311e-05
65 71 2.0885e-06
66 71 0
67 71 0
68 71 0
69 71 0
70 71 0
71 71 0
72 71 0
73 71 0
74 71 0
75 71 0
76 71 0
77 71 0
78 71 0
79 71 0
80 71 0
81 71 0
82 71 0
83 71 0
84 71 0
85 71 0
86 71 0
87 71 0
88 71 0
89 71 0
90 71 0
91 71 0
92 71 0
93 71 0
94 71 0
95 71 0
96 71 0
1 72 0
2 72 0
3 72 0
4 72 0
5 72 0
6 72 0
7 72 0
8 72 0
9 72 0
10 72 0
11 72 0
12 72 0
13 72 0
14 72 0
15 72 0
16 72 0
17 72 0
18 72 0
19 72 0
20 72 0
21 72 0
22 72 0
23 72 0
24 72 1.16911e-05
25 72 2.34803e-05
26 72 2.55215e-05
27 72 2.84341e-05
28 72 3.53254e-05
29 72 4.4202e-05
30 72 4.71568e-05
31 72 4.71568e-05
32 72 4.71568e-05
33 72 4.90999e-05
34 72 5.20125e-05
35 72 5.49251e-05
36 72 5.78377e-05
37 72 6.07503e-05
38 72 6.28388e-05
39 72 6.28388e-05
40 72 5.78156e-05
41 72 4.00624e-05
42 72 2.81565e-05
43 72 3.10691e-05
44 72 3.39817e-05
45 72 4.77613e-05
46 72 5.76074e-05
47 72 5.47929e-05
48 72 5.18803e-05
49 72 5.48895e-05
50 72 6.08535e-05
51 72 6.28388e-05
52 72 6.28388e-05
53 72 6.08957e-05
54 72 5.79831e-05
55 72 5.50705e-05
56 72 5.21579e-05
57 72 4.92453e-05
58 72 4.71568e-05
59 72 4.71568e-05
60 72 4.71568e-05
61 72 4.13095e-05
62 72 2.06437e-05
63 72 5.0011e-06
64 72 2.0885e-06
65 72 0
66 72 0
67 72 0
68 72 0
69 72 0
70 72 0
71 72 0
72 72 0
73 72 0
74 72 0
75 72 0
76 72 0
77 72 0
78 72 0
79 72 0
80 72 0
81 72 0
82 72 0
83 72 0
84 72 0
85 72 0
86 72 0
87 72 0
88 72 0
89 72 0
90 72 0
91 72 0
92 72 0
93 72 0
94 72 0
95 72 0
96 72 0
1 73 0
2 73 0
3 73 0
4 73 0
5 73 0
6 73 0
7 73 0
8 73 0
9 73 0
10 73 0
11 73 0
12 73 0
13 73 0
14 73 0
15 73 0
16 73 0
17 73 0
18 73 0
19 73 0
20 73 0
21 73 0
22 73 0
23 73 0
24 73 0
25 73 0
26 73 1.16911e-05
27 73 2.34803e-05
28 73 3.72126e-05
29 73 4.02233e-05
30 73 4.71146e-05
31 73 5.59912e-05
32 73 6.48678e-05
33 73 6.78226e-05
34 73 6.78226e-05
35 73 6.78226e-05
36 73 6.78226e-05
37 73 6.78226e-05
38 73 6.78226e-05
39 73 6.78226e-05
40 73 6.69985e-05
41 73 6.40859e-05
42 73 6.78412e-05
43 73 5.89646e-05
44 73 5.0088e-05
45 73 3.53676e-05
46 73 4.12894e-05
47 73 5.0166e-05
48 73 5.90426e-05
49 73 6.39405e-05
50 73 6.68531e-05
51 73 6.78226e-05
52 73 6.78226e-05
53 73 6.78226e-05
54 73 6.78226e-05
55 73 6.78226e-05
56 73 6.78226e-05
57 73 6.78226e-05
58 73 6.19753e-05
59 73 4.13095e-05
60 73 2.06437e-05
61 73 5.0011e-06
62 73 2.0885e-06
63 73 0
64 73 0
65 73 0
66 73 0
67 73 0
68 73 0
69 73 0
70 73 0
71 73 0
72 73 0
73 73 0
74 73 0
75 73 0
76 73 0
77 73 0
78 73 0
79 73 0
80 73 0
81 73 0
82 73 0
83 73 0
84 73 0
85 73 0
86 73 0
87 73 0
88 73 0
89 73 0
90 73 0
91 73 0
92 73 0
93 73 0
94 73 0
95 73 0
96 73 0
1 74 0
2 74 0
3 74 0
4 74 0
5 74 0
6 74 0
7 74 0
8 74 0
9 74 0
10 74 0
11 74 0
12 74 0
13 74 0
14 74 0
15 74 0
16 74 0
17 74 0
18 74 0
19 74 0
20 74 0
21 74 0
22 74 0
23 74 0
24 74 0
25 74 0
26 74 0
27 74 0
28 74 0
29 74 1.16911e-05
30 74 2.54234e-05
31 74 4.01252e-05
32 74 5.4827e-05
33 74 7.35075e-05
34 74 9.41733e-05
35 74 0.000114839
36 74 0.000135505
37 74 0.000156171
38 74 0.000176836
39 74 0.000197502
40 74 0.000218168
41 74 0.000238834
42 74 0.000246984
43 74 0.000252948
44 74 0.000258912
45 74 0.000259853
46 74 0.000244085
47 74 0.000226332
48 74 0.000208579
49 74 0.000188883
50 74 0.000168217
51 74 0.000147551
52 74 0.000126885
53 74 0.000106219
54 74 8.55537e-05
55 74 6.48879e-05
56 74 4.42221e-05
57 74 2.35563e-05
58 74 7.9137e-06
59 74 5.0011e-06
60 74 2.0885e-06
61 74 0
62 74 0
63 74 0
64 74 0
65 74 0
66 74 0
67 74 0
68 74 0
69 74 0
70 74 0
71 74 0
72 74 0
73 74 0
74 74 0
75 74 0
76 74 0
77 74 0
78 74 0
79 74 0
80 74 0
81 74 0
82 74 0
83 74 0
84 74 0
85 74 0
86 74 0
87 74 0
88 74 0
89 74 0
90 74 0
91 74 0
92 74 0
93 74 0
94 74 0
95 74 0
96 74 0
1 75 0
2 75 0
3 75 0
4 75 0
5 75 0
6 75 0
7 75 0
8 75 0
9 75 0
10 75 0
11 75 0
12 75 0
13 75 0
14 75 0
15 75 0
16 75 0
17 75 0
18 75 0
19 75 0
20 75 0
21 75 0
22 75 0
23 75 0
24 75 0
25 75 0
26 75 0
27 75 0
28 75 0
29 75 0
30 75 0
31 75 0
32 75 0
33 75 1.9431e-06
34 75 4.8557e-06
35 75 7.7683e-06
36 75 1.06809e-05
37 75 1.35935e-05
38 75 1.65061e-05
39 75 1.94187e-05
40 75 2.23313e-05
41 75 2.52439e-05
42 75 2.81565e-05
43 75 3.10691e-05
44 75 3.39817e-05
45 75 3.60702e-05
46 75 3.41271e-05
47 75 3.12145e-05
48 75 2.83019e-05
49 75 2.53893e-05
50 75 2.24767e-05
51 75 1.95641e-05
52 75 1.66515e-05
53 75 1.37389e-05
54 75 1.08263e-05
55 75 7.9137e-06
56 75 5.0011e-06
57 75 2.0885e-06
58 75 0
59 75 0
60 75 0
61 75 0
62 75 0
63 75 0
64 75 0
65 75 0
66 75 0
67 75 0
68 75 0
69 75 0
70 75 0
71 75 0
72 75 0
73 75 0
74 75 0
75 75 0
76 75 0
77 75 0
78 75 0
79 75 0
80 75 0
81 75 0
82 75 0
83 75 0
84 75 0
85 75 0
86 75 0
87 75 0
88 75 0
89 75 0
90 75 0
91 75 0
92 75 0
93 75 0
94 75 0
95 75 0
96 75 0
1 76 0
2 76 0
3 76 0
4 76 0
5 76 0
6 76 0
7 76 0
8 76 0
9 76 0
10 76 0
11 76 0
12 76 0
13 76 0
14 76 0
15 76 0
16 76 0
17 76 0
18 76 0
19 76 0
20 76 0
21 76 0
22 76 0
23 76 0
24 76 0
25 76 0
26 76 0
27 76 0
28 76 0
29 76 0
30 76 0
31 76 0
32 76 0
33 76 0
34 76 0
35 76 0
36 76 0
37 76 0
38 76 0
39 76 0
40 76 0
41 76 0
42 76 0
43 76 0
44 76 0
45 76 0
46 76 0
47 76 0
48 76 0
49 76 0
50 76 0
51 76 0
52 76 0
53 76 0
54 76 0
55 76 0
56 76 0
57 76 0
58 76 0
59 76 0
60 76 0
61 76 0
62 76 0
63 76 0
64 76 0
65 76 0
66 76 0
67 76 0
68 76 0
69 76 0
70 76 0
71 76 0
72 76 0
73 76 0
74 76 0
75 76 0
76 76 0
77 76 0
78 76 0
79 76 0
80 76 0
81 76 0
82 76 0
83 76 0
84 76 0
85 76 0
86 76 0
87 76 0
88 76 0
89 76 0
90 76 0
91 76 0
92 76 0
93 76 0
94 76 0
95 76 0
96 76 0
1 77 0
2 77 0
3 77 0
4 77 0
5 77 0
6 77 0
7 77 0
8 77 0
9 77 0
10 77 0
11 77 0
12 77 0
13 77 0
14 77 0
15 77 0
16 77 0
17 77 0
18 77 0
19 77 0
20 77 0
21 77 0
22 77 0
23 77 0
24 77 0
25 77 0
26 77 0
27 77 0
28 77 0
29 77 0
30 77 0
31 77 0
32 77 0
33 77 0
34 77 0
35 77 0
36 77 0
37 77 0
38 77 0
39 77 0
40 77 0
41 77 0
42 77 0
43 77 0
44 77 0
45 77 0
46 77 0
47 77 0
48 77 0
49 77 0
50 77 0
51 77 0
52 77 0
53 77 0
54 77 0
55 77 0
56 77 0
57 77 0
58 77 0
59 77 0
60 77 0
61 77 0
62 77 0
63 77 0
64 77 0
65 77 0
66 77 0
67 77 0
68 77 0
69 77 0
70 77 0
71 77 0
72 77 0
73 77 0
74 77 0
75 77 0
76 77 0
77 77 0
78 77 0
79 77 0
80 77 0
81 77 0
82 77 0
83 77 0
84 77 0
85 77 0
86 77 0
87 77 0
88 77 0
89 77 0
90 77 0
91 77 0
92 77 0
93 77 0
94 77 0
95 77 0
96 77 0
1 78 0
2 78 0
3 78 0
4 78 0
5 78 0
6 78 0
7 78 0
8 78 0
9 78 0
10 78 0
11 78 0
12 78 0
13 78 0
14 78 0
15 78 0
16 78 0
17 78 0
18 78 0
19 78 0
20 78 0
21 78 0
22 78 0
23 78 0
24 78 0
25 78 0
26 78 0
27 78 0
28 78 0
29 78 0
30 78 0
31 78 0
32 78 0
33 78 0
34 78 0
35 78 0
36 78 0
37 78 0
38 78 0
39 78 0
40 78 0
41 78 0
42 78 0
43 78 0
44 78 0
45 78 0
46 78 0
47 78 0
48 78 0
49 78 0
50 78 0
51 78 0
52 78 0
53 78 0
54 78 0
55 78 0
56 78 0
57 78 0
58 78 0
59 78 0
60 78 0
61 78 0
62 78 0
63 78 0
64 78 0
65 78 0
66 78 0
67 78 0
68 78 0
69 78 0
70 78 0
71 78 0
72 78 0
73 78 0
74 78 0
75 78 0
76 78 0
77 78 0
78 78 0
79 78 0
80 78 0
81 78 0
82 78 0
83 78 0
84 78 0
85 78 0
86 78 0
87 78 0
88 78 0
89 78 0
90 78 0
91 78 0
92 78 0
93 78 0
94 78 0
95 78 0
96 78 0
1 79 0
2 79 0
3 79 0
4 79 0
5 79 0
6 79 0
7 79 0
8 79 0
9 79 0
10 79 0
11 79 0
12 79 0
13 79 0
14 79 0
15 79 0
16 79 0
17 79 0
18 79 0
19 79 0
20 79 0
21 79 0
22 79 0
23 79 0
24 79 0
25 79 0
26 79 0
27 79 0
28 79 0
29 79 0
30 79 0
31 79 0
32 79 0
33 79 0
34 79 0
35 79 0
36 79 0
37 79 0
38 79 0
39 79 0
40 79 0
41 79 0
42 79 0
43 79 0
44 79 0
45 79 0
46 79 0
47 79 0
48 79 0
49 79 0
50 79 0
51 79 0
52 79 0
53 79 0
54 79 0
55 79 0
56 79 0
57 79 0
58 79 0
59 79 0
60 79 0
61 79 0
62 79 0
63 79 0
64 79 0
65 79 0
66 79 0
67 79 0
68 79 0
69 79 0
70 79 0
71 79 0
72 79 0
73 79 0
74 79 0
75 79 0
76 79 0
77 79 0
78 79 0
79 79 0
80 79 0
81 79 0
82 79 0
83 79 0
84 79 0
85 79 0
86 79 0
87 79 0
88 79 0
89 79 0
90 79 0
91 79 0
92 79 0
93 79 0
94 79 0
95 79 0
96 79 0
1 80 0
2 80 0
3 80 0
4 80 0
5 80 0
6 80 0
7 80 0
8 80 0
9 80 0
10 80 0
11 80 0
12 80 0
13 80 0
14 80 0
15 80 0
16 80 0
17 80 0
18 80 0
19 80 0
20 80 0
21 80 0
22 80 0
23 80 0
24 80 0
25 80 0
26 80 0
27 80 0
28 80 0
29 80 0
30 80 0
31 80 0
32 80 0
33 80 0
34 80 0
35 80 0
36 80 0
37 80 0
38 80 0
39 80 0
40 80 0
41 80 0
42 80 0
43 80 0
44 80 0
45 80 0
46 80 0
47 80 0
48 80 0
49 80 0
50 80 0
51 80 0
52 80 0
53 80 0
54 80 0
55 80 0
56 80 0
57 80 0
58 80 0
59 80 0
60 80 0
61 80 0
62 80 0
63 80 0
64 80 0
65 80 0
66 80 0
67 80 0
68 80 0
69 80 0
70 80 0
71 80 0
72 80 0
73 80 0
74 80 0
75 80 0
76 80 0
77 80 0
78 80 0
79 80 0
80 80 0
81 80 0
82 80 0
83 80 0
84 80 0
85 80 0
86 80 0
87 80 0
88 80 0
89 80 0
90 80 0
91 80 0
92 80 0
93 80 0
94 80 0
95 80 0
96 80 0
1 81 0
2 81 0
3 81 0
4 81 0
5 81 0
6 81 0
7 81 0
8 81 0
9 81 0
10 81 0
11 81 0
12 81 0
13 81 0
14 81 0
15 81 0
16 81 0
17 81 0
18 81 0
19 81 0
20 81 0
21 81 0
22 81 0
23 81 0
24 81 0
25 81 0
26 81 0
27 81 0
28 81 0
29 81 0
30 81 0
31 81 0
32 81 0
33 81 0
34 81 0
35 81 0
36 81 0
37 81 0
38 81 0
39 81 0
40 81 0
41 81 0
42 81 0
43 81 0
44 81 0
45 81 0
46 81 0
47 81 0
48 81 0
49 81 0
50 81 0
51 81 0
52 81 0
53 81 0
54 81 0
55 81 0
56 81 0
57 81 0
58 81 0
59 81 0
60 81 0
61 81 0
62 81 0
63 81 0
64 81 0
65 81 0
66 81 0
67 81 0
68 81 0
69 81 0
70 81 0
71 81 0
72 81 0
73 81 0
74 81 0
75 81 0
76 81 0
77 81 0
78 81 0
79 81 0
80 81 0
81 81 0
82 81 0
83 81 0
84 81 0
85 81 0
86 81 0
87 81 0
88 81 0
89 81 0
90 81 0
91 81 0
92 81 0
93 81 0
94 81 0
95 81 0
96 81 0
1 82 0
2 82 0
3 82 0
4 82 0
5 82 0
6 82 0
7 82 0
8 82 0
9 82 0
10 82 0
11 82 0
12 82 0
13 82 0
14 82 0
15 82 0
16 82 0
17 82 0
18 82 0
19 82 0
20 82 0
21 82 0
22 82 0
23 82 0
24 82 0
25 82 0
26 82 0
27 82 0
28 82 0
29 82 0
30 82 0
31 82 0
32 82 0
33 82 0
34 82 0
35 82 0
36 82 0
37 82 0
38 82 0
39 82 0
40 82 0
41 82 0
42 82 0
43 82 0
44 82 0
45 82 0
46 82 0
47 82 0
48 82 0
49 82 0
50 82 0
51 82 0
52 82 0
53 82 0
54 82 0
55 82 0
56 82 0
57 82 0
58 82 0
59 82 0
60 82 0
61 82 0
62 82 0
63 82 0
64 82 0
65 82 0
66 82 0
67 82 0
68 82 0
69 82 0
70 82 0
71 82 0
72 82 0
73 82 0
74 82 0
75 82 0
76 82 0
77 82 0
78 82 0
79 82 0
80 82 0
81 82 0
82 82 0
83 82 0
84 82 0
85 82 0
86 82 0
87 82 0
88 82 0
89 82 0
90 82 0
91 82 0
92 82 0
93 82 0
94 82 0
95 82 0
96 82 0
1 83 0
2 83 0
3 83 0
4 83 0
5 83 0
6 83 0
7 83 0
8 83 0
9 83 0
10 83 0
11 83 0
12 83 0
13 83 0
14 83 0
15 83 0
16 83 0
17 83 0
18 83 0
19 83 0
20 83 0
21 83 0
22 83 0
23 83 0
24 83 0
25 83 0
26 83 0
27 83 0
28 83 0
29 83 0
30 83 0
31 83 0
32 83 0
33 83 0
34 83 0
35 83 0
36 83 0
37 83 0
38 83 0
39 83 0
40 83 0
41 83 0
42 83 0
43 83 0
44 83 0
45 83 0
46 83 0
47 83 0
48 83 0
49 83 0
50 83 0
51 83 0
52 83 0
53 83 0
54 83 0
55 83 0
56 83 0
57 83 0
58 83 0
59 83 0
60 83 0
61 83 0
62 83 0
63 83 0
64 83 0
65 83 0
66 83 0
67 83 0
68 83 0
69 83 0
70 83 0
71 83 0
72 83 0
73 83 0
74 83 0
75 83 0
76 83 0
77 83 0
78 83 0
79 83 0
80 83 0
81 83 0
82 83 0
83 83 0
84 83 0
85 83 0
86 83 0
87 83 0
88 83 0
89 83 0
90 83 0
91 83 0
92 83 0
93 83 0
94 83 0
95 83 0
96 83 0
1 84 0
2 84 0
3 84 0
4 84 0
5 84 0
6 84 0
7 84 0
8 84 0
9 84 0
10 84 0
11 84 0
12 84 0
13 84 0
14 84 0
15 84 0
16 84 0
17 84 0
18 84 0
19 84 0
20 84 0
21 84 0
22 84 0
23 84 0
24 84 0
25 84 0
26 84 0
27 84 0
28 84 0
29 84 0
30 84 0
31 84 0
32 84 0
33 84 0
34 84 0
35 84 0
36 84 0
37 84 0
38 84 0
39 84 0
40 84 0
41 84 0
42 84 0
43 84 0
44 84 0
45 84 0
46 84 0
47 84 0
48 84 0
49 84 0
50 84 0
51 84 0
52 84 0
53 84 0
54 84 0
55 84 0
56 84 0
57 84 0
58 84 0
59 84 0
60 84 0
61 84 0
62 84 0
63 84 0
64 84 0
65 84 0
66 84 0
67 84 0
68 84 0
69 84 0
70 84 0
71 84 0
72 84 0
73 84 0
74 84 0
75 84 0
76 84 0
77 84 0
78 84 0
79 84 0
80 84 0
81 84 0
82 84 0
83 84 0
84 84 0
85 84 0
86 84 0
87 84 0
88 84 0
89 84 0
90 84 0
91 84 0
92 84 0
93 84 0
94 84 0
95 84 0
96 84 0
1 85 0
2 85 0
3 85 0
4 85 0
5 85 0
6 85 0
7 85 0
8 85 0
9 85 0
10 85 0
11 85 0
12 85 0
13 85 0
14 85 0
15 85 0
16 85 0
17 85 0
18 85 0
19 85 0
20 85 0
21 85 0
22 85 0
23 85 0
24 85 0
25 85 0
26 85 0
27 85 0
28 85 0
29 85 0
30 85 0
31 85 0
32 85 0
33 85 0
34 85 0
35 85 0
36 85 0
37 85 0
38 85 0
39 85 0
40 85 0
41 85 0
42 85 0
43 85 0
44 85 0
45 85 0
46 85 0
47 85 0
48 85 0
49 85 0
50 85 0
51 85 0
52 85 0
53 85 0
54 85 0
55 85 0
56 85 0
57 85 0
58 85 0
59 85 0
60 85 0
61 85 0
62 85 0
63 85 0
64 85 0
65 85 0
66 85 0
67 85 0
68 85 0
69 85 0
70 85 0
71 85 0
72 85 0
73 85 0
74 85 0
75 85 0
76 85 0
77 85 0
78 85 0
79 85 0
80 85 0
81 85 0
82 85 0
83 85 0
84 85 0
85 85 0
86 85 0
87 85 0
88 85 0
89 85 0
90 85 0
91 85 0
92 85 0
93 85 0
94 85 0
95 85 0
96 85 0
1 86 0
2 86 0
3 86 0
4 86 0
5 86 0
6 86 0
7 86 0
8 86 0
9 86 0
10 86 0
11 86 0
12 86 0
13 86 0
14 86 0
15 86 0
16 86 0
17 86 0
18 86 0
19 86 0
20 86 0
21 86 0
22 86 0
23 86 0
24 86 0
25 86 0
26 86 0
27 86 0
28 86 0
29 86 0
30 86 0
31 86 0
32 86 0
33 86 0
34 86 0
35 86 0
36 86 0
37 86 0
38 86 0
39 86 0
40 86 0
41 86 0
42 86 0
43 86 0
44 86 0
45 86 0
46 86 0
47 86 0
48 86 0
49 86 0
50 86 0
51 86 0
52 86 0
53 86 0
54 86 0
55 86 0
56 86 0
57 86 0
58 86 0
59 86 0
60 86 0
61 86 0
62 86 0
63 86 0
64 86 0
65 86 0
66 86 0
67 86 0
68 86 0
69 86 0
70 86 0
71 86 0
72 86 0
73 86 0
74 86 0
75 86 0
76 86 0
77 86 0
78 86 0
79 86 0
80 86 0
81 86 0
82 86 0
83 86 0
84 86 0
85 86 0
86 86 0
87 86 0
88 86 0
89 86 0
90 86 0
91 86 0
92 86 0
93 86 0
94 86 0
95 86 0
96 86 0
1 87 0
2 87 0
3 87 0
4 87 0
5 87 0
6 87 0
7 87 0
8 87 0
9 87 0
10 87 0
11 87 0
12 87 0
13 87 0
14 87 0
15 87 0
16 87 0
17 87 0
18 87 0
19 87 0
20 87 0
21 87 0
22 87 0
23 87 0
24 87 0
25 87 0
26 87 0
27 87 0
28 87 0
29 87 0
30 87 0
31 87 0
32 87 0
33 87 0
34 87 0
35 87 0
36 87 0
37 87 0
38 87 0
39 87 0
40 87 0
41 87 0
42 87 0
43 87 0
44 87 0
45 87 0
46 87 0
47 87 0
48 87 0
49 87 0
50 87 0
51 87 0
52 87 0
53 87 0
54 87 0
55 87 0
56 87 0
57 87 0
58 87 0
59 87 0
60 87 0
61 87 0
62 87 0
63 87 0
64 87 0
65 87 0
66 87 0
67 87 0
68 87 0
69 87 0
70 87 0
71 87 0
72 87 0
73 87 0
74 87 0
75 87 0
76 87 0
77 87 0
78 87 0
79 87 0
80 87 0
81 87 0
82 87 0
83 87 0
84 87 0
85 87 0
86 87 0
87 87 0
88 87 0
89 87 0
90 87 0
91 87 0
92 87 0
93 87 0
94 87 0
95 87 0
96 87 0
1 88 0
2 88 0
3 88 0
4 88 0
5 88 0
6 88 0
7 88 0
8 88 0
9 88 0
10 88 0
11 88 0
12 88 0
13 88 0
14 88 0
15 88 0
16 88 0
17 88 0
18 88 0
19 88 0
20 88 0
21 88 0
22 88 0
23 88 0
24 88 0
25 88 0
26 88 0
27 88 0
28 88 0
29 88 0
30 88 0
31 88 0
32 88 0
33 88 0
34 88 0
35 88 0
36 88 0
37 88 0
38 88 0
39 88 0
40 88 0
41 88 0
42 88 0
43 88 0
44 88 0
45 88 0
46 88 0
47 88 0
48 88 0
49 88 0
50 88 0
51 88 0
52 88 0
53 88 0
54 88 0
55 88 0
56 88 0
57 88 0
58 88 0
59 88 0
60 88 0
61 88 0
62 88 0
63 88 0
64 88 0
65 88 0
66 88 0
67 88 0
68 88 0
69 88 0
70 88 0
71 88 0
72 88 0
73 88 0
74 88 0
75 88 0
76 88 0
77 88 0
78 88 0
79 88 0
80 88 0
81 88 0
82 88 0
83 88 0
84 88 0
85 88 0
86 88 0
87 88 0
88 88 0
89 88 0
90 88 0
91 88 0
92 88 0
93 88 0
94 88 0
95 88 0
96 88 0
1 89 0
2 89 0
3 89 0
4 89 0
5 89 0
6 89 0
7 89 0
8 89 0
9 89 0
10 89 0
11 89 0
12 89 0
13 89 0
14 89 0
15 89 0
16 89 0
17 89 0
18 89 0
19 89 0
20 89 0
21 89 0
22 89 0
23 89 0
24 89 0
25 89 0
26 89 0
27 89 0
28 89 0
29 89 0
30 89 0
31 89 0
32 89 0
33 89 0
34 89 0
35 89 0
36 89 0
37 89 0
38 89 0
39 89 0
40 89 0
41 89 0
42 89 0
43 89 0
44 89 0
45 89 0
46 89 0
47 89 0
48 89 0
49 89 0
50 89 0
51 89 0
52 89 0
53 89 0
54 89 0
55 89 0
56 89 0
57 89 0
58 89 0
59 89 0
60 89 0
61 89 0
62 89 0
63 89 0
64 89 0
65 89 0
66 89 0
67 89 0
68 89 0
69 89 0
70 89 0
71 89 0
72 89 0
73 89 0
74 89 0
75 89 0
76 89 0
77 89 0
78 89 0
79 89 0
80 89 0
81 89 0
82 89 0
83 89 0
84 89 0
85 89 0
86 89 0
87 89 0
88 89 0
89 89 0
90 89 0
91 89 0
92 89 0
93 89 0
94 89 0
95 89 0
96 89 0
1 90 0
2 90 0
3 90 0
4 90 0
5 90 0
6 90 0
7 90 0
8 90 0
9 90 0
10 90 0
11 90 0
12 90 0
13 90 0
14 90 0
15 90 0
16 90 0
17 90 0
18 90 0
19 90 0
20 90 0
21 90 0
22 90 0
23 90 0
24 90 0
25 90 0
26 90 0
27 90 0
28 90 0
29 90 0
30 90 0
31 90 0
32 90 0
33 90 0
34 90 0
35 90 0
36 90 0
37 90 0
38 90 0
39 90 0
40 90 0
41 90 0
42 90 0
43 90 0
44 90 0
45 90 0
46 90 0
47 90 0
48 90 0
49 90 0
50 90 0
51 90 0
52 90 0
53 90 0
54 90 0
55 90 0
56 90 0
57 90 0
58 90 0
59 90 0
60 90 0
61 90 0
62 90 0
63 90 0
64 90 0
65 90 0
66 90 0
67 90 0
68 90 0
69 90 0
70 90 0
71 90 0
72 90 0
73 90 0
74 90 0
75 90 0
76 90 0
77 90 0
78 90 0
79 90 0
80 90 0
81 90 0
82 90 0
83 90 0
84 90 0
85 90 0
86 90 0
87 90 0
88 90 0
89 90 0
90 90 0
91 90 0
92 90 0
93 90 0
94 90 0
95 90 0
96 90 0
1 91 0
2 91 0
3 91 0
4 91 0
5 91 0
6 91 0
7 91 0
8 91 0
9 91 0
10 91 0
11 91 0
12 91 0
13 91 0
14 91 0
15 91 0
16 91 0
17 91 0
18 91 0
19 91 0
20 91 0
21 91 0
22 91 0
23 91 0
24 91 0
25 91 0
26 91 0
27 91 0
28 91 0
29 91 0
30 91 0
31 91 0
32 91 0
33 91 0
34 91 0
35 91 0
36 91 0
37 91 0
38 91 0
39 91 0
40 91 0
41 91 0
42 91 0
43 91 0
44 91 0
45 91 0
46 91 0
47 91 0
48 91 0
49 91 0
50 91 0
51 91 0
52 91 0
53 91 0
54 91 0
55 91 0
56 91 0
57 91 0
58 91 0
59 91 0
60 91 0
61 91 0
62 91 0
63 91 0
64 91 0
65 91 0
66 91 0
67 91 0
68 91 0
69 91 0
70 91 0
71 91 0
72 91 0
73 91 0
74 91 0
75 91 0
76 91 0
77 91 0
78 91 0
79 91 0
80 91 0
81 91 0
82 91 0
83 91 0
84 91 0
85 91 0
86 91 0
87 91 0
88 91 0
89 91 0
90 91 0
91 91 0
92 91 0
93 91 0
94 91 0
95 91 0
96 91 0
1 92 0
2 92 0
3 92 0
4 92 0
5 92 0
6 92 0
7 92 0
8 92 0
9 92 0
10 92 0
11 92 0
12 92 0
13 92 0
14 92 0
15 92 0
16 92 0
17 92 0
18 92 0
19 92 0
20 92 0
21 92 0
22 92 0
23 92 0
24 92 0
25 92 0
26 92 0
27 92 0
28 92 0
29 92 0
30 92 0
31 92 0
32 92 0
33 92 0
34 92 0
35 92 0
36 92 0
37 92 0
38 92 0
39 92 0
40 92 0
41 92 0
42 92 0
43 92 0
44 92 0
45 92 0
46 92 0
47 92 0
48 92 0
49 92 0
50 92 0
51 92 0
52 92 0
53 92 0
54 92 0
55 92 0
56 92 0
57 92 0
58 92 0
59 92 0
60 92 0
61 92 0
62 92 0
63 92 0
64 92 0
65 92 0
66 92 0
67 92 0
68 92 0
69 92 0
70 92 0
71 92 0
72 92 0
73 92 0
74 92 0
75 92 0
76 92 0
77 92 0
78 92 0
79 92 0
80 92 0
81 92 0
82 92 0
83 92 0
84 92 0
85 92 0
86 92 0
87 92 0
88 92 0
89 92 0
90 92 0
91 92 0
92 92 0
93 92 0
94 92 0
95 92 0
96 92 0
1 93 0
2 93 0
3 93 0
4 93 0
5 93 0
6 93 0
7 93 0
8 93 0
9 93 0
10 93 0
11 93 0
12 93 0
13 93 0
14 93 0
15 93 0
16 93 0
17 93 0
18 93 0
19 93 0
20 93 0
21 93 0
22 93 0
23 93 0
24 93 0
25 93 0
26 93 0
27 93 0
28 93 0
29 93 0
30 93 0
31 93 0
32 93 0
33 93 0
34 93 0
35 93 0
36 93 0
37 93 0
38 93 0
39 93 0
40 93 0
41 93 0
42 93 0
43 93 0
44 93 0
45 93 0
46 93 0
47 93 0
48 93 0
49 93 0
50 93 0
51 93 0
52 93 0
53 93 0
54 93 0
55 93 0
56 93 0
57 93 0
58 93 0
59 93 0
60 93 0
61 93 0
62 93 0
63 93 0
64 93 0
65 93 0
66 93 0
67 93 0
68 93 0
69 93 0
70 93 0
71 93 0
72 93 0
73 93 0
74 93 0
75 93 0
76 93 0
77 93 0
78 93 0
79 93 0
80 93 0
81 93 0
82 93 0
83 93 0
84 93 0
85 93 0
86 93 0
87 93 0
88 93 0
89 93 0
90 93 0
91 93 0
92 93 0
93 93 0
94 93 0
95 93 0
96 93 0
1 94 0
2 94 0
3 94 0
4 94 0
5 94 0
6 94 0
7 94 0
8 94 0
9 94 0
10 94 0
11 94 0
12 94 0
13 94 0
14 94 0
15 94 0
16 94 0
17 94 0
18 94 0
19 94 0
20 94 0
21 94 0
22 94 0
23 94 0
24 94 0
25 94 0
26 94 0
27 94 0
28 94 0
29 94 0
30 94 0
31 94 0
32 94 0
33 94 0
34 94 0
35 94 0
36 94 0
37 94 0
38 94 0
39 94 0
40 94 0
41 94 0
42 94 0
43 94 0
44 94 0
45 94 0
46 94 0
47 94 0
48 94 0
49 94 0
50 94 0
51 94 0
52 94 0
53 94 0
54 94 0
55 94 0
56 94 0
57 94 0
58 94 0
59 94 0
60 94 0
61 94 0
62 94 0
63 94 0
64 94 0
65 94 0
66 94 0
67 94 0
68 94 0
69 94 0
70 94 0
71 94 0
72 94 0
73 94 0
74 94 0
75 94 0
76 94 0
77 94 0
78 94 0
79 94 0
80 94 0
81 94 0
82 94 0
83 94 0
84 94 0
85 94 0
86 94 0
87 94 0
88 94 0
89 94 0
90 94 0
91 94 0
92 94 0
93 94 0
94 94 0
95 94 0
96 94 0
1 95 0
2 95 0
3 95 0
4 95 0
5 95 0
6 95 0
7 95 0
8 95 0
9 95 0
10 95 0
11 95 0
12 95 0
13 95 0
14 95 0
15 95 0
16 95 0
17 95 0
18 95 0
19 95 0
20 95 0
21 95 0
22 95 0
23 95 0
24 95 0
25 95 0
26 95 0
27 95 0
28 95 0
29 95 0
30 95 0
31 95 0
32 95 0
33 95 0
34 95 0
35 95 0
36 95 0
37 95 0
38 95 0
39 95 0
40 95 0
41 95 0
42 95 0
43 95 0
44 95 0
45 95 0
46 95 0
47 95 0
48 95 0
49 95 0
50 95 0
51 95 0
52 95 0
53 95 0
54 95 0
55 95 0
56 95 0
57 95 0
58 95 0
59 95 0
60 95 0
61 95 0
62 95 0
63 95 0
64 95 0
65 95 0
66 95 0
67 95 0
68 95 0
69 95 0
70 95 0
71 95 0
72 95 0
73 95 0
74 95 0
75 95 0
76 95 0
77 95 0
78 95 0
79 95 0
80 95 0
81 95 0
82 95 0
83 95 0
84 95 0
85 95 0
86 95 0
87 95 0
88 95 0
89 95 0
90 95 0
91 95 0
92 95 0
93 95 0
94 95 0
95 95 0
96 95 0
1 96 0
2 96 0
3 96 0
4 96 0
5 96 0
6 96 0
7 96 0
8 96 0
9 96 0
10 96 0
11 96 0
12 96 0
13 96 0
14 96 0
15 96 0
16 96 0
17 96 0
18 96 0
19 96 0
20 96 0
21 96 0
22 96 0
23 96 0
24 96 0
25 96 0
26 96 0
27 96 0
28 96 0
29 96 0
30 96 0
31 96 0
32 96 0
33 96 0
34 96 0
35 96 0
36 96 0
37 96 0
38 96 0
39 96 0
40 96 0
41 96 0
42 96 0
43 96 0
44 96 0
45 96 0
46 96 0
47 96 0
48 96 0
49 96 0
50 96 0
51 96 0
52 96 0
53 96 0
54 96 0
55 96 0
56 96 0
57 96 0
58 96 0
59 96 0
60 96 0
61 96 0
62 96 0
63 96 0
64 96 0
65 96 0
66 96 0
67 96 0
68 96 0
69 96 0
70 96 0
71 96 0
72 96 0
73 96 0
74 96 0
75 96 0
76 96 0
77 96 0
78 96 0
79 96 0
80 96 0
81 96 0
82 96 0
83 96 0
84 96 0
85 96 0
86 96 0
87 96 0
88 96 0
89 96 0
90 96 0
91 96 0
92 96 0
93 96 0
94 96 0
95 96 0
96 96 0
