-1
4
10 10
10 78.741
78.741 78.741
78.741 10
-1
4
39.197 46.652
40.048 46.652
40.048 69.928
39.197 69.928
-1
4
36.079 46.369
36.929 46.369
36.929 62.728
36.079 62.728
-1
4
32.961 46.085
33.811 46.085
33.811 55.528
32.961 55.528
-1
4
29.843 44.013
30.693 44.013
30.693 45.972
29.843 45.972
-1
4
10 14.677
13.317 14.677
13.317 16.463
10 16.463
-1
4
14.677 10
16.463 10
16.463 15.927
14.677 15.927
-1
4
42.315 15.213
43.166 15.213
43.166 45.688
42.315 45.688
-1
4
14.677 75.878
16.463 75.878
16.463 78.741
14.677 78.741
