-1
4
42.315 46.695
46.284 46.695
46.284 46.78
42.315 46.78
-1
4
29.843 46.411
46.284 46.411
46.284 46.496
29.843 46.496
-1
4
32.961 46.128
46.284 46.128
46.284 46.213
32.961 46.213
-1
4
36.079 45.844
46.284 45.844
46.284 45.929
36.079 45.929
-1
4
39.197 45.561
46.284 45.561
46.284 45.646
39.197 45.646
-1
4
10 47.078
30.693 47.078
30.693 48.863
10 48.863
-1
4
29.843 46.369
30.693 46.369
30.693 48.328
29.843 48.328
-1
4
10 36.277
33.811 36.277
33.811 38.063
10 38.063
-1
4
32.961 36.813
33.811 36.813
33.811 46.255
32.961 46.255
-1
4
10 29.077
36.929 29.077
36.929 30.863
10 30.863
-1
4
36.079 29.613
36.929 29.613
36.929 45.972
36.079 45.972
-1
4
10 21.877
40.048 21.877
40.048 23.663
10 23.663
-1
4
39.197 22.413
40.048 22.413
40.048 45.688
39.197 45.688
-1
4
18.277 75.878
43.166 75.878
43.166 77.664
18.277 77.664
-1
4
42.315 46.652
43.166 46.652
43.166 77.128
42.315 77.128
-1
4
18.277 76.414
20.063 76.414
20.063 78.741
18.277 78.741
