-1
4
-0.123 689.326
223.443 689.326
223.443 862.014
-0.123 862.014
-1
4
55.727 775.672
57.219 775.672
57.219 776.238
55.727 776.238
-1
4
184.004 775.672
185.492 775.672
185.492 776.238
184.004 776.238
-1
4
68.219 791.262
93.234 791.262
93.234 791.828
68.219 791.828
-1
4
17.125 717.207
20.668 717.207
20.668 720.75
17.125 720.75
-1
4
105.141 716.426
107.691 716.426
107.691 719.827
105.141 719.827
-1
4
171.805 714.559
204.707 714.559
204.707 715.129
171.805 715.129
-1
4
111.375 720.68
114.779 720.68
114.779 723.23
111.375 723.23
-1
4
100.887 720.962
103.441 720.962
103.441 724.363
100.887 724.363
-1
4
126.117 720.68
131.786 720.68
131.786 723.23
126.117 723.23
-1
6
81.047 720.113
84.164 720.113
84.164 716.992
91.535 716.992
91.535 711.324
81.047 711.324
-1
4
123.282 747.039
126.684 747.039
126.684 749.594
123.282 749.594
-1
4
105.141 753.277
107.691 753.277
107.691 756.679
105.141 756.679
-1
4
33.423 747.039
40.508 747.039
40.508 747.609
33.423 747.609
-1
4
108.542 747.039
111.941 747.039
111.941 749.594
108.542 749.594
-1
4
188.477 745.555
192.02 745.555
192.02 749.094
188.477 749.094
-1
4
115.913 747.039
119.313 747.039
119.313 749.594
115.913 749.594
-1
4
182.809 747.381
183.375 747.381
183.375 755.062
182.809 755.062
-1
4
195.566 745.555
199.109 745.555
199.109 749.094
195.566 749.094
-1
4
115.913 754.41
119.313 754.41
119.313 756.961
115.913 756.961
-1
4
96.637 764.898
100.038 764.898
100.038 767.449
96.637 767.449
-1
4
37.676 754.469
38.242 754.469
38.242 759.656
37.676 759.656
-1
4
105.141 760.648
107.691 760.648
107.691 764.048
105.141 764.048
-1
4
115.913 761.781
119.313 761.781
119.313 764.332
115.913 764.332
-1
4
195.566 752.641
199.109 752.641
199.109 756.184
195.566 756.184
-1
4
123.282 761.781
126.684 761.781
126.684 764.332
123.282 764.332
-1
4
31.297 759.727
34.84 759.727
34.84 763.27
31.297 763.27
-1
4
101.173 769.152
104.574 769.152
104.574 771.703
101.173 771.703
-1
4
35.746 772.27
97.998 772.27
97.998 772.836
35.746 772.836
-1
4
46.777 775.672
48.265 775.672
48.265 776.238
46.777 776.238
-1
4
104.008 728.047
107.408 728.047
107.408 730.602
104.008 730.602
-1
4
115.913 724.93
119.313 724.93
119.313 727.48
115.913 727.48
-1
4
108.542 732.301
111.941 732.301
111.941 734.852
108.542 734.852
-1
4
94.367 735.418
105.368 735.418
105.368 735.988
94.367 735.988
-1
4
115.913 732.301
119.313 732.301
119.313 734.852
115.913 734.852
-1
4
178.273 733.207
178.84 733.207
178.84 735.504
178.273 735.504
-1
4
25.699 736.41
43.91 736.41
43.91 736.977
25.699 736.977
-1
4
105.141 738.535
107.691 738.535
107.691 741.939
105.141 741.939
-1
4
43.344 739.457
96.154 739.457
96.154 740.023
43.344 740.023
-1
4
127.676 736.75
128.242 736.75
128.242 738.551
127.676 738.551
-1
4
112.512 738.535
115.063 738.535
115.063 741.939
112.512 741.939
-1
4
101.173 747.039
104.574 747.039
104.574 749.594
101.173 749.594
-1
4
26.039 743.5
41.305 743.5
41.305 744.066
26.039 744.066
-1
4
96.637 742.789
100.038 742.789
100.038 745.34
96.637 745.34
-1
4
188.477 738.465
192.02 738.465
192.02 742.012
188.477 742.012
-1
4
125.323 741.656
181.109 741.656
181.109 742.223
125.323 742.223
