-1
4
-0.123 689.326
223.443 689.326
223.443 862.014
-0.123 862.014
-1
4
52.742 775.672
54.234 775.672
54.234 776.238
52.742 776.238
-1
4
58.711 775.672
60.203 775.672
60.203 776.238
58.711 776.238
-1
4
169.082 775.672
170.574 775.672
170.574 776.238
169.082 776.238
-1
4
178.035 775.672
179.527 775.672
179.527 776.238
178.035 776.238
-1
4
57.59 778.278
58.156 778.278
58.156 849.726
57.59 849.726
-1
4
68.219 841.789
79.414 841.789
79.414 842.355
68.219 842.355
-1
4
77.359 848.309
80.902 848.309
80.902 851.852
77.359 851.852
-1
4
170.973 820.176
171.543 820.176
171.543 842.922
170.973 842.922
-1
4
119.879 848.309
123.422 848.309
123.422 851.852
119.879 851.852
-1
4
70.273 830.594
70.84 830.594
70.84 837.68
70.273 837.68
-1
4
160.699 837.113
167.785 837.113
167.785 837.68
160.699 837.68
-1
4
17.125 837.68
20.668 837.68
20.668 841.223
17.125 841.223
-1
4
24.211 837.68
27.754 837.68
27.754 841.223
24.211 841.223
-1
4
195.566 837.68
199.109 837.68
199.109 841.223
195.566 841.223
-1
4
202.652 837.68
206.195 837.68
206.195 841.223
202.652 841.223
-1
4
104.008 720.68
107.408 720.68
107.408 723.23
104.008 723.23
-1
4
105.141 703.16
105.707 703.16
105.707 716.879
105.141 716.879
-1
4
112.512 716.426
115.063 716.426
115.063 719.827
112.512 719.827
-1
4
24.211 717.207
27.754 717.207
27.754 720.75
24.211 720.75
-1
4
97.77 716.426
100.32 716.426
100.32 719.827
97.77 719.827
-1
4
119.879 716.426
122.43 716.426
122.43 719.827
119.879 719.827
-1
4
59.258 705.09
94.594 705.09
94.594 705.656
59.258 705.656
-1
4
163.836 705.09
164.402 705.09
164.402 718.922
163.836 718.922
-1
4
17.125 710.121
20.668 710.121
20.668 713.664
17.125 713.664
-1
4
24.211 710.121
27.754 710.121
27.754 713.664
24.211 713.664
-1
4
25.699 729.324
46.18 729.324
46.18 729.891
25.699 729.891
-1
4
24.211 745.555
27.754 745.555
27.754 749.094
24.211 749.094
-1
4
38.809 750.924
39.375 750.924
39.375 757.754
38.809 757.754
-1
4
105.141 745.906
107.691 745.906
107.691 749.308
105.141 749.308
-1
4
104.008 751.691
104.574 751.691
104.574 755.629
104.008 755.629
-1
4
182.809 747.039
189.894 747.039
189.894 747.609
182.809 747.609
-1
4
111.375 750.16
114.779 750.16
114.779 752.711
111.375 752.711
-1
4
117.16 753.277
121.099 753.277
121.099 753.844
117.16 753.844
-1
4
117.953 756.395
184.168 756.395
184.168 756.961
117.953 756.961
-1
4
101.173 761.781
104.574 761.781
104.574 764.332
101.173 764.332
-1
4
36.543 764.898
97.998 764.898
97.998 765.469
36.543 765.469
-1
4
31.297 752.641
34.84 752.641
34.84 756.184
31.297 756.184
-1
4
108.258 765.182
110.809 765.182
110.809 768.582
108.258 768.582
-1
4
112.512 760.648
115.063 760.648
115.063 764.048
112.512 764.048
-1
4
186.211 757.672
197.621 757.672
197.621 758.238
186.211 758.238
-1
4
125.323 763.766
186.777 763.766
186.777 764.332
125.323 764.332
-1
4
33.423 761.215
35.633 761.215
35.633 761.781
33.423 761.781
-1
4
34.84 775.672
36.332 775.672
36.332 776.238
34.84 776.238
-1
4
40.809 775.672
42.301 775.672
42.301 776.238
40.809 776.238
-1
4
92.809 730.035
105.368 730.035
105.368 730.602
92.809 730.602
-1
4
45.953 733.363
93.375 733.363
93.375 733.93
45.953 733.93
-1
4
177.141 729.324
197.621 729.324
197.621 729.891
177.141 729.891
-1
4
111.375 728.047
114.779 728.047
114.779 730.602
111.375 730.602
-1
4
130.227 727.254
130.793 727.254
130.793 732.457
130.227 732.457
-1
4
108.258 735.702
110.809 735.702
110.809 739.105
108.258 739.105
-1
4
179.406 736.75
179.973 736.75
179.973 738.551
179.406 738.551
-1
4
115.913 739.672
119.313 739.672
119.313 742.223
115.913 742.223
-1
4
24.211 738.465
27.754 738.465
27.754 742.012
24.211 742.012
-1
4
101.173 739.672
104.574 739.672
104.574 742.223
101.173 742.223
-1
4
42.211 740.295
42.777 740.295
42.777 743.015
42.211 743.015
-1
4
195.566 738.465
199.109 738.465
199.109 742.012
195.566 742.012
-1
4
119.879 745.906
122.43 745.906
122.43 749.308
119.879 749.308
