-1
4
-0.123 689.326
223.443 689.326
223.443 862.014
-0.123 862.014
-1
4
163.117 775.672
164.609 775.672
164.609 776.238
163.117 776.238
-1
4
175.051 775.672
176.543 775.672
176.543 776.238
175.051 776.238
-1
4
100.109 804.656
100.676 804.656
100.676 849.726
100.109 849.726
-1
4
108.542 717.559
111.941 717.559
111.941 720.113
108.542 720.113
-1
4
97.77 717.559
103.441 717.559
103.441 723.23
97.77 723.23
-1
4
118.746 720.68
122.148 720.68
122.148 723.23
118.746 723.23
-1
4
188.477 717.207
192.02 717.207
192.02 720.75
188.477 720.75
-1
4
127.59 705.09
164.062 705.09
164.062 705.656
127.59 705.656
-1
4
195.566 710.121
199.109 710.121
199.109 713.664
195.566 713.664
-1
4
202.652 710.121
206.195 710.121
206.195 713.664
202.652 713.664
-1
6
131.785 729.465
142.273 729.465
142.273 720.68
139.156 720.68
139.156 723.797
131.785 723.797
-1
4
81.047 724.93
91.535 724.93
91.535 730.602
81.047 730.602
-1
4
122.996 750.442
125.551 750.442
125.551 753.844
122.996 753.844
-1
4
104.008 757.527
107.408 757.527
107.408 760.082
104.008 760.082
-1
4
31.297 745.555
34.84 745.555
34.84 749.094
31.297 749.094
-1
4
108.258 750.442
110.809 750.442
110.809 753.844
108.258 753.844
-1
4
39.941 747.381
40.508 747.381
40.508 755.629
39.941 755.629
-1
4
115.629 750.442
118.18 750.442
118.18 753.844
115.629 753.844
-1
4
183.941 750.582
197.621 750.582
197.621 751.152
183.941 751.152
-1
4
111.375 757.527
114.779 757.527
114.779 760.082
111.375 760.082
-1
4
26.039 757.672
37.109 757.672
37.109 758.238
26.039 758.238
-1
4
97.77 760.648
100.32 760.648
100.32 764.048
97.77 764.048
-1
4
104.008 764.898
107.408 764.898
107.408 767.449
104.008 767.449
-1
4
118.746 757.953
185.645 757.953
185.645 758.523
118.746 758.523
-1
4
115.629 765.182
118.18 765.182
118.18 768.582
115.629 768.582
-1
4
185.418 754.129
189.894 754.129
189.894 754.695
185.418 754.695
-1
4
119.879 760.648
122.43 760.648
122.43 764.048
119.879 764.048
-1
4
96.637 772.27
100.038 772.27
100.038 774.82
96.637 774.82
-1
4
108.542 724.93
111.941 724.93
111.941 727.48
108.542 727.48
-1
4
195.566 724.293
199.109 724.293
199.109 727.836
195.566 727.836
-1
4
115.629 728.333
118.18 728.333
118.18 731.734
115.629 731.734
-1
4
33.423 732.867
45.043 732.867
45.043 733.434
33.423 733.434
-1
4
104.008 735.418
107.408 735.418
107.408 737.969
104.008 737.969
-1
4
178.273 732.867
189.894 732.867
189.894 733.434
178.273 733.434
-1
4
115.629 735.702
118.18 735.702
118.18 739.105
115.629 739.105
-1
4
104.008 742.789
107.408 742.789
107.408 745.34
104.008 745.34
-1
4
195.566 731.379
199.109 731.379
199.109 734.922
195.566 734.922
-1
4
111.375 742.789
114.779 742.789
114.779 745.34
111.375 745.34
-1
4
97.77 745.906
100.32 745.906
100.32 749.308
97.77 749.308
-1
4
97.77 738.535
100.32 738.535
100.32 741.939
97.77 741.939
-1
4
118.746 742.789
122.148 742.789
122.148 745.34
118.746 745.34
-1
4
181.676 743.5
197.621 743.5
197.621 744.066
181.676 744.066
