-1
4
-0.123 689.326
223.443 689.326
223.443 862.014
-0.123 862.014
-1
4
56.102 848.309
59.645 848.309
59.645 851.852
56.102 851.852
-1
4
121.367 842.355
171.201 842.355
171.201 842.922
121.367 842.922
-1
4
105.141 723.797
107.691 723.797
107.691 727.199
105.141 727.199
-1
4
18.613 714.559
51.512 714.559
51.512 715.129
18.613 715.129
-1
4
115.913 717.559
119.313 717.559
119.313 720.113
115.913 720.113
-1
4
54.93 703.953
98.336 703.953
98.336 704.523
54.93 704.523
-1
4
96.637 720.68
100.038 720.68
100.038 723.23
96.637 723.23
-1
4
119.879 703.953
168.387 703.953
168.387 704.523
119.879 704.523
-1
4
167.82 715.742
197.621 715.742
197.621 716.309
167.82 716.309
-1
4
123.282 717.559
126.684 717.559
126.684 720.113
123.282 720.113
-1
4
33.423 718.695
59.484 718.695
59.484 719.262
33.423 719.262
-1
4
83.598 720.68
89.264 720.68
89.264 724.363
83.598 724.363
-1
4
163.836 718.695
189.894 718.695
189.894 719.262
163.836 719.262
-1
4
188.477 724.293
192.02 724.293
192.02 727.836
188.477 727.836
-1
4
131.785 710.191
142.273 710.191
142.273 715.859
131.785 715.859
-1
4
31.297 724.293
34.84 724.293
34.84 727.836
31.297 727.836
-1
4
24.211 724.293
27.754 724.293
27.754 727.836
24.211 727.836
-1
4
118.746 750.16
122.148 750.16
122.148 752.711
118.746 752.711
-1
4
125.323 749.023
182.242 749.023
182.242 749.594
125.323 749.594
-1
4
108.258 757.813
110.809 757.813
110.809 761.215
108.258 761.215
-1
4
38.809 757.527
105.368 757.527
105.368 758.094
38.809 758.094
-1
4
104.008 750.16
107.408 750.16
107.408 752.711
104.008 752.711
-1
4
112.512 745.906
115.063 745.906
115.063 749.308
112.512 749.308
-1
4
112.512 753.277
115.063 753.277
115.063 756.679
112.512 756.679
-1
4
100.887 765.182
103.441 765.182
103.441 768.582
100.887 768.582
-1
4
101.879 760.648
106.161 760.648
106.161 761.215
101.879 761.215
-1
4
185.078 754.129
185.645 754.129
185.645 758.181
185.078 758.181
-1
4
111.375 764.898
114.779 764.898
114.779 767.449
111.375 767.449
-1
4
118.746 758.295
119.313 758.295
119.313 762.801
118.746 762.801
-1
4
122.996 765.182
125.551 765.182
125.551 768.582
122.996 768.582
-1
4
35.406 761.215
35.973 761.215
35.973 772.836
35.406 772.836
-1
4
100.887 772.553
103.441 772.553
103.441 775.953
100.887 775.953
-1
4
112.512 723.797
115.063 723.797
115.063 727.199
112.512 727.199
-1
4
117.953 726.914
130.793 726.914
130.793 727.48
117.953 727.48
-1
4
105.141 731.168
107.691 731.168
107.691 734.568
105.141 734.568
-1
4
44.477 733.207
45.043 733.207
45.043 736.637
44.477 736.637
-1
4
112.512 731.168
115.063 731.168
115.063 734.568
112.512 734.568
-1
4
117.953 734.285
129.177 734.285
129.177 734.852
117.953 734.852
-1
4
24.211 731.379
27.754 731.379
27.754 734.922
24.211 734.922
-1
4
95.926 737.319
96.496 737.319
96.496 740.023
95.926 740.023
-1
4
101.879 738.535
106.161 738.535
106.161 739.105
101.879 739.105
-1
4
108.542 739.672
111.941 739.672
111.941 742.223
108.542 742.223
-1
4
179.406 736.41
197.621 736.41
197.621 736.977
179.406 736.977
-1
4
41.078 750.16
97.998 750.16
97.998 750.727
41.078 750.727
-1
4
33.423 739.953
42.777 739.953
42.777 740.523
33.423 740.523
-1
4
42.211 742.789
97.998 742.789
97.998 743.355
42.211 743.355
-1
4
180.543 739.953
189.894 739.953
189.894 740.523
180.543 740.523
-1
4
119.879 738.535
122.43 738.535
122.43 741.939
119.879 741.939
