-1
4
-0.123 689.326
223.443 689.326
223.443 862.014
-0.123 862.014
-1
4
61.695 775.672
63.187 775.672
63.187 776.238
61.695 776.238
-1
4
160.133 775.672
161.625 775.672
161.625 776.238
160.133 776.238
-1
4
68.219 791.602
68.785 791.602
68.785 842.015
68.219 842.015
-1
4
98.621 848.309
102.164 848.309
102.164 851.852
98.621 851.852
-1
4
188.477 699.488
213.281 699.488
213.281 706.578
188.477 706.578
-1
4
51.285 702.82
105.707 702.82
105.707 703.387
51.285 703.387
-1
4
112.512 717.559
118.18 717.559
118.18 723.23
112.512 723.23
-1
4
112.512 702.82
172.033 702.82
172.033 703.387
112.512 703.387
-1
4
181.109 703.035
181.675 703.035
181.675 706.578
181.109 706.578
-1
4
25.699 715.742
55.496 715.742
55.496 716.309
25.699 716.309
-1
4
195.566 717.207
199.109 717.207
199.109 720.75
195.566 720.75
-1
4
84.73 717.559
96.066 717.559
96.066 724.363
84.73 724.363
-1
4
127.25 716.426
138.59 716.426
138.59 723.23
127.25 723.23
-1
4
36.613 708.066
40.156 708.066
40.156 708.632
36.613 708.632
-1
4
176.078 708.066
179.621 708.066
179.621 708.632
176.078 708.632
-1
4
183.164 708.066
186.707 708.066
186.707 708.632
183.164 708.632
-1
4
105.141 724.93
110.809 724.93
110.809 730.602
105.141 730.602
-1
4
105.141 754.41
110.809 754.41
110.809 760.082
105.141 760.082
-1
4
112.512 747.039
118.18 747.039
118.18 752.711
112.512 752.711
-1
4
24.211 752.641
27.754 752.641
27.754 756.184
24.211 756.184
-1
4
97.77 761.781
103.441 761.781
103.441 767.449
97.77 767.449
-1
4
188.477 752.641
192.02 752.641
192.02 756.184
188.477 756.184
-1
4
112.512 761.781
118.18 761.781
118.18 767.449
112.512 767.449
-1
4
130.227 732.23
177.707 732.23
177.707 732.797
130.227 732.797
-1
4
31.297 731.379
34.84 731.379
34.84 734.922
31.297 734.922
-1
4
44.477 736.41
94.934 736.41
94.934 736.977
44.477 736.977
-1
4
188.477 731.379
192.02 731.379
192.02 734.922
188.477 734.922
-1
4
112.512 732.301
118.18 732.301
118.18 737.969
112.512 737.969
-1
4
129.292 735.277
178.84 735.277
178.84 735.844
129.292 735.844
-1
4
105.141 739.672
110.809 739.672
110.809 745.34
105.141 745.34
-1
4
127.676 738.324
179.973 738.324
179.973 738.891
127.676 738.891
-1
4
97.77 747.039
103.441 747.039
103.441 752.711
97.77 752.711
-1
4
31.297 738.465
34.84 738.465
34.84 742.012
31.297 742.012
-1
4
119.879 739.672
125.551 739.672
125.551 745.34
119.879 745.34
