-1
4
9.081 9.081
29.384 9.081
29.384 14.876
9.081 14.876
-1
4
17.109 10.203
22.368 10.203
22.368 10.383
17.109 10.383
-1
4
17.109 10.602
22.368 10.602
22.368 10.777
17.109 10.777
-1
4
17.109 10.996
22.368 10.996
22.368 11.176
17.109 11.176
-1
4
17.109 11.395
22.792 11.395
22.792 11.574
17.109 11.574
-1
4
17.109 11.789
22.792 11.789
22.792 11.969
17.109 11.969
-1
4
17.109 12.188
22.792 12.188
22.792 12.363
17.109 12.363
-1
4
17.109 12.582
22.368 12.582
22.368 12.762
17.109 12.762
-1
4
17.109 12.98
22.368 12.98
22.368 13.16
17.109 13.16
-1
4
17.109 13.379
22.368 13.379
22.368 13.555
17.109 13.555
-1
4
17.109 13.773
22.368 13.773
22.368 13.953
17.109 13.953
