-1
68.74
68.74
-2
4
32.3153
36.6949
36.2837
36.6949
36.2837
36.7799
32.3153
36.7799
-2
4
19.8427
36.4114
36.2837
36.4114
36.2837
36.4964
19.8427
36.4964
-2
4
22.9608
36.1279
36.2837
36.1279
36.2837
36.2129
22.9608
36.2129
-2
4
26.0789
35.8444
36.2837
35.8444
36.2837
35.9294
26.0789
35.9294
-2
4
29.1971
35.5609
36.2837
35.5609
36.2837
35.6459
29.1971
35.6459
-2
6
0
38.8634
20.6931
38.8634
20.6931
36.3689
19.8427
36.3689
19.8427
37.0775
0
37.0775
-2
6
0
26.2774
23.8112
26.2774
23.8112
36.2555
22.9608
36.2555
22.9608
28.0633
0
28.0633
-2
6
0
19.0773
26.9294
19.0773
26.9294
35.972
26.0789
35.972
26.0789
20.8632
0
20.8632
-2
6
0
11.8773
30.0475
11.8773
30.0475
35.6885
29.1971
35.6885
29.1971
13.6631
0
13.6631
-2
9
10.0631
68.7408
10.0631
67.6637
33.1657
67.6637
33.1657
67.6637
33.1657
36.6523
32.3153
36.6523
32.3153
65.8778
8.2772
65.8778
8.2772
68.7408
